Object ID: 8
Inlier ration of P_pred: 0.0
Num. of correspondences: 219
Avg. Euclidean Distance (ADD) [cm]: 18.292425769828093
Add Score thres: 0
Add Score thres (xyz direction): 0.0
Add-S Score: 0.6666666666666666
Avg. Euclidean Distance (ADD) ICP: 18.273519804487794
Add Score ICP thres: 18.273519804487794
Add Score ICP thres (xyz direction): 0.0
Add-S Score ICP: 0.6666666666666666
Error [cm]: 13.177978226059759
Error [deg]: 160.84281788601245
T_gt (Ground Truth Transformation):
[[ 7.10347235e-01  6.37444735e-01 -2.98447609e-01  3.77164673e+01]
 [ 5.64141452e-01 -7.69189775e-01 -3.00152093e-01 -3.15061707e+01]
 [-4.20893282e-01  4.48455252e-02 -9.06000793e-01  1.17349573e+02]
 [ 0.00000000e+00  0.00000000e+00  0.00000000e+00  1.00000000e+00]]
T_pred (Predicted Transformation):
[[-2.49831134e-01 -5.44887019e-01  8.00426474e-01  5.03421550e+01]
 [-9.68102444e-01  1.56805079e-01 -1.95422171e-01 -3.10716822e+01]
 [-1.90279329e-02 -8.23717369e-01 -5.66681246e-01  1.21215544e+02]
 [ 0.00000000e+00  0.00000000e+00  0.00000000e+00  1.00000000e+00]]
T_pred_ICP (Predicted Transformation from ICP):
[[-2.52240790e-01 -5.41792245e-01  8.01770383e-01  5.02999278e+01]
 [-9.67498752e-01  1.56539581e-01 -1.98598903e-01 -3.11011692e+01]
 [-1.79094542e-02 -8.25806590e-01 -5.63668988e-01  1.21242079e+02]
 [ 0.00000000e+00  0.00000000e+00  0.00000000e+00  1.00000000e+00]]
