Object ID: 6
Inlier ration of P_pred: 0.6920000314712524
Num. of correspondences: 250
Avg. Euclidean Distance (ADD) [cm]: 5.041862670201271
Add Score thres: 0
Add Score thres (xyz direction): 0.3333333333333333
Add-S Score: 1.0
Avg. Euclidean Distance (ADD) ICP: 4.94401103443711
Add Score ICP thres: 4.94401103443711
Add Score ICP thres (xyz direction): 0.3333333333333333
Add-S Score ICP: 1.0
Error [cm]: 2.7238961129608956
Error [deg]: 79.17649879281495
T_gt (Ground Truth Transformation):
[[-9.01914954e-01  2.57398576e-01  3.46837431e-01 -2.44743729e+01]
 [-1.36473989e-02  7.85638690e-01 -6.18535101e-01 -6.75700607e+00]
 [-4.31698948e-01 -5.62599242e-01 -7.05066562e-01  1.00766302e+02]
 [ 0.00000000e+00  0.00000000e+00  0.00000000e+00  1.00000000e+00]]
T_pred (Predicted Transformation):
[[-4.10250722e-01 -7.81080057e-01  4.70752896e-01 -2.22441737e+01]
 [-8.15859511e-01  8.36780529e-02 -5.72163649e-01 -4.64021876e+00]
 [ 4.07513930e-01 -6.18798778e-01 -6.71580575e-01  1.00760117e+02]
 [ 0.00000000e+00  0.00000000e+00  0.00000000e+00  1.00000000e+00]]
T_pred_ICP (Predicted Transformation from ICP):
[[-4.02606093e-01 -7.77712248e-01  4.82775303e-01 -2.22917951e+01]
 [-8.09930556e-01  5.69090213e-02 -5.83758390e-01 -5.13045051e+00]
 [ 4.26521780e-01 -6.26039154e-01 -6.52804832e-01  1.00867699e+02]
 [ 0.00000000e+00  0.00000000e+00  0.00000000e+00  1.00000000e+00]]
