Object ID: 11
Inlier ration of P_pred: 0.0
Num. of correspondences: 591
Avg. Euclidean Distance (ADD) [cm]: 10.94427079736653
Add Score thres: 0
Add Score thres (xyz direction): 0.0
Add-S Score: 1.0
Avg. Euclidean Distance (ADD) ICP: 11.010935266627245
Add Score ICP thres: 11.010935266627245
Add Score ICP thres (xyz direction): 0.0
Add-S Score ICP: 1.0
Error [cm]: 3.37839280640007
Error [deg]: 177.60963100193473
T_gt (Ground Truth Transformation):
[[ 9.29205656e-01  2.79450268e-01  2.41835490e-01 -8.17398987e+00]
 [ 3.61100018e-01 -5.47301352e-01 -7.55028486e-01 -2.36466202e+01]
 [-7.86360204e-02  7.88903534e-01 -6.09465003e-01  9.92880188e+01]
 [ 0.00000000e+00  0.00000000e+00  0.00000000e+00  1.00000000e+00]]
T_pred (Predicted Transformation):
[[  0.49543362  -0.86142205   0.11179258  -8.02964367]
 [  0.30934119   0.29522625   0.90396321 -25.96749405]
 [ -0.81169795  -0.41327171   0.41273834  96.97182955]
 [  0.           0.           0.           1.        ]]
T_pred_ICP (Predicted Transformation from ICP):
[[  0.57829375  -0.80666233   0.12195175  -8.39346935]
 [  0.30516774   0.35251577   0.88464981 -26.04480139]
 [ -0.75660359  -0.47437171   0.45002499  96.91861095]
 [  0.           0.           0.           1.        ]]
