Object ID: 11
Inlier ration of P_pred: 0.6778625845909119
Num. of correspondences: 1310
Avg. Euclidean Distance (ADD) [cm]: 3.312582767406708
Add Score thres: 0
Add Score thres (xyz direction): 0.6666666666666666
Add-S Score: 1.0
Avg. Euclidean Distance (ADD) ICP: 3.025744051551792
Add Score ICP thres: 3.025744051551792
Add Score ICP thres (xyz direction): 0.6666666666666666
Add-S Score ICP: 1.0
Error [cm]: 1.8603056419884862
Error [deg]: 58.433021884943074
T_gt (Ground Truth Transformation):
[[-7.28531647e-03  9.50200915e-01 -3.11553121e-01 -2.14375656e+01]
 [ 7.15317309e-01 -2.12761089e-01 -6.65623069e-01  3.61846657e+00]
 [-6.98761940e-01 -2.27708519e-01 -6.78145170e-01  9.55954285e+01]
 [ 0.00000000e+00  0.00000000e+00  0.00000000e+00  1.00000000e+00]]
T_pred (Predicted Transformation):
[[ 8.17811254e-01  4.93697358e-01 -2.95715525e-01 -2.14000192e+01]
 [ 3.62921397e-02 -5.57074438e-01 -8.29669182e-01  4.98188346e+00]
 [-5.74341043e-01  6.67780645e-01 -4.73499078e-01  9.41443510e+01]
 [ 0.00000000e+00  0.00000000e+00  0.00000000e+00  1.00000000e+00]]
T_pred_ICP (Predicted Transformation from ICP):
[[  0.75962273   0.58952338  -0.27465521 -21.50980988]
 [  0.13081356  -0.55217562  -0.82340142   4.86996247]
 [ -0.6370723    0.58954581  -0.49656281  94.22091915]
 [  0.           0.           0.           1.        ]]
