Object ID: 12
Inlier ration of P_pred: 0.6053215265274048
Num. of correspondences: 451
Avg. Euclidean Distance (ADD) [cm]: 1.0017286106126686
Add Score thres: 1
Add Score thres (xyz direction): 1.0
Add-S Score: 1.0
Avg. Euclidean Distance (ADD) ICP: 1.2946722855905294e-06
Add Score ICP thres: 1.2946722855905294e-06
Add Score ICP thres (xyz direction): 1.0
Add-S Score ICP: 1.0
Error [cm]: 2.3876234752307185e-07
Error [deg]: 0.0
T_gt (Ground Truth Transformation):
[[ 0.99101084  0.09460118  0.09459475 11.55614853]
 [ 0.10764897 -0.98370546 -0.14399976  7.69016953]
 [ 0.0794308   0.15288834 -0.98504645 67.40612183]
 [ 0.          0.          0.          1.        ]]
T_pred (Predicted Transformation):
[[ 9.85183443e-01  4.96023086e-02  1.64174284e-01  1.08667140e+01]
 [ 5.22341421e-02 -9.98565738e-01 -1.17499895e-02  7.86388213e+00]
 [ 1.63355988e-01  2.01513980e-02 -9.86361365e-01  6.71845176e+01]
 [ 0.00000000e+00  0.00000000e+00  0.00000000e+00  1.00000000e+00]]
T_pred_ICP (Predicted Transformation from ICP):
[[ 0.99101083  0.09460116  0.09459469 11.55614849]
 [ 0.10764893 -0.98370513 -0.14399971  7.69016946]
 [ 0.07943075  0.15288829 -0.98504615 67.40612205]
 [ 0.          0.          0.          1.        ]]
