Object ID: 8
Inlier ration of P_pred: 0.0
Num. of correspondences: 1737
Avg. Euclidean Distance (ADD) [cm]: 15.849114636957593
Add Score thres: 0
Add Score thres (xyz direction): 0.0
Add-S Score: 1.0
Avg. Euclidean Distance (ADD) ICP: 15.81184292831184
Add Score ICP thres: 15.81184292831184
Add Score ICP thres (xyz direction): 0.0
Add-S Score ICP: 1.0
Error [cm]: 1.7904991304693822
Error [deg]: 170.9875656482379
T_gt (Ground Truth Transformation):
[[ 9.68225181e-01  2.46546403e-01  4.18908112e-02  2.39985794e+01]
 [ 2.11000562e-01 -7.15467572e-01 -6.66022241e-01 -3.52600159e+01]
 [-1.34233862e-01  6.53698504e-01 -7.44755149e-01  9.32795532e+01]
 [ 0.00000000e+00  0.00000000e+00  0.00000000e+00  1.00000000e+00]]
T_pred (Predicted Transformation):
[[-8.76518795e-01  2.79892260e-01 -3.91631363e-01  2.30647115e+01]
 [-4.13841183e-01 -2.26097485e-02  9.10068280e-01 -3.51264648e+01]
 [ 2.45866381e-01  9.59765139e-01  1.35648813e-01  9.18664675e+01]
 [ 0.00000000e+00  0.00000000e+00  0.00000000e+00  1.00000000e+00]]
T_pred_ICP (Predicted Transformation from ICP):
[[-8.69534396e-01  2.78145741e-01 -4.08099107e-01  2.29515682e+01]
 [-4.28931041e-01 -1.57293988e-02  9.03200281e-01 -3.52360112e+01]
 [ 2.44802158e-01  9.60410086e-01  1.32982595e-01  9.18272865e+01]
 [ 0.00000000e+00  0.00000000e+00  0.00000000e+00  1.00000000e+00]]
