Object ID: 5
Inlier ration of P_pred: 0.4736842215061188
Num. of correspondences: 76
Avg. Euclidean Distance (ADD) [cm]: 1.7483620616532105
Add Score thres: 1
Add Score thres (xyz direction): 1.0
Add-S Score: 1.0
Avg. Euclidean Distance (ADD) ICP: 1.4305737457445915
Add Score ICP thres: 1.4305737457445915
Add Score ICP thres (xyz direction): 1.0
Add-S Score ICP: 1.0
Error [cm]: 1.5383219414668816
Error [deg]: 7.474954064090009
T_gt (Ground Truth Transformation):
[[ 8.73285711e-01  3.39373708e-01 -3.49567771e-01  2.01645706e+01]
 [-3.59336734e-02 -6.70672238e-01 -7.40883112e-01 -1.99902344e+01]
 [-4.85881567e-01  6.59563839e-01 -5.73493540e-01  1.40965991e+02]
 [ 0.00000000e+00  0.00000000e+00  0.00000000e+00  1.00000000e+00]]
T_pred (Predicted Transformation):
[[ 9.24438062e-01  2.21797184e-01 -3.10193938e-01  2.17656873e+01]
 [-7.67220423e-02 -6.88634008e-01 -7.21038786e-01 -2.01746956e+01]
 [-3.73534467e-01  6.90354410e-01 -6.19582755e-01  1.40098288e+02]
 [ 0.00000000e+00  0.00000000e+00  0.00000000e+00  1.00000000e+00]]
T_pred_ICP (Predicted Transformation from ICP):
[[ 9.27422163e-01  2.41265339e-01 -2.85795676e-01  2.15308593e+01]
 [-5.81151512e-02 -6.61889027e-01 -7.47345666e-01 -2.00354506e+01]
 [-3.69473628e-01  7.09713993e-01 -5.99829381e-01  1.40260552e+02]
 [ 0.00000000e+00  0.00000000e+00  0.00000000e+00  1.00000000e+00]]
