Object ID: 11
Inlier ration of P_pred: 0.0
Num. of correspondences: 1050
Avg. Euclidean Distance (ADD) [cm]: 9.13386634878512
Add Score thres: 0
Add Score thres (xyz direction): 0.0
Add-S Score: 0.6666666666666666
Avg. Euclidean Distance (ADD) ICP: 9.2164604714512
Add Score ICP thres: 9.2164604714512
Add Score ICP thres (xyz direction): 0.0
Add-S Score ICP: 0.6666666666666666
Error [cm]: 5.479586686868761
Error [deg]: 123.26192407575327
T_gt (Ground Truth Transformation):
[[ 6.04781091e-01 -7.59311378e-01  2.40179196e-01  1.67232239e+01]
 [-6.48508891e-02 -3.47537518e-01 -9.35420752e-01  3.40557899e+00]
 [ 7.93746889e-01  5.50148964e-01 -2.59426147e-01  1.52694666e+02]
 [ 0.00000000e+00  0.00000000e+00  0.00000000e+00  1.00000000e+00]]
T_pred (Predicted Transformation):
[[ 5.25612755e-01 -4.37473249e-01  7.29622086e-01  2.19218065e+01]
 [-8.41378573e-01 -1.40545434e-01  5.21851586e-01  4.71433284e+00]
 [-1.25751057e-01 -8.88180239e-01 -4.41953091e-01  1.51768938e+02]
 [ 0.00000000e+00  0.00000000e+00  0.00000000e+00  1.00000000e+00]]
T_pred_ICP (Predicted Transformation from ICP):
[[ 5.05805628e-01 -4.87553450e-01  7.11654621e-01  2.19572064e+01]
 [-8.38237824e-01 -8.29243176e-02  5.38962807e-01  4.67956480e+00]
 [-2.03759702e-01 -8.69146243e-01 -4.50629330e-01  1.51690545e+02]
 [ 0.00000000e+00  0.00000000e+00  0.00000000e+00  1.00000000e+00]]
