Object ID: 11
Inlier ration of P_pred: 0.0
Num. of correspondences: 454
Avg. Euclidean Distance (ADD) [cm]: 9.998856238400572
Add Score thres: 0
Add Score thres (xyz direction): 0.0
Add-S Score: 1.0
Avg. Euclidean Distance (ADD) ICP: 10.117458950209045
Add Score ICP thres: 10.117458950209045
Add Score ICP thres (xyz direction): 0.0
Add-S Score ICP: 1.0
Error [cm]: 4.2017599183036864
Error [deg]: 158.27444597049634
T_gt (Ground Truth Transformation):
[[-4.10475582e-01 -9.04937327e-01  1.12243652e-01  8.59594498e+00]
 [-8.78050506e-01  3.59032154e-01 -3.16422850e-01 -1.09736481e+01]
 [ 2.46043697e-01 -2.28439361e-01 -9.41954613e-01  1.15831360e+02]
 [ 0.00000000e+00  0.00000000e+00  0.00000000e+00  1.00000000e+00]]
T_pred (Predicted Transformation):
[[-3.35784311e-01 -5.95087485e-01  7.30150520e-01  7.63145092e+00]
 [ 8.65345259e-01  1.11291757e-01  4.88663205e-01 -1.29981123e+01]
 [-3.72057092e-01  7.95917728e-01  4.77586107e-01  1.12393494e+02]
 [ 0.00000000e+00  0.00000000e+00  0.00000000e+00  1.00000000e+00]]
T_pred_ICP (Predicted Transformation from ICP):
[[-3.44041769e-01 -6.15165591e-01  7.09370536e-01  7.60132725e+00]
 [ 8.69249402e-01  7.69842269e-02  4.88343020e-01 -1.30049861e+01]
 [-3.55022165e-01  7.84630311e-01  5.08246532e-01  1.12290288e+02]
 [ 0.00000000e+00  0.00000000e+00  0.00000000e+00  1.00000000e+00]]
