Object ID: 8
Inlier ration of P_pred: 0.007977208122611046
Num. of correspondences: 1755
Avg. Euclidean Distance (ADD) [cm]: 4.1853146664385745
Add Score thres: 0
Add Score thres (xyz direction): 0.6666666666666666
Add-S Score: 1.0
Avg. Euclidean Distance (ADD) ICP: 4.104002831340992
Add Score ICP thres: 4.104002831340992
Add Score ICP thres (xyz direction): 0.6666666666666666
Add-S Score ICP: 1.0
Error [cm]: 2.8114224813174427
Error [deg]: 24.878828052707252
T_gt (Ground Truth Transformation):
[[-6.24474406e-01  7.34434307e-01 -2.65777916e-01  3.64703827e+01]
 [ 7.78451025e-01  5.57545424e-01 -2.88369685e-01  2.34500778e+01]
 [-6.36053458e-02 -3.86974603e-01 -9.19894040e-01  7.22494202e+01]
 [ 0.00000000e+00  0.00000000e+00  0.00000000e+00  1.00000000e+00]]
T_pred (Predicted Transformation):
[[-2.73132541e-01  8.29702490e-01 -4.86818645e-01  3.43792590e+01]
 [ 9.61634715e-01  2.48979563e-01 -1.15186160e-01  2.52336674e+01]
 [ 2.56376501e-02 -4.99602798e-01 -8.65875138e-01  7.12850324e+01]
 [ 0.00000000e+00  0.00000000e+00  0.00000000e+00  1.00000000e+00]]
T_pred_ICP (Predicted Transformation from ICP):
[[-2.67932842e-01  8.31378105e-01 -4.86849504e-01  3.44485097e+01]
 [ 9.63276483e-01  2.40409244e-01 -1.19590188e-01  2.52109030e+01]
 [ 1.76184572e-02 -5.01012817e-01 -8.65260509e-01  7.14034766e+01]
 [ 0.00000000e+00  0.00000000e+00  0.00000000e+00  1.00000000e+00]]
