Object ID: 8
Inlier ration of P_pred: 0.3388786017894745
Num. of correspondences: 1623
Avg. Euclidean Distance (ADD) [cm]: 11.394749202713243
Add Score thres: 0
Add Score thres (xyz direction): 0.0
Add-S Score: 1.0
Avg. Euclidean Distance (ADD) ICP: 11.459724509849837
Add Score ICP thres: 11.459724509849837
Add Score ICP thres (xyz direction): 0.0
Add-S Score ICP: 1.0
Error [cm]: 8.428144008032941
Error [deg]: 114.6100251741016
T_gt (Ground Truth Transformation):
[[ 4.37751561e-01  8.98035407e-01  4.36581150e-02 -1.32903564e+01]
 [ 8.94644856e-01 -4.30244863e-01 -1.20416127e-01  9.97197800e+00]
 [-8.93542618e-02  9.17708576e-02 -9.91763115e-01  6.48621277e+01]
 [ 0.00000000e+00  0.00000000e+00  0.00000000e+00  1.00000000e+00]]
T_pred (Predicted Transformation):
[[  0.60043523  -0.60094914   0.52757716 -19.74924837]
 [ -0.64179924  -0.75570875  -0.13037647   4.59260785]
 [  0.47704431  -0.26031599  -0.83944286  66.10685383]
 [  0.           0.           0.           1.        ]]
T_pred_ICP (Predicted Transformation from ICP):
[[  0.55474977  -0.64480819   0.525809   -19.7754446 ]
 [ -0.67942406  -0.71585452  -0.16104426   4.73208205]
 [  0.48024541  -0.26790802  -0.83521832  66.09530797]
 [  0.           0.           0.           1.        ]]
