Object ID: 12
Inlier ration of P_pred: 0.6071428656578064
Num. of correspondences: 28
Avg. Euclidean Distance (ADD) [cm]: 4.622421882332224
Add Score thres: 0
Add Score thres (xyz direction): 0.0
Add-S Score: 1.0
Avg. Euclidean Distance (ADD) ICP: 4.621665095742864
Add Score ICP thres: 4.621665095742864
Add Score ICP thres (xyz direction): 0.0
Add-S Score ICP: 1.0
Error [cm]: 1.20847941409323
Error [deg]: 58.482155066062205
T_gt (Ground Truth Transformation):
[[-5.88413954e-01  8.04533362e-01  8.05955380e-02  1.03732216e+01]
 [ 7.80853510e-01  5.91290653e-01 -2.01601774e-01 -7.32155609e+00]
 [-2.09850714e-01 -5.56919537e-02 -9.76146340e-01  1.38573486e+02]
 [ 0.00000000e+00  0.00000000e+00  0.00000000e+00  1.00000000e+00]]
T_pred (Predicted Transformation):
[[-9.88867674e-01 -1.17402390e-03 -1.48792963e-01  1.05717925e+01]
 [ 8.16706081e-02  8.31598968e-01 -5.49338755e-01 -6.32685537e+00]
 [ 1.24381012e-01 -5.55375348e-01 -8.22245454e-01  1.37937591e+02]
 [ 0.00000000e+00  0.00000000e+00  0.00000000e+00  1.00000000e+00]]
T_pred_ICP (Predicted Transformation from ICP):
[[-9.89675794e-01  2.00910339e-03 -1.43310108e-01  1.05915455e+01]
 [ 8.17808925e-02  8.29062949e-01 -5.53142398e-01 -6.31402437e+00]
 [ 1.17701780e-01 -5.59151670e-01 -8.20667838e-01  1.37942902e+02]
 [ 0.00000000e+00  0.00000000e+00  0.00000000e+00  1.00000000e+00]]
