Object ID: 8
Inlier ration of P_pred: 0.3648169934749603
Num. of correspondences: 847
Avg. Euclidean Distance (ADD) [cm]: 10.595136439539237
Add Score thres: 0
Add Score thres (xyz direction): 0.0
Add-S Score: 1.0
Avg. Euclidean Distance (ADD) ICP: 10.670962533756562
Add Score ICP thres: 10.670962533756562
Add Score ICP thres (xyz direction): 0.0
Add-S Score ICP: 1.0
Error [cm]: 8.237735013284828
Error [deg]: 147.7281708339979
T_gt (Ground Truth Transformation):
[[ 2.08274931e-01 -9.74616706e-01 -8.21218789e-02 -7.08403778e+00]
 [-6.44426167e-01 -7.35813305e-02 -7.61118233e-01  2.83003845e+00]
 [ 7.35755861e-01  2.11443424e-01 -6.43393755e-01  1.35445117e+02]
 [ 0.00000000e+00  0.00000000e+00  0.00000000e+00  1.00000000e+00]]
T_pred (Predicted Transformation):
[[ 3.45295375e-01  9.33126544e-01 -1.00229521e-01 -6.48541027e+00]
 [ 3.33331693e-01 -2.21774520e-01 -9.16354759e-01  7.37670869e+00]
 [-8.77303303e-01  2.83003384e-01 -3.87618367e-01  1.28762317e+02]
 [ 0.00000000e+00  0.00000000e+00  0.00000000e+00  1.00000000e+00]]
T_pred_ICP (Predicted Transformation from ICP):
[[ 3.25894219e-01  9.41137806e-01 -8.97362124e-02 -6.57595687e+00]
 [ 3.44113148e-01 -2.06492102e-01 -9.15940584e-01  7.48426321e+00]
 [-8.80556131e-01  2.67620331e-01 -3.91152475e-01  1.28667188e+02]
 [ 0.00000000e+00  0.00000000e+00  0.00000000e+00  1.00000000e+00]]
