Object ID: 5
Inlier ration of P_pred: 0.447524756193161
Num. of correspondences: 505
Avg. Euclidean Distance (ADD) [cm]: 5.667618323185924
Add Score thres: 0
Add Score thres (xyz direction): 0.0
Add-S Score: 1.0
Avg. Euclidean Distance (ADD) ICP: 5.703862013460207
Add Score ICP thres: 5.703862013460207
Add Score ICP thres (xyz direction): 0.0
Add-S Score ICP: 1.0
Error [cm]: 3.19039272243724
Error [deg]: 50.23948836219936
T_gt (Ground Truth Transformation):
[[-9.82665002e-01 -1.43817887e-01  1.16987266e-01  2.41002121e+01]
 [-1.63869336e-01  3.78715575e-01 -9.10890400e-01  2.22817345e+00]
 [ 8.66974369e-02 -9.14270699e-01 -3.95717919e-01  1.45323181e+02]
 [ 0.00000000e+00  0.00000000e+00  0.00000000e+00  1.00000000e+00]]
T_pred (Predicted Transformation):
[[-5.66516943e-01 -8.08516973e-01  1.59244650e-01  2.46291444e+01]
 [-6.95472066e-01  3.65453787e-01 -6.18677732e-01  1.26397188e-01]
 [ 4.42014886e-01 -4.61241623e-01 -7.69336731e-01  1.47565299e+02]
 [ 0.00000000e+00  0.00000000e+00  0.00000000e+00  1.00000000e+00]]
T_pred_ICP (Predicted Transformation from ICP):
[[-5.72977208e-01 -8.02405804e-01  1.66859354e-01  2.46937731e+01]
 [-6.99340722e-01  3.72524066e-01 -6.10039651e-01  9.75654577e-02]
 [ 4.27340232e-01 -4.66230357e-01 -7.74602854e-01  1.47622486e+02]
 [ 0.00000000e+00  0.00000000e+00  0.00000000e+00  1.00000000e+00]]
