Object ID: 8
Inlier ration of P_pred: 0.02777777798473835
Num. of correspondences: 324
Avg. Euclidean Distance (ADD) [cm]: 9.35049055231812
Add Score thres: 0
Add Score thres (xyz direction): 0.0
Add-S Score: 1.0
Avg. Euclidean Distance (ADD) ICP: 9.390057732496434
Add Score ICP thres: 9.390057732496434
Add Score ICP thres (xyz direction): 0.0
Add-S Score ICP: 1.0
Error [cm]: 4.556605618064431
Error [deg]: 103.49134969378566
T_gt (Ground Truth Transformation):
[[ 9.94045854e-01 -1.08474784e-01 -1.02959117e-02 -9.36034698e+00]
 [-9.45117250e-02 -8.11334968e-01 -5.76891184e-01 -1.79908066e+01]
 [ 5.42247072e-02  5.74429393e-01 -8.16756368e-01  6.28199219e+01]
 [ 0.00000000e+00  0.00000000e+00  0.00000000e+00  1.00000000e+00]]
T_pred (Predicted Transformation):
[[-3.07907866e-01 -9.50576540e-01  3.99623139e-02 -1.04152831e+01]
 [-6.73179241e-01  1.87987719e-01 -7.15185519e-01 -1.36583627e+01]
 [ 6.72326152e-01 -2.47113047e-01 -6.97791292e-01  6.17429005e+01]
 [ 0.00000000e+00  0.00000000e+00  0.00000000e+00  1.00000000e+00]]
T_pred_ICP (Predicted Transformation from ICP):
[[-3.33569123e-01 -9.41965416e-01  3.78522839e-02 -1.04385907e+01]
 [-6.75867486e-01  2.10960793e-01 -7.06186013e-01 -1.36675563e+01]
 [ 6.57217454e-01 -2.61144977e-01 -7.07013805e-01  6.18662175e+01]
 [ 0.00000000e+00  0.00000000e+00  0.00000000e+00  1.00000000e+00]]
