Object ID: 11
Inlier ration of P_pred: 0.03095238283276558
Num. of correspondences: 420
Avg. Euclidean Distance (ADD) [cm]: 5.272367076709662
Add Score thres: 0
Add Score thres (xyz direction): 0.3333333333333333
Add-S Score: 1.0
Avg. Euclidean Distance (ADD) ICP: 5.254608173042249
Add Score ICP thres: 5.254608173042249
Add Score ICP thres (xyz direction): 0.3333333333333333
Add-S Score ICP: 1.0
Error [cm]: 0.2386636187820447
Error [deg]: 175.53605594255535
T_gt (Ground Truth Transformation):
[[  0.84350497   0.42197984  -0.33231372  14.24651642]
 [  0.22426625  -0.83887643  -0.49597484  11.56530762]
 [ -0.48806152   0.3438305   -0.80223227 119.47475586]
 [  0.           0.           0.           1.        ]]
T_pred (Predicted Transformation):
[[-9.05122745e-01 -9.04579758e-02 -4.15415660e-01  1.45923009e+01]
 [-1.16189981e-01  9.92536435e-01  3.70312408e-02  1.12873936e+01]
 [ 4.08965407e-01  8.17849558e-02 -9.08877614e-01  1.19723395e+02]
 [ 0.00000000e+00  0.00000000e+00  0.00000000e+00  1.00000000e+00]]
T_pred_ICP (Predicted Transformation from ICP):
[[-8.62840101e-01 -1.17409585e-01 -4.91652265e-01  1.43621055e+01]
 [-1.48746311e-01  9.88560014e-01  2.49726529e-02  1.13984267e+01]
 [ 4.83095741e-01  9.46788670e-02 -8.70433465e-01  1.19600256e+02]
 [ 0.00000000e+00  0.00000000e+00  0.00000000e+00  1.00000000e+00]]
