Object ID: 5
Inlier ration of P_pred: 0.2844827473163605
Num. of correspondences: 232
Avg. Euclidean Distance (ADD) [cm]: 9.895559596440679
Add Score thres: 0
Add Score thres (xyz direction): 0.0
Add-S Score: 1.0
Avg. Euclidean Distance (ADD) ICP: 9.896668209131532
Add Score ICP thres: 9.896668209131532
Add Score ICP thres (xyz direction): 0.0
Add-S Score ICP: 1.0
Error [cm]: 2.6808614046359422
Error [deg]: 166.91802136381006
T_gt (Ground Truth Transformation):
[[ -0.73237658  -0.64528966   0.21731631  11.36295624]
 [ -0.63001782   0.52114767  -0.57574546   5.95031815]
 [  0.25826859  -0.55857545  -0.78822035 125.55317383]
 [  0.           0.           0.           1.        ]]
T_pred (Predicted Transformation):
[[ 8.57284748e-01  4.68138256e-01  2.14264868e-01  9.10040845e+00]
 [ 5.09035592e-01 -7.08392774e-01 -4.88940123e-01  7.01961074e+00]
 [-7.71078930e-02  5.28229354e-01 -8.45593355e-01  1.24305817e+02]
 [ 0.00000000e+00  0.00000000e+00  0.00000000e+00  1.00000000e+00]]
T_pred_ICP (Predicted Transformation from ICP):
[[ 8.50006471e-01  4.82194700e-01  2.12078456e-01  9.15983773e+00]
 [ 5.19266878e-01 -6.99270634e-01 -4.91306919e-01  6.98574582e+00]
 [-8.86053561e-02  5.27739378e-01 -8.44772300e-01  1.24430153e+02]
 [ 0.00000000e+00  0.00000000e+00  0.00000000e+00  1.00000000e+00]]
