Object ID: 11
Inlier ration of P_pred: 0.0
Num. of correspondences: 147
Avg. Euclidean Distance (ADD) [cm]: 5.644161015213006
Add Score thres: 0
Add Score thres (xyz direction): 0.0
Add-S Score: 1.0
Avg. Euclidean Distance (ADD) ICP: 5.596475255783473
Add Score ICP thres: 5.596475255783473
Add Score ICP thres (xyz direction): 0.0
Add-S Score ICP: 1.0
Error [cm]: 1.7043193377784864
Error [deg]: 90.16611788868921
T_gt (Ground Truth Transformation):
[[-3.76863703e-02  9.98601258e-01 -3.70876640e-02 -2.12043716e+01]
 [ 9.82491791e-01  3.02506592e-02 -1.83834031e-01  1.81428490e+00]
 [-1.82454944e-01 -4.33663391e-02 -9.82257605e-01  1.32116101e+02]
 [ 0.00000000e+00  0.00000000e+00  0.00000000e+00  1.00000000e+00]]
T_pred (Predicted Transformation):
[[ 4.96238951e-01  2.41332582e-01 -8.33969717e-01 -2.07565639e+01]
 [ 9.56880991e-02 -9.69939879e-01 -2.23741857e-01  3.24640444e+00]
 [-8.62896686e-01  3.12284476e-02 -5.04414604e-01  1.31151731e+02]
 [ 0.00000000e+00  0.00000000e+00  0.00000000e+00  1.00000000e+00]]
T_pred_ICP (Predicted Transformation from ICP):
[[ 5.09190659e-01  2.22556423e-01 -8.31380485e-01 -2.07514465e+01]
 [ 9.14220291e-02 -9.74508523e-01 -2.04878381e-01  3.18442216e+00]
 [-8.55784368e-01  2.83156671e-02 -5.16557197e-01  1.31209301e+02]
 [ 0.00000000e+00  0.00000000e+00  0.00000000e+00  1.00000000e+00]]
