Object ID: 8
Inlier ration of P_pred: 0.0
Num. of correspondences: 396
Avg. Euclidean Distance (ADD) [cm]: 16.19113649512097
Add Score thres: 0
Add Score thres (xyz direction): 0.0
Add-S Score: 0.3333333333333333
Avg. Euclidean Distance (ADD) ICP: 16.227925315273655
Add Score ICP thres: 16.227925315273655
Add Score ICP thres (xyz direction): 0.0
Add-S Score ICP: 0.3333333333333333
Error [cm]: 13.659092428468997
Error [deg]: 160.1567358380258
T_gt (Ground Truth Transformation):
[[-9.84701216e-01 -1.66880697e-01 -5.01499288e-02 -6.22321367e-01]
 [-1.49748757e-01  9.57588792e-01 -2.46168762e-01 -1.65890259e+01]
 [ 8.91038179e-02 -2.34892711e-01 -9.67929006e-01  1.00438104e+02]
 [ 0.00000000e+00  0.00000000e+00  0.00000000e+00  1.00000000e+00]]
T_pred (Predicted Transformation):
[[-7.07788753e-01 -5.96108675e-01  3.79064016e-01 -1.89558120e+00]
 [ 7.02780613e-01 -5.39750707e-01  4.63431315e-01 -2.31886954e+01]
 [-7.16553566e-02  5.94410315e-01  8.00963100e-01  8.85884572e+01]
 [ 0.00000000e+00  0.00000000e+00  0.00000000e+00  1.00000000e+00]]
T_pred_ICP (Predicted Transformation from ICP):
[[-7.00721668e-01 -5.99463752e-01  3.86823414e-01 -2.00987558e+00]
 [ 7.10229171e-01 -5.34795449e-01  4.57786361e-01 -2.31677774e+01]
 [-6.75549284e-02  5.95514095e-01  8.00499403e-01  8.85483807e+01]
 [ 0.00000000e+00  0.00000000e+00  0.00000000e+00  1.00000000e+00]]
