Object ID: 12
Inlier ration of P_pred: 0.3035714328289032
Num. of correspondences: 168
Avg. Euclidean Distance (ADD) [cm]: 5.760244948181156
Add Score thres: 0
Add Score thres (xyz direction): 0.3333333333333333
Add-S Score: 1.0
Avg. Euclidean Distance (ADD) ICP: 5.654921466097312
Add Score ICP thres: 5.654921466097312
Add Score ICP thres (xyz direction): 0.3333333333333333
Add-S Score ICP: 1.0
Error [cm]: 2.8572005367386746
Error [deg]: 85.22448620316973
T_gt (Ground Truth Transformation):
[[-5.38463056e-01 -8.36899281e-01  9.82731804e-02 -1.57448380e+01]
 [-4.89764094e-01  2.15926737e-01 -8.44693482e-01 -1.33897152e+00]
 [ 6.85703397e-01 -5.02966702e-01 -5.26151896e-01  1.40071985e+02]
 [ 0.00000000e+00  0.00000000e+00  0.00000000e+00  1.00000000e+00]]
T_pred (Predicted Transformation):
[[-7.07781074e-01  4.37294916e-01  5.54814480e-01 -1.86440736e+01]
 [-5.67974817e-01  1.14743177e-01 -8.15008350e-01 -2.38661042e-01]
 [-4.20060184e-01 -8.91968138e-01  1.67159451e-01  1.40254731e+02]
 [ 0.00000000e+00  0.00000000e+00  0.00000000e+00  1.00000000e+00]]
T_pred_ICP (Predicted Transformation from ICP):
[[-6.90429131e-01  4.14107005e-01  5.93146697e-01 -1.84160746e+01]
 [-5.86053903e-01  1.60489330e-01 -7.94219112e-01 -3.37315109e-01]
 [-4.24085413e-01 -8.95967948e-01  1.31882518e-01  1.40229382e+02]
 [ 0.00000000e+00  0.00000000e+00  0.00000000e+00  1.00000000e+00]]
