Object ID: 11
Inlier ration of P_pred: 0.0
Num. of correspondences: 1918
Avg. Euclidean Distance (ADD) [cm]: 9.577029750914791
Add Score thres: 0
Add Score thres (xyz direction): 0.0
Add-S Score: 1.0
Avg. Euclidean Distance (ADD) ICP: 9.59680192355626
Add Score ICP thres: 9.59680192355626
Add Score ICP thres (xyz direction): 0.0
Add-S Score ICP: 1.0
Error [cm]: 1.607591744033899
Error [deg]: 169.6867257362421
T_gt (Ground Truth Transformation):
[[-0.56397206 -0.62691748 -0.5375036   0.59473281]
 [-0.08123721  0.68985504 -0.71937513  8.05406647]
 [ 0.82178843 -0.3620421  -0.43998799 44.69396362]
 [ 0.          0.          0.          1.        ]]
T_pred (Predicted Transformation):
[[ 4.12307401e-02 -9.97385094e-01  5.93548703e-02  3.72893745e-01]
 [ 9.14668117e-02  6.29237287e-02  9.93818105e-01  6.70727653e+00]
 [-9.94954194e-01 -3.55468553e-02  9.38220265e-02  4.38472581e+01]
 [ 0.00000000e+00  0.00000000e+00  0.00000000e+00  1.00000000e+00]]
T_pred_ICP (Predicted Transformation from ICP):
[[ 0.05737501 -0.99673694  0.05677663  0.34471259]
 [ 0.1209775   0.06339252  0.99062901  6.76100351]
 [-0.99099574 -0.04996866  0.12421989 43.77210176]
 [ 0.          0.          0.          1.        ]]
