Object ID: 6
Inlier ration of P_pred: 0.040816325694322586
Num. of correspondences: 196
Avg. Euclidean Distance (ADD) [cm]: 6.814686854945708
Add Score thres: 0
Add Score thres (xyz direction): 0.0
Add-S Score: 1.0
Avg. Euclidean Distance (ADD) ICP: 6.888961457357059
Add Score ICP thres: 6.888961457357059
Add Score ICP thres (xyz direction): 0.0
Add-S Score ICP: 1.0
Error [cm]: 2.955724927926411
Error [deg]: 118.29764688752842
T_gt (Ground Truth Transformation):
[[ 9.82995629e-01  6.55467734e-02  1.71531960e-01  1.02767029e+01]
 [ 1.19884029e-01 -9.36655223e-01 -3.29097658e-01 -1.09590424e+01]
 [ 1.39094979e-01  3.44065517e-01 -9.28586006e-01  1.41009656e+02]
 [ 0.00000000e+00  0.00000000e+00  0.00000000e+00  1.00000000e+00]]
T_pred (Predicted Transformation):
[[-1.72231638e-01  8.62456909e-01  4.75924725e-01  7.65185743e+00]
 [ 3.66910991e-01  5.04546167e-01 -7.81543019e-01 -1.20103995e+01]
 [-9.14173172e-01  4.00155784e-02 -4.03343731e-01  1.41300591e+02]
 [ 0.00000000e+00  0.00000000e+00  0.00000000e+00  1.00000000e+00]]
T_pred_ICP (Predicted Transformation from ICP):
[[-1.63042946e-01  8.57371353e-01  4.88191931e-01  7.55852587e+00]
 [ 3.59321555e-01  5.12431318e-01 -7.79937282e-01 -1.20827249e+01]
 [-9.18860717e-01  4.82546120e-02 -3.91620320e-01  1.41301479e+02]
 [ 0.00000000e+00  0.00000000e+00  0.00000000e+00  1.00000000e+00]]
