Object ID: 11
Inlier ration of P_pred: 0.3777378797531128
Num. of correspondences: 2785
Avg. Euclidean Distance (ADD) [cm]: 3.8269994597805645
Add Score thres: 0
Add Score thres (xyz direction): 0.3333333333333333
Add-S Score: 1.0
Avg. Euclidean Distance (ADD) ICP: 3.8677639071020002
Add Score ICP thres: 3.8677639071020002
Add Score ICP thres (xyz direction): 0.3333333333333333
Add-S Score ICP: 1.0
Error [cm]: 0.19133586408152903
Error [deg]: 106.31888353023113
T_gt (Ground Truth Transformation):
[[-9.94338632e-01  4.64470945e-02 -9.55710635e-02  1.93205322e+01]
 [ 1.03456937e-01  6.28384829e-01 -7.70992339e-01  3.51753922e+00]
 [ 2.42450628e-02 -7.76514769e-01 -6.29632711e-01  5.43135132e+01]
 [ 0.00000000e+00  0.00000000e+00  0.00000000e+00  1.00000000e+00]]
T_pred (Predicted Transformation):
[[ 2.01625509e-01 -9.71774539e-01 -1.22480201e-01  1.95062661e+01]
 [-6.61674921e-01 -4.29386867e-02 -7.48560331e-01  3.57097542e+00]
 [ 7.22172731e-01  2.31970935e-01 -6.51656375e-01  5.43095929e+01]
 [ 0.00000000e+00  0.00000000e+00  0.00000000e+00  1.00000000e+00]]
T_pred_ICP (Predicted Transformation from ICP):
[[ 0.23183177 -0.9657764  -0.11631845 19.50927117]
 [-0.65242966 -0.06568163 -0.75499765  3.53154698]
 [ 0.72151893  0.25092205 -0.64532826 54.28539192]
 [ 0.          0.          0.          1.        ]]
