Object ID: 5
Inlier ration of P_pred: 0.009118541143834591
Num. of correspondences: 329
Avg. Euclidean Distance (ADD) [cm]: 8.935741275253154
Add Score thres: 0
Add Score thres (xyz direction): 0.0
Add-S Score: 1.0
Avg. Euclidean Distance (ADD) ICP: 8.906314119193135
Add Score ICP thres: 8.906314119193135
Add Score ICP thres (xyz direction): 0.0
Add-S Score ICP: 1.0
Error [cm]: 7.0364324703649235
Error [deg]: 50.7303400002984
T_gt (Ground Truth Transformation):
[[-7.39148557e-01 -2.11706847e-01  6.39405549e-01  7.03112488e+00]
 [-6.73510671e-01  2.41511986e-01 -6.98609471e-01  6.58216248e+00]
 [-6.52364781e-03 -9.47022736e-01 -3.21099997e-01  7.04247498e+01]
 [ 0.00000000e+00  0.00000000e+00  0.00000000e+00  1.00000000e+00]]
T_pred (Predicted Transformation):
[[-7.96036208e-01  2.99627284e-01  5.25880068e-01  5.31240432e+00]
 [-6.04804942e-01 -4.27063812e-01 -6.72181138e-01  8.36113655e+00]
 [ 2.31805378e-02 -8.53135389e-01  5.21174320e-01  6.37679696e+01]
 [ 0.00000000e+00  0.00000000e+00  0.00000000e+00  1.00000000e+00]]
T_pred_ICP (Predicted Transformation from ICP):
[[-7.91306275e-01  3.32606000e-01  5.13037647e-01  5.40007513e+00]
 [-6.11201746e-01 -4.07892201e-01 -6.78274559e-01  8.41643657e+00]
 [-1.63341336e-02 -8.50292421e-01  5.26057026e-01  6.38303205e+01]
 [ 0.00000000e+00  0.00000000e+00  0.00000000e+00  1.00000000e+00]]
