Object ID: 11
Inlier ration of P_pred: 0.14150942862033844
Num. of correspondences: 742
Avg. Euclidean Distance (ADD) [cm]: 7.6116124279931485
Add Score thres: 0
Add Score thres (xyz direction): 0.0
Add-S Score: 0.6666666666666666
Avg. Euclidean Distance (ADD) ICP: 7.246795091432649
Add Score ICP thres: 7.246795091432649
Add Score ICP thres (xyz direction): 0.3333333333333333
Add-S Score ICP: 0.6666666666666666
Error [cm]: 5.273239946535401
Error [deg]: 95.27056869752818
T_gt (Ground Truth Transformation):
[[ 6.77417994e-01 -7.29490697e-01  9.45952833e-02  2.48618118e+01]
 [-7.15759158e-01 -6.83339715e-01 -1.43999800e-01 -1.08594826e+01]
 [ 1.69687212e-01  2.98406258e-02 -9.85046268e-01  6.72325073e+01]
 [ 0.00000000e+00  0.00000000e+00  0.00000000e+00  1.00000000e+00]]
T_pred (Predicted Transformation):
[[ -0.29580614  -0.74010541   0.60393932  19.93427679]
 [ -0.75317815   0.56957824   0.32909468 -13.34402237]
 [ -0.58755545  -0.35752567  -0.72591596  66.38500773]
 [  0.           0.           0.           1.        ]]
T_pred_ICP (Predicted Transformation from ICP):
[[ -0.48548371  -0.63330977   0.60268093  19.94184441]
 [ -0.67502993   0.70962131   0.20192123 -12.6758383 ]
 [ -0.55555393  -0.3087982   -0.77201263  66.68311489]
 [  0.           0.           0.           1.        ]]
