Object ID: 11
Inlier ration of P_pred: 0.1595744639635086
Num. of correspondences: 94
Avg. Euclidean Distance (ADD) [cm]: 3.2531584492890735
Add Score thres: 0
Add Score thres (xyz direction): 0.3333333333333333
Add-S Score: 1.0
Avg. Euclidean Distance (ADD) ICP: 3.0203546548966886
Add Score ICP thres: 3.0203546548966886
Add Score ICP thres (xyz direction): 0.6666666666666666
Add-S Score ICP: 1.0
Error [cm]: 1.8152592620773653
Error [deg]: 58.423005261486175
T_gt (Ground Truth Transformation):
[[-9.02299166e-01 -7.79058635e-02 -4.24014091e-01 -3.53259544e+00]
 [ 2.22253725e-01  7.58700550e-01 -6.12353563e-01 -1.81270462e+01]
 [ 3.69405657e-01 -6.46764457e-01 -6.67260170e-01  1.27955444e+02]
 [ 0.00000000e+00  0.00000000e+00  0.00000000e+00  1.00000000e+00]]
T_pred (Predicted Transformation):
[[ -0.51422474   0.77921061  -0.35833467  -3.31807779]
 [  0.71641809   0.16056072  -0.67894431 -16.26868966]
 [ -0.47150614  -0.6058474   -0.64080488 128.54835835]
 [  0.           0.           0.           1.        ]]
T_pred_ICP (Predicted Transformation from ICP):
[[ -0.5647413    0.7341231   -0.37700203  -3.17917486]
 [  0.72353884   0.22072083  -0.65404424 -16.46931084]
 [ -0.39693678  -0.6421414   -0.65581675 128.60519316]
 [  0.           0.           0.           1.        ]]
