Object ID: 6
Inlier ration of P_pred: 0.8864734172821045
Num. of correspondences: 414
Avg. Euclidean Distance (ADD) [cm]: 1.3263163001831277
Add Score thres: 1
Add Score thres (xyz direction): 1.0
Add-S Score: 1.0
Avg. Euclidean Distance (ADD) ICP: 1.1219527275824543e-07
Add Score ICP thres: 1.1219527275824543e-07
Add Score ICP thres (xyz direction): 1.0
Add-S Score ICP: 1.0
Error [cm]: 4.355342734830664e-08
Error [deg]: 0.0
T_gt (Ground Truth Transformation):
[[-4.19653393e-02 -9.59752619e-01  2.77693748e-01 -7.92543888e-01]
 [-9.53942418e-01 -4.41426449e-02 -2.96724319e-01 -2.78414886e+01]
 [ 2.97040075e-01 -2.77355969e-01 -9.13696289e-01  1.20173828e+02]
 [ 0.00000000e+00  0.00000000e+00  0.00000000e+00  1.00000000e+00]]
T_pred (Predicted Transformation):
[[-7.83509982e-02 -9.50589581e-01  3.00400683e-01 -1.87390710e+00]
 [-9.56479913e-01 -1.32805815e-02 -2.91495803e-01 -2.71428749e+01]
 [ 2.81082369e-01 -3.10166206e-01 -9.08179292e-01  1.20192354e+02]
 [ 0.00000000e+00  0.00000000e+00  0.00000000e+00  1.00000000e+00]]
T_pred_ICP (Predicted Transformation from ICP):
[[-4.19653023e-02 -9.59752621e-01  2.77693753e-01 -7.92543886e-01]
 [-9.53942402e-01 -4.41426334e-02 -2.96724318e-01 -2.78414886e+01]
 [ 2.97040075e-01 -2.77355971e-01 -9.13696262e-01  1.20173828e+02]
 [ 0.00000000e+00  0.00000000e+00  0.00000000e+00  1.00000000e+00]]
