Object ID: 11
Inlier ration of P_pred: 0.009138381108641624
Num. of correspondences: 766
Avg. Euclidean Distance (ADD) [cm]: 6.071734508815076
Add Score thres: 0
Add Score thres (xyz direction): 0.0
Add-S Score: 1.0
Avg. Euclidean Distance (ADD) ICP: 6.098764260570479
Add Score ICP thres: 6.098764260570479
Add Score ICP thres (xyz direction): 0.0
Add-S Score ICP: 1.0
Error [cm]: 3.712322952537263
Error [deg]: 179.14182544562834
T_gt (Ground Truth Transformation):
[[ 5.12243152e-01 -8.53790879e-01  9.29951817e-02  2.67766083e+01]
 [-5.67779303e-01 -4.17895079e-01 -7.09218264e-01 -1.65776047e+01]
 [ 6.44386292e-01  3.10491502e-01 -6.98828697e-01  1.12099365e+02]
 [ 0.00000000e+00  0.00000000e+00  0.00000000e+00  1.00000000e+00]]
T_pred (Predicted Transformation):
[[-6.30934228e-01  7.73064826e-01 -6.55192672e-02  2.56327583e+01]
 [ 5.32921047e-01  3.70465599e-01 -7.60756464e-01 -1.31055858e+01]
 [-5.63841429e-01 -5.14903889e-01 -6.45721943e-01  1.11371829e+02]
 [ 0.00000000e+00  0.00000000e+00  0.00000000e+00  1.00000000e+00]]
T_pred_ICP (Predicted Transformation from ICP):
[[-4.98839675e-01  8.64978871e-01 -5.45025886e-02  2.56552738e+01]
 [ 5.54503877e-01  2.70191216e-01 -7.87097298e-01 -1.31593063e+01]
 [-6.66096412e-01 -4.22857257e-01 -6.14416236e-01  1.11183294e+02]
 [ 0.00000000e+00  0.00000000e+00  0.00000000e+00  1.00000000e+00]]
