Object ID: 5
Inlier ration of P_pred: 0.6076554656028748
Num. of correspondences: 209
Avg. Euclidean Distance (ADD) [cm]: 10.316823178064373
Add Score thres: 0
Add Score thres (xyz direction): 0.0
Add-S Score: 1.0
Avg. Euclidean Distance (ADD) ICP: 10.321514358759485
Add Score ICP thres: 10.321514358759485
Add Score ICP thres (xyz direction): 0.0
Add-S Score ICP: 1.0
Error [cm]: 1.5657503359348595
Error [deg]: 170.0312480590112
T_gt (Ground Truth Transformation):
[[-1.54107109e-01  9.62727785e-01  2.22275361e-01  3.15183411e+01]
 [ 6.45538926e-01  2.68414646e-01 -7.15005636e-01  4.58229866e+00]
 [-7.48017728e-01  3.32999714e-02 -6.62842870e-01  1.41121265e+02]
 [ 0.00000000e+00  0.00000000e+00  0.00000000e+00  1.00000000e+00]]
T_pred (Predicted Transformation):
[[ 4.40112661e-01 -8.39750618e-01  3.17993309e-01  3.14063117e+01]
 [-7.98593612e-01 -5.27965984e-01 -2.88963947e-01  3.32567438e+00]
 [ 4.10547303e-01 -1.26770734e-01 -9.02983994e-01  1.42074112e+02]
 [ 0.00000000e+00  0.00000000e+00  0.00000000e+00  1.00000000e+00]]
T_pred_ICP (Predicted Transformation from ICP):
[[ 4.42485384e-01 -8.37956969e-01  3.19428869e-01  3.14740327e+01]
 [-8.03362571e-01 -5.28684211e-01 -2.74046685e-01  3.37599271e+00]
 [ 3.98516329e-01 -1.35355545e-01 -9.07118301e-01  1.42118479e+02]
 [ 0.00000000e+00  0.00000000e+00  0.00000000e+00  1.00000000e+00]]
