Object ID: 8
Inlier ration of P_pred: 0.009177819825708866
Num. of correspondences: 2615
Avg. Euclidean Distance (ADD) [cm]: 12.953282195464844
Add Score thres: 0
Add Score thres (xyz direction): 0.0
Add-S Score: 1.0
Avg. Euclidean Distance (ADD) ICP: 12.975286604027614
Add Score ICP thres: 12.975286604027614
Add Score ICP thres (xyz direction): 0.0
Add-S Score ICP: 1.0
Error [cm]: 7.714874189182575
Error [deg]: 114.60975125806657
T_gt (Ground Truth Transformation):
[[ 6.89894617e-01 -7.07968891e-01  1.51081249e-01 -3.14035401e-07]
 [ 3.33232842e-02 -1.77422434e-01 -9.83570516e-01  2.08297915e-06]
 [ 7.23142445e-01  6.83594584e-01 -9.88109633e-02  6.73698364e+01]
 [ 0.00000000e+00  0.00000000e+00  0.00000000e+00  1.00000000e+00]]
T_pred (Predicted Transformation):
[[ 9.64774404e-01 -1.58077158e-01 -2.10290182e-01 -9.67375876e-01]
 [-6.47332887e-02 -9.17410637e-01  3.92641471e-01 -7.42050707e+00]
 [-2.54990097e-01 -3.65197666e-01 -8.95327155e-01  6.91489292e+01]
 [ 0.00000000e+00  0.00000000e+00  0.00000000e+00  1.00000000e+00]]
T_pred_ICP (Predicted Transformation from ICP):
[[ 9.65049375e-01 -1.55319634e-01 -2.11081774e-01 -9.84916933e-01]
 [-6.09601365e-02 -9.16395948e-01  3.95603751e-01 -7.44381278e+00]
 [-2.54879512e-01 -3.68909579e-01 -8.93835643e-01  6.91415145e+01]
 [ 0.00000000e+00  0.00000000e+00  0.00000000e+00  1.00000000e+00]]
