Object ID: 12
Inlier ration of P_pred: 0.6954128742218018
Num. of correspondences: 545
Avg. Euclidean Distance (ADD) [cm]: 1.6320736053114453
Add Score thres: 0
Add Score thres (xyz direction): 1.0
Add-S Score: 1.0
Avg. Euclidean Distance (ADD) ICP: 1.577748399384148
Add Score ICP thres: 1.577748399384148
Add Score ICP thres (xyz direction): 1.0
Add-S Score ICP: 1.0
Error [cm]: 0.6604724636209114
Error [deg]: 19.352251246737
T_gt (Ground Truth Transformation):
[[ 8.59324694e-01 -3.73314261e-01 -3.49567771e-01  3.05570801e+01]
 [-4.97434020e-01 -4.51278210e-01 -7.40883112e-01 -6.19426956e+00]
 [ 1.18829936e-01  8.10545981e-01 -5.73493719e-01  1.25782971e+02]
 [ 0.00000000e+00  0.00000000e+00  0.00000000e+00  1.00000000e+00]]
T_pred (Predicted Transformation):
[[ 9.45289924e-01 -1.79607286e-01 -2.72338360e-01  3.09065695e+01]
 [-3.17461744e-01 -6.98700940e-01 -6.41120143e-01 -6.80403953e+00]
 [-7.51332188e-02  6.92501422e-01 -7.17493401e-01  1.25543930e+02]
 [ 0.00000000e+00  0.00000000e+00  0.00000000e+00  1.00000000e+00]]
T_pred_ICP (Predicted Transformation from ICP):
[[ 9.44415390e-01 -1.64572602e-01 -2.84596961e-01  3.10132992e+01]
 [-3.16249804e-01 -6.91272396e-01 -6.49714195e-01 -6.60336787e+00]
 [-8.98088680e-02  7.03603818e-01 -7.04894343e-01  1.25536544e+02]
 [ 0.00000000e+00  0.00000000e+00  0.00000000e+00  1.00000000e+00]]
