Object ID: 5
Inlier ration of P_pred: 0.0
Num. of correspondences: 870
Avg. Euclidean Distance (ADD) [cm]: 10.227935996890261
Add Score thres: 0
Add Score thres (xyz direction): 0.0
Add-S Score: 1.0
Avg. Euclidean Distance (ADD) ICP: 10.219945423045065
Add Score ICP thres: 10.219945423045065
Add Score ICP thres (xyz direction): 0.0
Add-S Score ICP: 1.0
Error [cm]: 0.957177654345681
Error [deg]: 174.39491233509406
T_gt (Ground Truth Transformation):
[[-8.82470131e-01 -4.45444465e-01  1.51081830e-01 -2.33071594e+01]
 [-1.79240793e-01  2.14954298e-02 -9.83570397e-01 -6.51594114e-01]
 [ 4.34878409e-01 -8.95051539e-01 -9.88109335e-02  4.54391510e+01]
 [ 0.00000000e+00  0.00000000e+00  0.00000000e+00  1.00000000e+00]]
T_pred (Predicted Transformation):
[[  0.7352308    0.60231017   0.31089891 -23.99098591]
 [  0.56437796  -0.28996647  -0.77291459  -0.06572804]
 [ -0.37538406   0.7437351   -0.55312287  45.88127138]
 [  0.           0.           0.           1.        ]]
T_pred_ICP (Predicted Transformation from ICP):
[[  0.73042729   0.60710708   0.3128849  -23.95293761]
 [  0.56798869  -0.28553987  -0.77191698  -0.06297111]
 [ -0.37929515   0.74154432  -0.55339607  45.82989715]
 [  0.           0.           0.           1.        ]]
