Object ID: 6
Inlier ration of P_pred: 0.3357487916946411
Num. of correspondences: 414
Avg. Euclidean Distance (ADD) [cm]: 5.712337150640789
Add Score thres: 0
Add Score thres (xyz direction): 0.3333333333333333
Add-S Score: 0.6666666666666666
Avg. Euclidean Distance (ADD) ICP: 5.738444585986675
Add Score ICP thres: 5.738444585986675
Add Score ICP thres (xyz direction): 0.3333333333333333
Add-S Score ICP: 0.6666666666666666
Error [cm]: 4.106602251801898
Error [deg]: 47.162902017170126
T_gt (Ground Truth Transformation):
[[-9.88348782e-01 -1.16228886e-01  9.82736871e-02 -1.17842552e+01]
 [-1.44594327e-01  5.15348673e-01 -8.44694197e-01  8.08211670e+00]
 [ 4.75326516e-02 -8.49062204e-01 -5.26150286e-01  1.23153809e+02]
 [ 0.00000000e+00  0.00000000e+00  0.00000000e+00  1.00000000e+00]]
T_pred (Predicted Transformation):
[[-7.07384156e-01 -4.56535822e-01 -5.39613472e-01 -8.09250605e+00]
 [ 4.52668376e-02  7.32600641e-01 -6.79151834e-01  8.40028407e+00]
 [ 7.05378317e-01 -5.04847842e-01 -4.97564153e-01  1.21399533e+02]
 [ 0.00000000e+00  0.00000000e+00  0.00000000e+00  1.00000000e+00]]
T_pred_ICP (Predicted Transformation from ICP):
[[-7.04521502e-01 -4.45794225e-01 -5.52192867e-01 -8.10951448e+00]
 [ 6.72018928e-02  7.32681384e-01 -6.77245816e-01  8.41057479e+00]
 [ 7.06493708e-01 -5.14242645e-01 -4.86231574e-01  1.21350318e+02]
 [ 0.00000000e+00  0.00000000e+00  0.00000000e+00  1.00000000e+00]]
