Object ID: 5
Inlier ration of P_pred: 0.0
Num. of correspondences: 246
Avg. Euclidean Distance (ADD) [cm]: 13.673426648782954
Add Score thres: 0
Add Score thres (xyz direction): 0.0
Add-S Score: 1.0
Avg. Euclidean Distance (ADD) ICP: 13.669492382884952
Add Score ICP thres: 13.669492382884952
Add Score ICP thres (xyz direction): 0.0
Add-S Score ICP: 1.0
Error [cm]: 4.761127083696201
Error [deg]: 151.87953385900747
T_gt (Ground Truth Transformation):
[[-6.16240084e-01  6.81345522e-01 -3.94989610e-01  2.48986221e+01]
 [ 3.30818892e-01 -2.31198639e-01 -9.14935172e-01 -9.60173416e+00]
 [-7.14707911e-01 -6.94489539e-01 -8.29283372e-02  1.17523352e+02]
 [ 0.00000000e+00  0.00000000e+00  0.00000000e+00  1.00000000e+00]]
T_pred (Predicted Transformation):
[[-1.79792963e-01 -7.17639184e-01  6.72806430e-01  2.32381234e+01]
 [-2.35433373e-01  6.95466290e-01  6.78894518e-01 -1.40216382e+01]
 [-9.55115499e-01 -3.63406300e-02 -2.93996159e-01  1.17567677e+02]
 [ 0.00000000e+00  0.00000000e+00  0.00000000e+00  1.00000000e+00]]
T_pred_ICP (Predicted Transformation from ICP):
[[-1.83883272e-01 -7.10415285e-01  6.79335752e-01  2.32992377e+01]
 [-2.28859410e-01  7.03069969e-01  6.73287449e-01 -1.40856842e+01]
 [-9.55934262e-01 -3.16660797e-02 -2.91868029e-01  1.17590378e+02]
 [ 0.00000000e+00  0.00000000e+00  0.00000000e+00  1.00000000e+00]]
