Object ID: 12
Inlier ration of P_pred: 0.8680850863456726
Num. of correspondences: 235
Avg. Euclidean Distance (ADD) [cm]: 1.6279414351021084
Add Score thres: 0
Add Score thres (xyz direction): 1.0
Add-S Score: 1.0
Avg. Euclidean Distance (ADD) ICP: 1.3560738050107204
Add Score ICP thres: 1.3560738050107204
Add Score ICP thres (xyz direction): 1.0
Add-S Score ICP: 1.0
Error [cm]: 0.7783920504102958
Error [deg]: 13.875973695149607
T_gt (Ground Truth Transformation):
[[  0.81819099  -0.28578678   0.49888828 -15.42281342]
 [  0.20964119  -0.65968156  -0.72171426  -0.55168309]
 [  0.53536355   0.69508761  -0.47983292  86.74519653]
 [  0.           0.           0.           1.        ]]
T_pred (Predicted Transformation):
[[ 7.05194397e-01 -5.50882771e-01  4.46350797e-01 -1.49790262e+01]
 [ 1.09669354e-02 -6.20986955e-01 -7.83744172e-01 -2.90924832e-02]
 [ 7.08929185e-01  5.57587100e-01 -4.31875026e-01  8.62049488e+01]
 [ 0.00000000e+00  0.00000000e+00  0.00000000e+00  1.00000000e+00]]
T_pred_ICP (Predicted Transformation from ICP):
[[ 7.28273908e-01 -5.03126595e-01  4.65274913e-01 -1.50713224e+01]
 [ 6.29448354e-02 -6.26967616e-01 -7.76498265e-01 -4.69794631e-02]
 [ 6.82389231e-01  5.94790079e-01 -4.24934935e-01  8.62680985e+01]
 [ 0.00000000e+00  0.00000000e+00  0.00000000e+00  1.00000000e+00]]
