Object ID: 5
Inlier ration of P_pred: 0.6317934989929199
Num. of correspondences: 1472
Avg. Euclidean Distance (ADD) [cm]: 9.717320112734502
Add Score thres: 0
Add Score thres (xyz direction): 0.0
Add-S Score: 1.0
Avg. Euclidean Distance (ADD) ICP: 9.73693792359592
Add Score ICP thres: 9.73693792359592
Add Score ICP thres (xyz direction): 0.0
Add-S Score ICP: 1.0
Error [cm]: 1.393718122573897
Error [deg]: 157.48905734223814
T_gt (Ground Truth Transformation):
[[ 7.84120321e-01  6.10374093e-01  1.12243935e-01  1.81736374e+01]
 [ 6.10485137e-01 -7.26074815e-01 -3.16422164e-01 -2.09534622e+01]
 [-1.11638404e-01  3.16636324e-01 -9.41954374e-01  1.19214697e+02]
 [ 0.00000000e+00  0.00000000e+00  0.00000000e+00  1.00000000e+00]]
T_pred (Predicted Transformation):
[[ -0.47957189  -0.85846595   0.18178838  19.27824269]
 [ -0.81763282   0.36194792  -0.44773907 -21.46434023]
 [  0.31857082  -0.36335922  -0.87548998 119.72034651]
 [  0.           0.           0.           1.        ]]
T_pred_ICP (Predicted Transformation from ICP):
[[ -0.5022252   -0.84762072   0.17119861  19.31915613]
 [ -0.80916136   0.3908165   -0.43877143 -21.5972215 ]
 [  0.30500451  -0.35888937  -0.88213982 119.67925191]
 [  0.           0.           0.           1.        ]]
