Object ID: 12
Inlier ration of P_pred: 0.6865364909172058
Num. of correspondences: 973
Avg. Euclidean Distance (ADD) [cm]: 0.60481835102224
Add Score thres: 1
Add Score thres (xyz direction): 1.0
Add-S Score: 1.0
Avg. Euclidean Distance (ADD) ICP: 7.014953076718053e-07
Add Score ICP thres: 7.014953076718053e-07
Add Score ICP thres (xyz direction): 1.0
Add-S Score ICP: 1.0
Error [cm]: 1.27362215319095e-07
Error [deg]: 0.0
T_gt (Ground Truth Transformation):
[[ 1.96997244e-02 -9.25052166e-01 -3.79329234e-01  7.55414734e+00]
 [-7.84175575e-01  2.21065372e-01 -5.79826653e-01 -1.52130020e+01]
 [ 6.20226443e-01  3.08883160e-01 -7.21048355e-01  1.08853040e+02]
 [ 0.00000000e+00  0.00000000e+00  0.00000000e+00  1.00000000e+00]]
T_pred (Predicted Transformation):
[[ 1.10866285e-01 -9.43452507e-01 -3.12419642e-01  7.97889946e+00]
 [-8.03801137e-01  9.97526833e-02 -5.86475178e-01 -1.52275651e+01]
 [ 5.84476175e-01  3.16143588e-01 -7.47288989e-01  1.08668541e+02]
 [ 0.00000000e+00  0.00000000e+00  0.00000000e+00  1.00000000e+00]]
T_pred_ICP (Predicted Transformation from ICP):
[[ 1.96998043e-02 -9.25052058e-01 -3.79329155e-01  7.55414741e+00]
 [-7.84175512e-01  2.21065415e-01 -5.79826567e-01 -1.52130019e+01]
 [ 6.20226316e-01  3.08883104e-01 -7.21048226e-01  1.08853040e+02]
 [ 0.00000000e+00  0.00000000e+00  0.00000000e+00  1.00000000e+00]]
