Object ID: 5
Inlier ration of P_pred: 0.002265861025080085
Num. of correspondences: 1324
Avg. Euclidean Distance (ADD) [cm]: 11.473183647735647
Add Score thres: 0
Add Score thres (xyz direction): 0.0
Add-S Score: 1.0
Avg. Euclidean Distance (ADD) ICP: 11.372810995835017
Add Score ICP thres: 11.372810995835017
Add Score ICP thres (xyz direction): 0.0
Add-S Score ICP: 1.0
Error [cm]: 7.922977916912642
Error [deg]: 93.75013669609446
T_gt (Ground Truth Transformation):
[[  0.85755247  -0.40931442  -0.31155324 -10.66309128]
 [ -0.50436783  -0.55005354  -0.66562325  20.62510376]
 [  0.10107824   0.72794431  -0.67814481  72.41047363]
 [  0.           0.           0.           1.        ]]
T_pred (Predicted Transformation):
[[ 3.36353802e-01 -2.28726209e-02  9.41457893e-01 -1.28711780e+01]
 [ 7.96735081e-01 -5.26069232e-01 -2.97429612e-01  1.33305042e+01]
 [ 5.02075026e-01  8.50134110e-01 -1.58721967e-01  6.99952421e+01]
 [ 0.00000000e+00  0.00000000e+00  0.00000000e+00  1.00000000e+00]]
T_pred_ICP (Predicted Transformation from ICP):
[[ 3.48776108e-01 -4.74312862e-03  9.37194072e-01 -1.28396811e+01]
 [ 8.12632718e-01 -4.96631893e-01 -3.04934137e-01  1.33455413e+01]
 [ 4.66886808e-01  8.67948308e-01 -1.69358917e-01  7.01645872e+01]
 [ 0.00000000e+00  0.00000000e+00  0.00000000e+00  1.00000000e+00]]
