Object ID: 8
Inlier ration of P_pred: 0.07500000298023224
Num. of correspondences: 240
Avg. Euclidean Distance (ADD) [cm]: 15.57062917699653
Add Score thres: 0
Add Score thres (xyz direction): 0.0
Add-S Score: 0.6666666666666666
Avg. Euclidean Distance (ADD) ICP: 15.521953531102211
Add Score ICP thres: 15.521953531102211
Add Score ICP thres (xyz direction): 0.0
Add-S Score ICP: 0.6666666666666666
Error [cm]: 10.326839560035644
Error [deg]: 135.77175480975222
T_gt (Ground Truth Transformation):
[[ 1.71393514e-01  7.74928212e-01 -6.08367145e-01 -3.45661346e+01]
 [ 2.91648299e-01 -6.29735827e-01 -7.19982028e-01  1.34411270e+01]
 [-9.41044927e-01 -5.40289655e-02 -3.33939135e-01  1.41270166e+02]
 [ 0.00000000e+00  0.00000000e+00  0.00000000e+00  1.00000000e+00]]
T_pred (Predicted Transformation):
[[ 8.74736987e-01  4.57072242e-01 -1.60997418e-01 -3.38828113e+01]
 [-4.76804888e-01  8.71124943e-01 -1.17466730e-01  1.54224162e+01]
 [ 8.65580847e-02  1.79516849e-01  9.79939487e-01  1.51426209e+02]
 [ 0.00000000e+00  0.00000000e+00  0.00000000e+00  1.00000000e+00]]
T_pred_ICP (Predicted Transformation from ICP):
[[ 8.79634881e-01  4.39152935e-01 -1.82721578e-01 -3.41331935e+01]
 [-4.63620856e-01  8.77448276e-01 -1.23045623e-01  1.53941196e+01]
 [ 1.06292887e-01  1.92948757e-01  9.75434569e-01  1.51401405e+02]
 [ 0.00000000e+00  0.00000000e+00  0.00000000e+00  1.00000000e+00]]
