Object ID: 5
Inlier ration of P_pred: 0.3704819083213806
Num. of correspondences: 996
Avg. Euclidean Distance (ADD) [cm]: 9.668628761848113
Add Score thres: 0
Add Score thres (xyz direction): 0.3333333333333333
Add-S Score: 1.0
Avg. Euclidean Distance (ADD) ICP: 9.691931363292356
Add Score ICP thres: 9.691931363292356
Add Score ICP thres (xyz direction): 0.3333333333333333
Add-S Score ICP: 1.0
Error [cm]: 1.519338551397819
Error [deg]: 156.83957339530886
T_gt (Ground Truth Transformation):
[[ 9.79506135e-01 -1.86678320e-01 -7.56235495e-02 -1.81094025e+01]
 [-1.99818313e-01 -9.47822034e-01 -2.48408139e-01 -2.51639725e+01]
 [-2.53052358e-02  2.58428276e-01 -9.65699255e-01  7.13902832e+01]
 [ 0.00000000e+00  0.00000000e+00  0.00000000e+00  1.00000000e+00]]
T_pred (Predicted Transformation):
[[ -0.95972987  -0.26256399  -0.09989357 -18.15609525]
 [ -0.2290938    0.93730635  -0.2626268  -25.98474004]
 [  0.16258722  -0.22916579  -0.95971269  71.61484923]
 [  0.           0.           0.           1.        ]]
T_pred_ICP (Predicted Transformation from ICP):
[[ -0.97381075  -0.21393632  -0.07696666 -18.04336544]
 [ -0.18849382   0.94896621  -0.25285018 -26.63692402]
 [  0.12713259  -0.23172049  -0.96443917  71.7569472 ]
 [  0.           0.           0.           1.        ]]
