Object ID: 8
Inlier ration of P_pred: 0.6074999570846558
Num. of correspondences: 400
Avg. Euclidean Distance (ADD) [cm]: 2.449927635647063
Add Score thres: 1
Add Score thres (xyz direction): 1.0
Add-S Score: 1.0
Avg. Euclidean Distance (ADD) ICP: 2.3967857297198636
Add Score ICP thres: 2.3967857297198636
Add Score ICP thres (xyz direction): 1.0
Add-S Score ICP: 1.0
Error [cm]: 1.4510805281289496
Error [deg]: 16.460635956386877
T_gt (Ground Truth Transformation):
[[ -0.65708166  -0.72305143  -0.21316795  -3.47464256]
 [ -0.38766894   0.56664944  -0.72706348 -16.16446838]
 [  0.64649576  -0.39510137  -0.65263957 111.61506348]
 [  0.           0.           0.           1.        ]]
T_pred (Predicted Transformation):
[[-5.43730932e-01 -8.33503292e-01 -9.81271398e-02 -2.18079614e+00]
 [-6.38654338e-01  4.86783321e-01 -5.95955229e-01 -1.66455899e+01]
 [ 5.44497300e-01 -2.61369968e-01 -7.96999642e-01  1.11068329e+02]
 [ 0.00000000e+00  0.00000000e+00  0.00000000e+00  1.00000000e+00]]
T_pred_ICP (Predicted Transformation from ICP):
[[-5.46379586e-01 -8.32207570e-01 -9.43393240e-02 -2.17387451e+00]
 [-6.32431768e-01  4.83796256e-01 -6.04955569e-01 -1.65228452e+01]
 [ 5.49089616e-01 -2.70872188e-01 -7.90650903e-01  1.11081019e+02]
 [ 0.00000000e+00  0.00000000e+00  0.00000000e+00  1.00000000e+00]]
