Object ID: 8
Inlier ration of P_pred: 0.0
Num. of correspondences: 814
Avg. Euclidean Distance (ADD) [cm]: 11.813249288425993
Add Score thres: 0
Add Score thres (xyz direction): 0
Add-S Score: 0
Avg. Euclidean Distance (ADD) ICP: 11.74135984041238
Add Score ICP thres: 11.74135984041238
Add Score ICP thres (xyz direction): 0
Add-S Score ICP: 0
Error [cm]: 7.448987235974887
Error [deg]: 85.5403255333353
T_gt (Ground Truth Transformation):
[[ 0.53889516  0.83525827 -0.10962222 -0.7523018 ]
 [ 0.12964929 -0.21082069 -0.96893144 -3.08479961]
 [-0.83237702  0.50791486 -0.22189118 95.53936057]
 [ 0.          0.          0.          1.        ]]
T_pred (Predicted Transformation):
[[ 5.57937099e-02  1.56395453e-01 -9.86117399e-01 -7.70606520e+00]
 [ 5.09372020e-01 -8.53917244e-01 -1.06609030e-01 -4.99381574e+00]
 [-8.58735819e-01 -4.96352498e-01 -1.27306679e-01  9.73572425e+01]
 [ 0.00000000e+00  0.00000000e+00  0.00000000e+00  1.00000000e+00]]
T_pred_ICP (Predicted Transformation from ICP):
[[ 5.69256346e-02  1.72016744e-01 -9.83447869e-01 -7.69280907e+00]
 [ 4.93113044e-01 -8.61351759e-01 -1.22117456e-01 -5.13170912e+00]
 [-8.68100799e-01 -4.77999359e-01 -1.33856696e-01  9.73076737e+01]
 [ 0.00000000e+00  0.00000000e+00  0.00000000e+00  1.00000000e+00]]
