Object ID: 6
Inlier ration of P_pred: 0.6838884949684143
Num. of correspondences: 1471
Avg. Euclidean Distance (ADD) [cm]: 1.9833027756036194
Add Score thres: 0
Add Score thres (xyz direction): 0
Add-S Score: 0
Avg. Euclidean Distance (ADD) ICP: 1.9235647482359086
Add Score ICP thres: 1.9235647482359086
Add Score ICP thres (xyz direction): 0
Add-S Score ICP: 0
Error [cm]: 0.8684406936346505
Error [deg]: 33.958126387143984
T_gt (Ground Truth Transformation):
[[ 3.56532460e-01 -8.83575840e-01 -3.03807690e-01  3.00707587e+01]
 [-9.25652600e-01 -3.78321260e-01  1.39945200e-02 -3.24433075e+01]
 [-1.27290610e-01  2.76220080e-01 -9.52687050e-01  9.48024891e+01]
 [ 0.00000000e+00  0.00000000e+00  0.00000000e+00  1.00000000e+00]]
T_pred (Predicted Transformation):
[[ 1.22700020e-01 -9.73749136e-01 -1.91722001e-01  2.93520379e+01]
 [-9.16920078e-01 -3.73099775e-02 -3.97322962e-01 -3.24587390e+01]
 [ 3.79739748e-01  2.24545287e-01 -8.97428069e-01  9.55378177e+01]
 [ 0.00000000e+00  0.00000000e+00  0.00000000e+00  1.00000000e+00]]
T_pred_ICP (Predicted Transformation from ICP):
[[ 1.27898047e-01 -9.72631250e-01 -1.93985932e-01  2.95140617e+01]
 [-9.03162758e-01 -3.34015279e-02 -4.27996928e-01 -3.26690177e+01]
 [ 4.09803760e-01  2.29940841e-01 -8.82716312e-01  9.54296513e+01]
 [ 0.00000000e+00  0.00000000e+00  0.00000000e+00  1.00000000e+00]]
