Object ID: 11
Inlier ration of P_pred: 0.0036630036775022745
Num. of correspondences: 546
Avg. Euclidean Distance (ADD) [cm]: 5.105196534579342
Add Score thres: 0
Add Score thres (xyz direction): 0
Add-S Score: 0
Avg. Euclidean Distance (ADD) ICP: 5.11494221151497
Add Score ICP thres: 5.11494221151497
Add Score ICP thres (xyz direction): 0
Add-S Score ICP: 0
Error [cm]: 1.1186712878463345
Error [deg]: 124.28490162541414
T_gt (Ground Truth Transformation):
[[  0.63915708   0.55637498  -0.53119224  11.54496815]
 [ -0.29856636  -0.4571127   -0.83792154   8.18949272]
 [ -0.7089288    0.69411762  -0.12601748 115.5190081 ]
 [  0.           0.           0.           1.        ]]
T_pred (Predicted Transformation):
[[-9.40766151e-01  3.32860243e-01 -6.45221428e-02  1.16542795e+01]
 [ 1.69664989e-01  2.97400714e-01 -9.39556601e-01  9.28603433e+00]
 [-2.93552107e-01 -8.94850196e-01 -3.36259255e-01  1.15592950e+02]
 [ 0.00000000e+00  0.00000000e+00  0.00000000e+00  1.00000000e+00]]
T_pred_ICP (Predicted Transformation from ICP):
[[-9.38596499e-01  3.41629045e-01 -4.82307811e-02  1.15956774e+01]
 [ 1.51074604e-01  2.81274903e-01 -9.47660748e-01  9.30665880e+00]
 [-3.10182328e-01 -8.96757506e-01 -3.15615111e-01  1.15490830e+02]
 [ 0.00000000e+00  0.00000000e+00  0.00000000e+00  1.00000000e+00]]
