Object ID: 6
Inlier ration of P_pred: 0.746170699596405
Num. of correspondences: 457
Avg. Euclidean Distance (ADD) [cm]: 1.3008449447319201
Add Score thres: 1
Add Score thres (xyz direction): 0
Add-S Score: 0
Avg. Euclidean Distance (ADD) ICP: 0.000636611235288155
Add Score ICP thres: 0.000636611235288155
Add Score ICP thres (xyz direction): 0
Add-S Score ICP: 0
Error [cm]: 0.00021747802527119134
Error [deg]: 0.0
T_gt (Ground Truth Transformation):
[[-5.00004620e-01 -8.66178670e-01 -5.92311000e-03 -1.11044705e+01]
 [-7.50023400e-01  4.36310480e-01 -4.97285940e-01 -2.98565336e+01]
 [ 4.33312210e-01 -2.44182630e-01 -8.67702220e-01  1.04874484e+02]
 [ 0.00000000e+00  0.00000000e+00  0.00000000e+00  1.00000000e+00]]
T_pred (Predicted Transformation):
[[-7.36262431e-01 -6.76692719e-01  2.14379720e-03 -1.08401860e+01]
 [-5.49319632e-01  5.95820534e-01 -5.85871858e-01 -2.92158784e+01]
 [ 3.95177902e-01 -4.32533068e-01 -8.10400870e-01  1.04749762e+02]
 [ 0.00000000e+00  0.00000000e+00  0.00000000e+00  1.00000000e+00]]
T_pred_ICP (Predicted Transformation from ICP):
[[-4.99904048e-01 -8.66060600e-01 -5.91431680e-03 -1.11044224e+01]
 [-7.49940677e-01  4.36273462e-01 -4.97246867e-01 -2.98564928e+01]
 [ 4.33226180e-01 -2.44140335e-01 -8.67588943e-01  1.04874692e+02]
 [ 0.00000000e+00  0.00000000e+00  0.00000000e+00  1.00000000e+00]]
