Object ID: 8
Inlier ration of P_pred: 0.06224066764116287
Num. of correspondences: 241
Avg. Euclidean Distance (ADD) [cm]: 13.151104882753703
Add Score thres: 0
Add Score thres (xyz direction): 0
Add-S Score: 0
Avg. Euclidean Distance (ADD) ICP: 13.076649400288817
Add Score ICP thres: 13.076649400288817
Add Score ICP thres (xyz direction): 0
Add-S Score ICP: 0
Error [cm]: 9.998347214339297
Error [deg]: 95.98945137891701
T_gt (Ground Truth Transformation):
[[ 6.64832080e-01  7.47962360e-01  4.65606000e-03 -9.18958101e+00]
 [ 2.66028360e-01 -2.30714540e-01 -9.36626340e-01 -2.87182502e+00]
 [-6.99073380e-01  6.23530020e-01 -3.52125930e-01  8.73903317e+01]
 [ 0.00000000e+00  0.00000000e+00  0.00000000e+00  1.00000000e+00]]
T_pred (Predicted Transformation):
[[  0.67858592   0.65316301  -0.3360048   -3.53965694]
 [  0.7287144   -0.54124732   0.41955532 -11.21234154]
 [  0.09217632  -0.52955587  -0.8432521   88.13637769]
 [  0.           0.           0.           1.        ]]
T_pred_ICP (Predicted Transformation from ICP):
[[  0.67267551   0.66309216  -0.32835413  -3.62535796]
 [  0.73402401  -0.54200646   0.40919158 -11.14166503]
 [  0.09336167  -0.51627297  -0.85132004  88.17526159]
 [  0.           0.           0.           1.        ]]
