Object ID: 5
Inlier ration of P_pred: 0.5079365372657776
Num. of correspondences: 63
Avg. Euclidean Distance (ADD) [cm]: 9.410841162063
Add Score thres: 0
Add Score thres (xyz direction): 0
Add-S Score: 0
Avg. Euclidean Distance (ADD) ICP: 9.41221338134087
Add Score ICP thres: 9.41221338134087
Add Score ICP thres (xyz direction): 0
Add-S Score ICP: 0
Error [cm]: 0.8924582700220273
Error [deg]: 140.57501413155873
T_gt (Ground Truth Transformation):
[[ 9.70318e-01 -1.96526e-01 -1.41135e-01  1.58787e+01]
 [-2.37588e-01 -6.63595e-01 -7.09392e-01  4.54501e+00]
 [ 4.57549e-02  7.21842e-01 -6.90576e-01  9.46678e+01]
 [ 0.00000e+00  0.00000e+00  0.00000e+00  1.00000e+00]]
T_pred (Predicted Transformation):
[[-8.20320053e-01 -5.04974801e-01 -2.68468733e-01  1.59182942e+01]
 [-6.44681639e-02  5.48086090e-01 -8.33933746e-01  4.41877820e+00]
 [ 5.68259506e-01 -6.66784889e-01 -4.82160809e-01  9.55954210e+01]
 [ 0.00000000e+00  0.00000000e+00  0.00000000e+00  1.00000000e+00]]
T_pred_ICP (Predicted Transformation from ICP):
[[-8.24375689e-01 -4.98659574e-01 -2.67849496e-01  1.58369504e+01]
 [-6.55981714e-02  5.54171209e-01 -8.29813925e-01  4.36561654e+00]
 [ 5.62229138e-01 -6.66507989e-01 -4.89556428e-01  9.55410449e+01]
 [ 0.00000000e+00  0.00000000e+00  0.00000000e+00  1.00000000e+00]]
