Object ID: 5
Inlier ration of P_pred: 1.0
Num. of correspondences: 104
Avg. Euclidean Distance (ADD) [cm]: 11.71762310338027
Add Score thres: 0
Add Score thres (xyz direction): 0
Add-S Score: 0
Avg. Euclidean Distance (ADD) ICP: 11.748858057452024
Add Score ICP thres: 11.748858057452024
Add Score ICP thres (xyz direction): 0
Add-S Score ICP: 0
Error [cm]: 3.2565061109413036
Error [deg]: 125.97203242322132
T_gt (Ground Truth Transformation):
[[ 9.92289490e-01  9.00139500e-02 -9.48154500e-02  2.54993715e+01]
 [-5.37994700e-02 -3.80782520e-01 -9.24043180e-01  2.25505433e+00]
 [-1.19264650e-01  9.21121090e-01 -3.72648320e-01  8.85630128e+01]
 [ 0.00000000e+00  0.00000000e+00  0.00000000e+00  1.00000000e+00]]
T_pred (Predicted Transformation):
[[ 9.60758881e-02  9.95339174e-01 -8.32780124e-03  2.59731245e+01]
 [-9.95373690e-01  9.60792198e-02  1.15571459e-19  7.41012165e-01]
 [ 8.00128646e-04  8.28927426e-03  9.99965323e-01  8.57477049e+01]
 [ 0.00000000e+00  0.00000000e+00  0.00000000e+00  1.00000000e+00]]
T_pred_ICP (Predicted Transformation from ICP):
[[ 9.47812505e-02  9.95464144e-01 -8.22515175e-03  2.59213954e+01]
 [-9.95438519e-01  9.48627535e-02  1.01593338e-02  7.24994874e-01]
 [ 1.08935131e-02  7.22471852e-03  9.99914564e-01  8.57194858e+01]
 [ 0.00000000e+00  0.00000000e+00  0.00000000e+00  1.00000000e+00]]
