Object ID: 12
Inlier ration of P_pred: 0.0
Num. of correspondences: 198
Avg. Euclidean Distance (ADD) [cm]: 8.239311038445873
Add Score thres: 0
Add Score thres (xyz direction): 0
Add-S Score: 0
Avg. Euclidean Distance (ADD) ICP: 8.273342127069702
Add Score ICP thres: 8.273342127069702
Add Score ICP thres (xyz direction): 0
Add-S Score ICP: 0
Error [cm]: 6.331016049224687
Error [deg]: 82.03668217071765
T_gt (Ground Truth Transformation):
[[ 2.66388760e-01  9.64118880e-01 -2.77343000e-02  6.55236138e+00]
 [ 6.47668310e-01 -2.00080140e-01 -7.36047910e-01  1.92391201e+00]
 [-7.14739110e-01  1.78072580e-01 -6.77293450e-01  7.66577514e+01]
 [ 0.00000000e+00  0.00000000e+00  0.00000000e+00  1.00000000e+00]]
T_pred (Predicted Transformation):
[[ 1.07586406e-01  3.16592392e-01 -9.42440673e-01  9.55486996e+00]
 [ 9.60070395e-01 -2.79313724e-01  1.57696119e-02  7.45057657e+00]
 [-2.58244074e-01 -9.06505985e-01 -3.34001343e-01  7.64366770e+01]
 [ 0.00000000e+00  0.00000000e+00  0.00000000e+00  1.00000000e+00]]
T_pred_ICP (Predicted Transformation from ICP):
[[ 1.18949860e-01  3.07805537e-01 -9.43984472e-01  9.58887350e+00]
 [ 9.53255336e-01 -3.01375026e-01  2.18485449e-02  7.46684052e+00]
 [-2.77768241e-01 -9.02457116e-01 -3.29265787e-01  7.62872088e+01]
 [ 0.00000000e+00  0.00000000e+00  0.00000000e+00  1.00000000e+00]]
