Object ID: 6
Inlier ration of P_pred: 0.44676804542541504
Num. of correspondences: 526
Avg. Euclidean Distance (ADD) [cm]: 6.085170459511574
Add Score thres: 0
Add Score thres (xyz direction): 0
Add-S Score: 0
Avg. Euclidean Distance (ADD) ICP: 5.934229305051087
Add Score ICP thres: 5.934229305051087
Add Score ICP thres (xyz direction): 0
Add-S Score ICP: 0
Error [cm]: 3.340125957725717
Error [deg]: 102.00756054471142
T_gt (Ground Truth Transformation):
[[ 3.57627510e-01 -8.36601850e-01 -4.15011210e-01  1.76256142e+01]
 [-6.44944890e-01  1.00145850e-01 -7.57652220e-01 -2.89336939e+01]
 [ 6.75404760e-01  5.38609700e-01 -5.03734630e-01  1.26594239e+02]
 [ 0.00000000e+00  0.00000000e+00  0.00000000e+00  1.00000000e+00]]
T_pred (Predicted Transformation):
[[ -0.38938705  -0.5748329   -0.71968386  19.33646659]
 [  0.73467537   0.27743808  -0.61909629 -30.04537757]
 [  0.55554462  -0.76980208   0.31428478 123.8243241 ]
 [  0.           0.           0.           1.        ]]
T_pred_ICP (Predicted Transformation from ICP):
[[ -0.37756669  -0.60315661  -0.70259911  19.22155   ]
 [  0.70154562   0.30891102  -0.64218979 -29.93681956]
 [  0.60438162  -0.7353748    0.30650736 123.83685457]
 [  0.           0.           0.           1.        ]]
