Object ID: 5
Inlier ration of P_pred: 0.24133148789405823
Num. of correspondences: 721
Avg. Euclidean Distance (ADD) [cm]: 3.318521927062951
Add Score thres: 0
Add Score thres (xyz direction): 0
Add-S Score: 0
Avg. Euclidean Distance (ADD) ICP: 3.2805136889712267
Add Score ICP thres: 3.2805136889712267
Add Score ICP thres (xyz direction): 0
Add-S Score ICP: 0
Error [cm]: 1.559174801639121
Error [deg]: 36.50737112115337
T_gt (Ground Truth Transformation):
[[ 9.21533200e-01 -3.87501780e-01 -2.60856300e-02  2.26229998e+01]
 [-3.81134370e-01 -8.89381460e-01 -2.52562660e-01  1.79489905e+00]
 [ 7.46632300e-02  2.42666170e-01 -9.67261440e-01  9.06972620e+01]
 [ 0.00000000e+00  0.00000000e+00  0.00000000e+00  1.00000000e+00]]
T_pred (Predicted Transformation):
[[ 0.52037555 -0.84064733 -0.15007115 24.2347754 ]
 [-0.83616815 -0.46595223 -0.28932914  2.059159  ]
 [ 0.17329778  0.27604453 -0.94539267 90.66329908]
 [ 0.          0.          0.          1.        ]]
T_pred_ICP (Predicted Transformation from ICP):
[[ 0.51756943 -0.8437423  -0.1421999  24.16177364]
 [-0.83747511 -0.46547262 -0.28630521  1.92248263]
 [ 0.17537766  0.26727171 -0.94752758 90.48064327]
 [ 0.          0.          0.          1.        ]]
