Object ID: 8
Inlier ration of P_pred: 0.03378378599882126
Num. of correspondences: 592
Avg. Euclidean Distance (ADD) [cm]: 10.170113396082794
Add Score thres: 0
Add Score thres (xyz direction): 0
Add-S Score: 0
Avg. Euclidean Distance (ADD) ICP: 10.197284153879755
Add Score ICP thres: 10.197284153879755
Add Score ICP thres (xyz direction): 0
Add-S Score ICP: 0
Error [cm]: 3.60660489503001
Error [deg]: 141.41330551531024
T_gt (Ground Truth Transformation):
[[-1.05202820e-01  9.94392420e-01 -1.79769800e-02  1.20012450e+01]
 [ 6.02044120e-01  4.92817100e-02 -7.97044530e-01 -1.01082261e+00]
 [-7.91604090e-01 -9.46813000e-02 -6.03794210e-01  9.65751411e+01]
 [ 0.00000000e+00  0.00000000e+00  0.00000000e+00  1.00000000e+00]]
T_pred (Predicted Transformation):
[[ 7.06533048e-01 -7.01809565e-01 -9.09636512e-02  1.47680726e+01]
 [-4.58330741e-01 -3.55854436e-01 -8.14432657e-01  6.92802508e-01]
 [ 5.39206810e-01  6.17115025e-01 -5.73083818e-01  9.80329451e+01]
 [ 0.00000000e+00  0.00000000e+00  0.00000000e+00  1.00000000e+00]]
T_pred_ICP (Predicted Transformation from ICP):
[[ 7.01338279e-01 -7.06962954e-01 -9.12578730e-02  1.47981915e+01]
 [-4.61284843e-01 -3.52511932e-01 -8.14218418e-01  7.11238289e-01]
 [ 5.43452769e-01  6.13138418e-01 -5.73341407e-01  9.80648375e+01]
 [ 0.00000000e+00  0.00000000e+00  0.00000000e+00  1.00000000e+00]]
