Object ID: 6
Inlier ration of P_pred: 0.48543688654899597
Num. of correspondences: 103
Avg. Euclidean Distance (ADD) [cm]: 14.042659283142484
Add Score thres: 0
Add Score thres (xyz direction): 0
Add-S Score: 0
Avg. Euclidean Distance (ADD) ICP: 14.110930567543342
Add Score ICP thres: 14.110930567543342
Add Score ICP thres (xyz direction): 0
Add-S Score ICP: 0
Error [cm]: 10.273350696109123
Error [deg]: 160.93288254846559
T_gt (Ground Truth Transformation):
[[ 7.30545100e-02 -9.72596070e-01  2.20888590e-01 -4.19447035e+00]
 [-9.82786910e-01 -1.07931640e-01 -1.50176180e-01 -2.59557497e+01]
 [ 1.69906690e-01 -2.06095700e-01 -9.63697460e-01  1.18842361e+02]
 [ 0.00000000e+00  0.00000000e+00  0.00000000e+00  1.00000000e+00]]
T_pred (Predicted Transformation):
[[ 9.46944265e-01  1.50100025e-02  3.21047130e-01 -9.20764333e+00]
 [ 2.41416119e-01  6.26198896e-01 -7.41345534e-01 -2.57703994e+01]
 [-2.12166957e-01  7.79518853e-01  5.89351796e-01  1.09912742e+02]
 [ 0.00000000e+00  0.00000000e+00  0.00000000e+00  1.00000000e+00]]
T_pred_ICP (Predicted Transformation from ICP):
[[ 9.30810827e-01  2.69880125e-02  3.64503570e-01 -9.35664456e+00]
 [ 2.51819611e-01  6.75458268e-01 -6.93067826e-01 -2.61607003e+01]
 [-2.64911473e-01  7.36904184e-01  6.21927758e-01  1.09962513e+02]
 [ 0.00000000e+00  0.00000000e+00  0.00000000e+00  1.00000000e+00]]
