Object ID: 5
Inlier ration of P_pred: 0.30158731341362
Num. of correspondences: 819
Avg. Euclidean Distance (ADD) [cm]: 8.500672537963188
Add Score thres: 0
Add Score thres (xyz direction): 0
Add-S Score: 0
Avg. Euclidean Distance (ADD) ICP: 8.509680629655966
Add Score ICP thres: 8.509680629655966
Add Score ICP thres (xyz direction): 0
Add-S Score ICP: 0
Error [cm]: 0.9590689068173135
Error [deg]: 116.0616916941
T_gt (Ground Truth Transformation):
[[ 8.56150010e-01  5.16503430e-01 -1.62744600e-02 -1.22834516e+01]
 [ 4.80381840e-01 -8.07096540e-01 -3.43313620e-01 -7.62756392e+00]
 [-1.90450520e-01  2.86098090e-01 -9.39100050e-01  8.72057377e+01]
 [ 0.00000000e+00  0.00000000e+00  0.00000000e+00  1.00000000e+00]]
T_pred (Predicted Transformation):
[[ -0.82720095   0.54977919   0.11610957 -13.32335723]
 [  0.47202877   0.79199404  -0.38721349  -7.90422166]
 [ -0.30484001  -0.26549631  -0.91464981  87.47613154]
 [  0.           0.           0.           1.        ]]
T_pred_ICP (Predicted Transformation from ICP):
[[ -0.83037962   0.54321237   0.12405648 -13.17433683]
 [  0.46360542   0.79706616  -0.38698263  -7.96499484]
 [ -0.30909497  -0.26382923  -0.91370369  87.31653942]
 [  0.           0.           0.           1.        ]]
