Object ID: 11
Inlier ration of P_pred: 0.0
Num. of correspondences: 172
Avg. Euclidean Distance (ADD) [cm]: 11.694078629218088
Add Score thres: 0
Add Score thres (xyz direction): 0
Add-S Score: 0
Avg. Euclidean Distance (ADD) ICP: 11.668319206689262
Add Score ICP thres: 11.668319206689262
Add Score ICP thres (xyz direction): 0
Add-S Score ICP: 0
Error [cm]: 6.387766218491845
Error [deg]: 157.9876803485992
T_gt (Ground Truth Transformation):
[[ 7.14924990e-01  6.99185090e-01 -1.05495100e-02 -6.31188118e+01]
 [ 2.21895520e-01 -2.41142160e-01 -9.44821970e-01  1.23953581e+01]
 [-6.63123010e-01  6.73096180e-01 -3.27528370e-01  1.08866428e+02]
 [ 0.00000000e+00  0.00000000e+00  0.00000000e+00  1.00000000e+00]]
T_pred (Predicted Transformation):
[[-6.40686693e-01  4.08172154e-01 -6.50319963e-01 -5.68582822e+01]
 [-5.75059712e-01  3.06123938e-01  7.58679420e-01  1.15867120e+01]
 [ 5.08750321e-01  8.60048619e-01  3.85938277e-02  1.10089860e+02]
 [ 0.00000000e+00  0.00000000e+00  0.00000000e+00  1.00000000e+00]]
T_pred_ICP (Predicted Transformation from ICP):
[[-6.34625959e-01  4.17631140e-01 -6.50256967e-01 -5.68906695e+01]
 [-5.75450932e-01  3.06271931e-01  7.58322971e-01  1.15989829e+01]
 [ 5.15854744e-01  8.55442421e-01  4.59581104e-02  1.10040987e+02]
 [ 0.00000000e+00  0.00000000e+00  0.00000000e+00  1.00000000e+00]]
