Object ID: 5
Inlier ration of P_pred: 0.8252426981925964
Num. of correspondences: 103
Avg. Euclidean Distance (ADD) [cm]: 18.42608971695458
Add Score thres: 0
Add Score thres (xyz direction): 0
Add-S Score: 0
Avg. Euclidean Distance (ADD) ICP: 18.70612239901647
Add Score ICP thres: 18.70612239901647
Add Score ICP thres (xyz direction): 0
Add-S Score ICP: 0
Error [cm]: 15.004747829157045
Error [deg]: 125.91943743629403
T_gt (Ground Truth Transformation):
[[  0.91655593   0.12717115  -0.37919823  33.73603867]
 [ -0.30399497  -0.39461701  -0.86711993 -10.09272384]
 [ -0.2599046    0.91002739  -0.32302143  94.36342173]
 [  0.           0.           0.           1.        ]]
T_pred (Predicted Transformation):
[[ 8.81589392e-01 -4.71919856e-01  9.58091334e-03  3.24384759e+01]
 [ 4.70834977e-01  8.77764721e-01 -8.85636449e-02 -1.90183275e+01]
 [ 3.33851548e-02  8.25877989e-02  9.96024441e-01  8.26021700e+01]
 [ 0.00000000e+00  0.00000000e+00  0.00000000e+00  1.00000000e+00]]
T_pred_ICP (Predicted Transformation from ICP):
[[ 8.96155773e-01 -3.66025111e-01 -2.50859420e-01  3.46355632e+01]
 [ 3.92479741e-01  9.17584021e-01  6.32393725e-02 -2.01717622e+01]
 [ 2.07037396e-01 -1.55129569e-01  9.65955658e-01  8.32843288e+01]
 [ 0.00000000e+00  0.00000000e+00  0.00000000e+00  1.00000000e+00]]
