Object ID: 12
Inlier ration of P_pred: 0.7757009267807007
Num. of correspondences: 107
Avg. Euclidean Distance (ADD) [cm]: 4.009685413969846
Add Score thres: 0
Add Score thres (xyz direction): 0
Add-S Score: 0
Avg. Euclidean Distance (ADD) ICP: 3.990673236707843
Add Score ICP thres: 3.990673236707843
Add Score ICP thres (xyz direction): 0
Add-S Score ICP: 0
Error [cm]: 1.1306039930836145
Error [deg]: 52.601516548198944
T_gt (Ground Truth Transformation):
[[-3.38764e-01 -9.37323e-01 -8.18011e-02 -4.51470e+00]
 [-4.52100e-01  2.38409e-01 -8.59534e-01  8.88054e+00]
 [ 8.25151e-01 -2.54191e-01 -5.04527e-01  8.25213e+01]
 [ 0.00000e+00  0.00000e+00  0.00000e+00  1.00000e+00]]
T_pred (Predicted Transformation):
[[-4.86665162e-01 -4.26554270e-01 -7.62370300e-01 -3.52467787e+00]
 [-2.33442232e-01  9.04452148e-01 -3.57030861e-01  9.66095568e+00]
 [ 8.41820494e-01  4.21494241e-03 -5.39741132e-01  8.27444933e+01]
 [ 0.00000000e+00  0.00000000e+00  0.00000000e+00  1.00000000e+00]]
T_pred_ICP (Predicted Transformation from ICP):
[[-5.01712243e-01 -4.24357050e-01 -7.53794349e-01 -3.64495985e+00]
 [-2.51101509e-01  9.05327276e-01 -3.42535482e-01  9.55123191e+00]
 [ 8.27787931e-01  1.74246535e-02 -5.60770473e-01  8.27896092e+01]
 [ 0.00000000e+00  0.00000000e+00  0.00000000e+00  1.00000000e+00]]
