Object ID: 8
Inlier ration of P_pred: 0.3452593982219696
Num. of correspondences: 559
Avg. Euclidean Distance (ADD) [cm]: 3.9928350943166553
Add Score thres: 0
Add Score thres (xyz direction): 0
Add-S Score: 0
Avg. Euclidean Distance (ADD) ICP: 3.9446816048669056
Add Score ICP thres: 3.9446816048669056
Add Score ICP thres (xyz direction): 0
Add-S Score ICP: 0
Error [cm]: 2.265853740011041
Error [deg]: 32.72199727131298
T_gt (Ground Truth Transformation):
[[ 8.26627920e-01  5.55896770e-01  8.80038100e-02 -1.34542275e+00]
 [ 4.17112600e-01 -5.00122990e-01 -7.58928830e-01 -6.02325649e+00]
 [-3.77852180e-01  6.64029250e-01 -6.45262090e-01  1.06758951e+02]
 [ 0.00000000e+00  0.00000000e+00  0.00000000e+00  1.00000000e+00]]
T_pred (Predicted Transformation):
[[ 9.99006782e-01  2.83897035e-02  3.43434727e-02 -1.79045614e+00]
 [ 4.39828338e-02 -5.04800009e-01 -8.62115109e-01 -4.63424157e+00]
 [-7.13860695e-03  8.62769364e-01 -5.05547292e-01  1.05012654e+02]
 [ 0.00000000e+00  0.00000000e+00  0.00000000e+00  1.00000000e+00]]
T_pred_ICP (Predicted Transformation from ICP):
[[ 9.98296296e-01  3.88403212e-02  4.35423453e-02 -1.80781691e+00]
 [ 5.71346746e-02 -4.99308633e-01 -8.64538326e-01 -4.58752747e+00]
 [-1.18378774e-02  8.65553186e-01 -5.00677088e-01  1.05068103e+02]
 [ 0.00000000e+00  0.00000000e+00  0.00000000e+00  1.00000000e+00]]
