Object ID: 11
Inlier ration of P_pred: 0.17073172330856323
Num. of correspondences: 943
Avg. Euclidean Distance (ADD) [cm]: 2.5057264282640723
Add Score thres: 0
Add Score thres (xyz direction): 0
Add-S Score: 0
Avg. Euclidean Distance (ADD) ICP: 2.4011590641123695
Add Score ICP thres: 2.4011590641123695
Add Score ICP thres (xyz direction): 0
Add-S Score ICP: 0
Error [cm]: 1.7607045094434939
Error [deg]: 35.29385901306381
T_gt (Ground Truth Transformation):
[[ 9.72276600e-01  2.30478510e-01  4.05971300e-02 -3.61803206e+01]
 [ 2.03987730e-01 -7.49619920e-01 -6.29706640e-01  1.57043876e+01]
 [-1.14689990e-01  6.20498440e-01 -7.75819640e-01  8.27265464e+01]
 [ 0.00000000e+00  0.00000000e+00  0.00000000e+00  1.00000000e+00]]
T_pred (Predicted Transformation):
[[  0.91365632  -0.33911713   0.22412431 -36.87202927]
 [ -0.15421258  -0.79932189  -0.58077792  16.85801444]
 [  0.37609921   0.49606863  -0.78260163  83.8680746 ]
 [  0.           0.           0.           1.        ]]
T_pred_ICP (Predicted Transformation from ICP):
[[  0.92031698  -0.35277781   0.16901027 -37.14427595]
 [ -0.1890981   -0.77944613  -0.59724839  16.87216947]
 [  0.34243038   0.51769832  -0.78404712  83.62496494]
 [  0.           0.           0.           1.        ]]
