Object ID: 5
Inlier ration of P_pred: 0.0
Num. of correspondences: 69
Avg. Euclidean Distance (ADD) [cm]: 12.859497392128164
Add Score thres: 0
Add Score thres (xyz direction): 0
Add-S Score: 0
Avg. Euclidean Distance (ADD) ICP: 12.32774261374069
Add Score ICP thres: 12.32774261374069
Add Score ICP thres (xyz direction): 0
Add-S Score ICP: 0
Error [cm]: 10.414257792116578
Error [deg]: 75.74285248117809
T_gt (Ground Truth Transformation):
[[ 5.68445790e-01 -8.23205680e-01  2.95651400e-02  1.53664817e+01]
 [-2.45372360e-01 -2.03485310e-01 -9.48762590e-01 -8.18481223e+00]
 [ 7.86396550e-01  5.31495510e-01 -3.17313090e-01  1.07631614e+02]
 [ 0.00000000e+00  0.00000000e+00  0.00000000e+00  1.00000000e+00]]
T_pred (Predicted Transformation):
[[ 3.63363314e-01 -7.65140352e-02  9.28500245e-01  1.38515630e+01]
 [ 9.29070342e-01 -4.43187164e-02 -3.67238548e-01 -7.64798588e+00]
 [ 6.92488423e-02  9.96083056e-01  5.49831252e-02  9.72983246e+01]
 [ 0.00000000e+00  0.00000000e+00  0.00000000e+00  1.00000000e+00]]
T_pred_ICP (Predicted Transformation from ICP):
[[ 4.64993506e-01 -1.95268467e-01  8.63511011e-01  1.45886050e+01]
 [ 8.33556015e-01 -2.32047384e-01 -5.01336596e-01 -6.38684841e+00]
 [ 2.98270700e-01  9.52903058e-01  5.48666787e-02  9.74032706e+01]
 [ 0.00000000e+00  0.00000000e+00  0.00000000e+00  1.00000000e+00]]
