Object ID: 12
Inlier ration of P_pred: 0.29745370149612427
Num. of correspondences: 864
Avg. Euclidean Distance (ADD) [cm]: 5.020280305873713
Add Score thres: 0
Add Score thres (xyz direction): 0
Add-S Score: 0
Avg. Euclidean Distance (ADD) ICP: 5.006877056265352
Add Score ICP thres: 5.006877056265352
Add Score ICP thres (xyz direction): 0
Add-S Score ICP: 0
Error [cm]: 0.9687773578242799
Error [deg]: 72.1844036227948
T_gt (Ground Truth Transformation):
[[-5.35313160e-01  8.32509290e-01 -1.47259980e-01  2.46126552e+00]
 [ 8.40902880e-01  5.06310770e-01 -1.94444640e-01  1.27448191e+01]
 [-8.72426700e-02 -2.27695420e-01 -9.70447300e-01  8.90216148e+01]
 [ 0.00000000e+00  0.00000000e+00  0.00000000e+00  1.00000000e+00]]
T_pred (Predicted Transformation):
[[-7.98429731e-01 -1.25194798e-01 -5.88928033e-01  2.91200976e+00]
 [-7.82055118e-02  9.91420838e-01 -1.04731176e-01  1.21643003e+01]
 [ 5.96987322e-01 -3.75630665e-02 -8.01370796e-01  8.84184156e+01]
 [ 0.00000000e+00  0.00000000e+00  0.00000000e+00  1.00000000e+00]]
T_pred_ICP (Predicted Transformation from ICP):
[[-8.02827005e-01 -1.24155784e-01 -5.83141614e-01  2.92258895e+00]
 [-7.47822115e-02  9.91322679e-01 -1.08106272e-01  1.21513094e+01]
 [ 5.91503526e-01 -4.31820147e-02 -8.05145262e-01  8.84105040e+01]
 [ 0.00000000e+00  0.00000000e+00  0.00000000e+00  1.00000000e+00]]
