Object ID: 12
Inlier ration of P_pred: 0.7531485557556152
Num. of correspondences: 397
Avg. Euclidean Distance (ADD) [cm]: 2.167529923765458
Add Score thres: 0
Add Score thres (xyz direction): 0
Add-S Score: 0
Avg. Euclidean Distance (ADD) ICP: 2.0022792484590735
Add Score ICP thres: 2.0022792484590735
Add Score ICP thres (xyz direction): 0
Add-S Score ICP: 0
Error [cm]: 1.0673370543501086
Error [deg]: 23.925422780079106
T_gt (Ground Truth Transformation):
[[ 9.91659e-01 -1.33371e-01  1.35011e-03  1.88634e+01]
 [-8.36549e-02 -6.29842e-01 -7.72972e-01 -3.35096e+00]
 [ 1.03876e-01  7.65941e-01 -6.35327e-01  9.81482e+01]
 [ 0.00000e+00  0.00000e+00  0.00000e+00  1.00000e+00]]
T_pred (Predicted Transformation):
[[ 8.45797841e-01 -5.33138622e-01 -1.97287063e-02  1.93142285e+01]
 [-4.07609213e-01 -6.21908643e-01 -6.68643679e-01 -2.63342085e+00]
 [ 3.44210317e-01  5.73578982e-01 -7.43321201e-01  9.73458753e+01]
 [ 0.00000000e+00  0.00000000e+00  0.00000000e+00  1.00000000e+00]]
T_pred_ICP (Predicted Transformation from ICP):
[[ 8.62921224e-01 -5.05192319e-01  1.21524280e-02  1.91493113e+01]
 [-3.63860353e-01 -6.37839976e-01 -6.78797325e-01 -2.66172766e+00]
 [ 3.50674499e-01  5.81326832e-01 -7.34225109e-01  9.73850343e+01]
 [ 0.00000000e+00  0.00000000e+00  0.00000000e+00  1.00000000e+00]]
