Object ID: 12
Inlier ration of P_pred: 0.0
Num. of correspondences: 62
Avg. Euclidean Distance (ADD) [cm]: 10.363128918665566
Add Score thres: 0
Add Score thres (xyz direction): 0
Add-S Score: 0
Avg. Euclidean Distance (ADD) ICP: 10.389881199162511
Add Score ICP thres: 10.389881199162511
Add Score ICP thres (xyz direction): 0
Add-S Score ICP: 0
Error [cm]: 6.828277415509034
Error [deg]: 160.49227145385947
T_gt (Ground Truth Transformation):
[[-8.51690730e-01  5.13992940e-01 -1.08395410e-01 -1.03715899e+01]
 [ 1.55032990e-01  4.87150700e-02 -9.87352220e-01  1.65839904e+01]
 [-5.01872260e-01 -8.57149730e-01 -1.21023130e-01  1.02476583e+02]
 [ 0.00000000e+00  0.00000000e+00  0.00000000e+00  1.00000000e+00]]
T_pred (Predicted Transformation):
[[ 6.54638584e-01 -7.39684069e-01 -1.55935250e-01 -6.94706288e+00]
 [ 7.09883089e-01  6.72433721e-01 -2.09520623e-01  2.10430818e+01]
 [ 2.59835188e-01  2.64644870e-02  9.65290270e-01  9.86511426e+01]
 [ 0.00000000e+00  0.00000000e+00  0.00000000e+00  1.00000000e+00]]
T_pred_ICP (Predicted Transformation from ICP):
[[ 6.98487881e-01 -7.04122135e-01 -1.27775971e-01 -6.91429451e+00]
 [ 6.84894752e-01  7.09513129e-01 -1.65862285e-01  2.09628247e+01]
 [ 2.07446035e-01  2.83397044e-02  9.77835878e-01  9.85397956e+01]
 [ 0.00000000e+00  0.00000000e+00  0.00000000e+00  1.00000000e+00]]
