Object ID: 12
Inlier ration of P_pred: 0.050847455859184265
Num. of correspondences: 177
Avg. Euclidean Distance (ADD) [cm]: 8.830418508955319
Add Score thres: 0
Add Score thres (xyz direction): 0
Add-S Score: 0
Avg. Euclidean Distance (ADD) ICP: 8.780029645672352
Add Score ICP thres: 8.780029645672352
Add Score ICP thres (xyz direction): 0
Add-S Score ICP: 0
Error [cm]: 5.124594086464229
Error [deg]: 134.80074776678245
T_gt (Ground Truth Transformation):
[[-0.147923  0.91316  -0.380134  5.87233 ]
 [ 0.398734 -0.296688 -0.867886  8.24766 ]
 [-0.905194 -0.279904 -0.320196 94.8731  ]
 [ 0.        0.        0.        1.      ]]
T_pred (Predicted Transformation):
[[ 5.55022617e-01 -3.77621901e-01  7.41182565e-01  4.72491970e+00]
 [ 7.80999871e-01 -7.01489070e-02 -6.20579029e-01  1.05246419e+01]
 [ 2.86337380e-01  9.23298885e-01  2.55988426e-01  9.94013014e+01]
 [ 0.00000000e+00  0.00000000e+00  0.00000000e+00  1.00000000e+00]]
T_pred_ICP (Predicted Transformation from ICP):
[[ 5.81396935e-01 -3.68971822e-01  7.25146467e-01  4.85060443e+00]
 [ 7.69393640e-01 -4.05168031e-02 -6.37488678e-01  1.05567192e+01]
 [ 2.64595976e-01  9.28557043e-01  2.60328228e-01  9.93324483e+01]
 [ 0.00000000e+00  0.00000000e+00  0.00000000e+00  1.00000000e+00]]
