Object ID: 11
Inlier ration of P_pred: 0.0
Num. of correspondences: 589
Avg. Euclidean Distance (ADD) [cm]: 4.971551318541883
Add Score thres: 0
Add Score thres (xyz direction): 0
Add-S Score: 0
Avg. Euclidean Distance (ADD) ICP: 4.956377909599462
Add Score ICP thres: 4.956377909599462
Add Score ICP thres (xyz direction): 0
Add-S Score ICP: 0
Error [cm]: 2.7730441754804818
Error [deg]: 81.67253717299198
T_gt (Ground Truth Transformation):
[[  0.96184879  -0.20428418  -0.18220231 -29.33611342]
 [ -0.21269519  -0.13874438  -0.96725706  12.59188046]
 [  0.17232231   0.96906471  -0.17689184  56.28479082]
 [  0.           0.           0.           1.        ]]
T_pred (Predicted Transformation):
[[ 4.59422611e-01  8.04658538e-01  3.76105706e-01 -2.80022736e+01]
 [ 2.22764642e-02  4.12867074e-01 -9.10518829e-01  1.48929378e+01]
 [-8.87938412e-01  4.26691244e-01  1.71755522e-01  5.55073553e+01]
 [ 0.00000000e+00  0.00000000e+00  0.00000000e+00  1.00000000e+00]]
T_pred_ICP (Predicted Transformation from ICP):
[[ 4.74329432e-01  7.99638868e-01  3.68224484e-01 -2.80092258e+01]
 [ 1.79093356e-02  4.09420352e-01 -9.12170067e-01  1.48932079e+01]
 [-8.80165237e-01  4.39263766e-01  1.79879122e-01  5.54891556e+01]
 [ 0.00000000e+00  0.00000000e+00  0.00000000e+00  1.00000000e+00]]
