Object ID: 5
Inlier ration of P_pred: 0.0
Num. of correspondences: 15
Avg. Euclidean Distance (ADD) [cm]: 9.376456365752992
Add Score thres: 0
Add Score thres (xyz direction): 0
Add-S Score: 0
Avg. Euclidean Distance (ADD) ICP: 9.36749412157799
Add Score ICP thres: 9.36749412157799
Add Score ICP thres (xyz direction): 0
Add-S Score ICP: 0
Error [cm]: 4.648530349463938
Error [deg]: 111.57994869852013
T_gt (Ground Truth Transformation):
[[  0.81779784   0.40007528   0.41374023   9.86989746]
 [  0.55278504  -0.34589286  -0.75817315 -10.90200406]
 [ -0.160211     0.84872331  -0.50401316 105.76393408]
 [  0.           0.           0.           1.        ]]
T_pred (Predicted Transformation):
[[-5.93848118e-01  7.97932660e-01  1.03188577e-01  8.33520709e+00]
 [ 8.54758669e-03  1.34501459e-01 -9.90876529e-01 -8.75760213e+00]
 [-8.04531759e-01 -5.87548149e-01 -8.66938370e-02  1.09627119e+02]
 [ 0.00000000e+00  0.00000000e+00  0.00000000e+00  1.00000000e+00]]
T_pred_ICP (Predicted Transformation from ICP):
[[-5.87892384e-01  7.99368248e-01  1.24068324e-01  8.48430291e+00]
 [-4.11426869e-03  1.50415009e-01 -9.88614383e-01 -8.68377905e+00]
 [-8.08928685e-01 -5.81709317e-01 -8.51390223e-02  1.09606907e+02]
 [ 0.00000000e+00  0.00000000e+00  0.00000000e+00  1.00000000e+00]]
