Object ID: 6
Inlier ration of P_pred: 0.0
Num. of correspondences: 129
Avg. Euclidean Distance (ADD) [cm]: 5.583753550629996
Add Score thres: 0
Add Score thres (xyz direction): 0
Add-S Score: 0
Avg. Euclidean Distance (ADD) ICP: 5.465117065080289
Add Score ICP thres: 5.465117065080289
Add Score ICP thres (xyz direction): 0
Add-S Score ICP: 0
Error [cm]: 4.029654271250296
Error [deg]: 69.0294587305638
T_gt (Ground Truth Transformation):
[[ 3.86804730e-01 -9.14136880e-01 -1.22398740e-01  2.49963867e+01]
 [-2.72597050e-01  1.34235200e-02 -9.62144870e-01  1.83041014e+01]
 [ 8.81119910e-01  4.05500010e-01 -2.43987650e-01  1.35684994e+02]
 [ 0.00000000e+00  0.00000000e+00  0.00000000e+00  1.00000000e+00]]
T_pred (Predicted Transformation):
[[-4.18253050e-01 -8.45250118e-01 -3.32590776e-01  2.68383441e+01]
 [ 5.42307368e-01  6.13642678e-02 -8.37936242e-01  1.80966838e+01]
 [ 7.28674897e-01 -5.30835817e-01  4.32719574e-01  1.32086374e+02]
 [ 0.00000000e+00  0.00000000e+00  0.00000000e+00  1.00000000e+00]]
T_pred_ICP (Predicted Transformation from ICP):
[[-4.14938954e-01 -8.61452339e-01 -2.92789227e-01  2.66763941e+01]
 [ 5.04955640e-01  4.96549238e-02 -8.61715841e-01  1.81930491e+01]
 [ 7.56865554e-01 -5.05405041e-01  4.14391455e-01  1.32023935e+02]
 [ 0.00000000e+00  0.00000000e+00  0.00000000e+00  1.00000000e+00]]
