Object ID: 6
Inlier ration of P_pred: 0.5833333134651184
Num. of correspondences: 324
Avg. Euclidean Distance (ADD) [cm]: 14.39468789478786
Add Score thres: 0
Add Score thres (xyz direction): 0
Add-S Score: 0
Avg. Euclidean Distance (ADD) ICP: 14.278268793005916
Add Score ICP thres: 14.278268793005916
Add Score ICP thres (xyz direction): 0
Add-S Score ICP: 0
Error [cm]: 10.28522981841747
Error [deg]: 161.75888355332953
T_gt (Ground Truth Transformation):
[[-3.26988020e-01 -9.44948700e-01 -1.69950700e-02 -1.11272429e+01]
 [-8.50350380e-01  3.01996990e-01 -4.31087950e-01 -1.78175499e+01]
 [ 4.12471910e-01 -1.26489100e-01 -9.02209030e-01  1.12992603e+02]
 [ 0.00000000e+00  0.00000000e+00  0.00000000e+00  1.00000000e+00]]
T_pred (Predicted Transformation):
[[  0.89382728   0.38306009   0.23310461 -16.13472346]
 [ -0.12324063   0.70968226  -0.69365902 -16.30210799]
 [ -0.43114329   0.5912834    0.68154193 103.92859876]
 [  0.           0.           0.           1.        ]]
T_pred_ICP (Predicted Transformation from ICP):
[[  0.9110317    0.36538893   0.19108157 -15.90631559]
 [ -0.16724484   0.75102644  -0.63873974 -16.7416337 ]
 [ -0.37689574   0.54995474   0.74531831 103.94888612]
 [  0.           0.           0.           1.        ]]
