Object ID: 11
Inlier ration of P_pred: 0.22055009007453918
Num. of correspondences: 1927
Avg. Euclidean Distance (ADD) [cm]: 3.0751405825613887
Add Score thres: 0
Add Score thres (xyz direction): 0
Add-S Score: 0
Avg. Euclidean Distance (ADD) ICP: 2.9773494054824465
Add Score ICP thres: 2.9773494054824465
Add Score ICP thres (xyz direction): 0
Add-S Score ICP: 0
Error [cm]: 2.1639201991617947
Error [deg]: 28.744842273597737
T_gt (Ground Truth Transformation):
[[  0.36667057   0.86530608  -0.3419005  -27.48300327]
 [  0.23836993  -0.44264195  -0.8644751    9.98415565]
 [ -0.89932151   0.23549512  -0.36852807 119.46513697]
 [  0.           0.           0.           1.        ]]
T_pred (Predicted Transformation):
[[-8.57037099e-03  9.85586345e-01 -1.68955927e-01 -2.74324769e+01]
 [ 1.02081483e-01 -1.67217087e-01 -9.80621138e-01  1.12860337e+01]
 [-9.94739121e-01 -2.56515585e-02 -9.91770031e-02  1.17587995e+02]
 [ 0.00000000e+00  0.00000000e+00  0.00000000e+00  1.00000000e+00]]
T_pred_ICP (Predicted Transformation from ICP):
[[-4.06389003e-02  9.88210941e-01 -1.47606287e-01 -2.74867083e+01]
 [ 1.25981418e-01 -1.41481601e-01 -9.81891867e-01  1.12598292e+01]
 [-9.91199860e-01 -5.84986550e-02 -1.18746559e-01  1.17717226e+02]
 [ 0.00000000e+00  0.00000000e+00  0.00000000e+00  1.00000000e+00]]
