Object ID: 11
Inlier ration of P_pred: 0.0
Num. of correspondences: 931
Avg. Euclidean Distance (ADD) [cm]: 8.740069060813372
Add Score thres: 0
Add Score thres (xyz direction): 0
Add-S Score: 0
Avg. Euclidean Distance (ADD) ICP: 7.582864036255503
Add Score ICP thres: 7.582864036255503
Add Score ICP thres (xyz direction): 0
Add-S Score ICP: 0
Error [cm]: 5.343440738387559
Error [deg]: 139.40125884121798
T_gt (Ground Truth Transformation):
[[ 9.77684770e-01 -2.00717750e-01 -6.26722500e-02 -2.81973979e+01]
 [-2.03136330e-01 -8.24466940e-01 -5.28267760e-01  2.64282914e+01]
 [ 5.43674500e-02  5.29184430e-01 -8.46805920e-01  8.37302378e+01]
 [ 0.00000000e+00  0.00000000e+00  0.00000000e+00  1.00000000e+00]]
T_pred (Predicted Transformation):
[[ -0.69734133  -0.36588846  -0.61631218 -22.37147623]
 [  0.15435914   0.76303924  -0.62764988  28.6084109 ]
 [  0.69992023  -0.53281962  -0.47562058  82.85987457]
 [  0.           0.           0.           1.        ]]
T_pred_ICP (Predicted Transformation from ICP):
[[-7.37858308e-01 -5.31328743e-01 -4.16238975e-01 -2.37822180e+01]
 [-7.91664055e-02  6.80562360e-01 -7.28400682e-01  2.94237466e+01]
 [ 6.70296799e-01 -5.04504351e-01 -5.44221978e-01  8.34373333e+01]
 [ 0.00000000e+00  0.00000000e+00  0.00000000e+00  1.00000000e+00]]
