Object ID: 5
Inlier ration of P_pred: 0.2736750841140747
Num. of correspondences: 1151
Avg. Euclidean Distance (ADD) [cm]: 13.830600264105309
Add Score thres: 0
Add Score thres (xyz direction): 0
Add-S Score: 0
Avg. Euclidean Distance (ADD) ICP: 13.852251014637908
Add Score ICP thres: 13.852251014637908
Add Score ICP thres (xyz direction): 0
Add-S Score ICP: 0
Error [cm]: 4.460795517562668
Error [deg]: 171.53033499603646
T_gt (Ground Truth Transformation):
[[ 2.18088240e-01 -9.71705250e-01 -9.91469400e-02  1.25328585e+01]
 [-9.72893640e-01 -2.06913300e-01 -1.11406720e-01 -2.02365042e+01]
 [ 8.75948100e-02  1.20566530e-01 -9.89682170e-01  9.67331244e+01]
 [ 0.00000000e+00  0.00000000e+00  0.00000000e+00  1.00000000e+00]]
T_pred (Predicted Transformation):
[[-6.19717839e-01  7.81677254e-01 -7.02173150e-02  1.11833370e+01]
 [-7.84819204e-01 -6.17562854e-01  5.17198039e-02 -1.87127874e+01]
 [-2.93541119e-03  8.71595824e-02  9.96190037e-01  9.28103724e+01]
 [ 0.00000000e+00  0.00000000e+00  0.00000000e+00  1.00000000e+00]]
T_pred_ICP (Predicted Transformation from ICP):
[[-6.27775799e-01  7.75380406e-01 -6.84307796e-02  1.13026812e+01]
 [-7.78393527e-01 -6.25228197e-01  5.65085609e-02 -1.86843744e+01]
 [ 1.03077797e-03  8.87407829e-02  9.96054221e-01  9.27360938e+01]
 [ 0.00000000e+00  0.00000000e+00  0.00000000e+00  1.00000000e+00]]
