Object ID: 5
Inlier ration of P_pred: 0.8125
Num. of correspondences: 80
Avg. Euclidean Distance (ADD) [cm]: 12.93851028164616
Add Score thres: 0
Add Score thres (xyz direction): 0
Add-S Score: 0
Avg. Euclidean Distance (ADD) ICP: 12.90611654942995
Add Score ICP thres: 12.90611654942995
Add Score ICP thres (xyz direction): 0
Add-S Score ICP: 0
Error [cm]: 3.896826514871511
Error [deg]: 166.3487902958959
T_gt (Ground Truth Transformation):
[[ 0.88096289 -0.39753357 -0.25711098 20.34860661]
 [-0.42563257 -0.4271372  -0.79786572 -1.31166538]
 [ 0.20732881  0.81225398 -0.54542989 97.15117866]
 [ 0.          0.          0.          1.        ]]
T_pred (Predicted Transformation):
[[-5.66971038e-01  8.23591128e-01 -1.55401195e-02  1.91087655e+01]
 [-3.81771245e-01 -2.46005921e-01  8.90916272e-01 -4.05091926e+00]
 [ 7.29927776e-01  5.11056494e-01  4.53901643e-01  9.45507490e+01]
 [ 0.00000000e+00  0.00000000e+00  0.00000000e+00  1.00000000e+00]]
T_pred_ICP (Predicted Transformation from ICP):
[[-5.67551548e-01  8.22975307e-01 -2.44312208e-02  1.91600568e+01]
 [-3.84862371e-01 -2.38948399e-01  8.91506937e-01 -3.98014265e+00]
 [ 7.27850393e-01  5.15378800e-01  4.52347762e-01  9.45720634e+01]
 [ 0.00000000e+00  0.00000000e+00  0.00000000e+00  1.00000000e+00]]
