Object ID: 5
Inlier ration of P_pred: 0.8556391000747681
Num. of correspondences: 665
Avg. Euclidean Distance (ADD) [cm]: 7.71034494183295
Add Score thres: 0
Add Score thres (xyz direction): 0
Add-S Score: 0
Avg. Euclidean Distance (ADD) ICP: 7.677793118545785
Add Score ICP thres: 7.677793118545785
Add Score ICP thres (xyz direction): 0
Add-S Score ICP: 0
Error [cm]: 0.7160747529788849
Error [deg]: 100.12256972822328
T_gt (Ground Truth Transformation):
[[ 9.77046050e-01  2.14041930e-01 -3.58957900e-02  1.31657942e+01]
 [ 1.16085420e-01 -6.55290340e-01 -7.47550400e-01 -1.03524521e+01]
 [-1.83476450e-01  7.25494260e-01 -6.64524260e-01  6.81125190e+01]
 [ 0.00000000e+00  0.00000000e+00  0.00000000e+00  1.00000000e+00]]
T_pred (Predicted Transformation):
[[ 3.24446161e-02 -9.94159144e-01  1.02931742e-01  1.38350120e+01]
 [-5.77277019e-01 -1.02710626e-01 -8.10062819e-01 -1.00541481e+01]
 [ 8.15903542e-01 -3.31379518e-02 -5.77237634e-01  6.80604868e+01]
 [ 0.00000000e+00  0.00000000e+00  0.00000000e+00  1.00000000e+00]]
T_pred_ICP (Predicted Transformation from ICP):
[[ 4.14036368e-02 -9.92956637e-01  1.11008362e-01  1.38517227e+01]
 [-5.74637316e-01 -1.14554692e-01 -8.10351268e-01 -1.01541206e+01]
 [ 8.17360198e-01 -3.02380575e-02 -5.75332918e-01  6.80583915e+01]
 [ 0.00000000e+00  0.00000000e+00  0.00000000e+00  1.00000000e+00]]
