Object ID: 5
Inlier ration of P_pred: 0.9805825352668762
Num. of correspondences: 206
Avg. Euclidean Distance (ADD) [cm]: 17.26626330108282
Add Score thres: 0
Add Score thres (xyz direction): 0
Add-S Score: 0
Avg. Euclidean Distance (ADD) ICP: 16.21023749299565
Add Score ICP thres: 16.21023749299565
Add Score ICP thres (xyz direction): 0
Add-S Score ICP: 0
Error [cm]: 13.223574892219156
Error [deg]: 90.31179064290313
T_gt (Ground Truth Transformation):
[[ 9.85446600e-01  1.68879630e-01 -4.58455000e-02  1.38183801e+01]
 [ 2.58109000e-02 -3.99848750e-01 -9.17165720e-01 -5.98758489e+00]
 [-1.73166660e-01  9.01755070e-01 -3.98017470e-01  7.11209251e+01]
 [ 0.00000000e+00  0.00000000e+00  0.00000000e+00  1.00000000e+00]]
T_pred (Predicted Transformation):
[[ 9.57603993e-01 -2.71494835e-01  9.63594652e-02  1.34352795e+01]
 [ 2.88000791e-01  9.10397188e-01 -2.97039567e-01 -1.22957571e+01]
 [-7.08067810e-03  3.12197877e-01  9.49990710e-01  5.85400812e+01]
 [ 0.00000000e+00  0.00000000e+00  0.00000000e+00  1.00000000e+00]]
T_pred_ICP (Predicted Transformation from ICP):
[[ 9.62467796e-01 -2.45392770e-01  1.15922949e-01  1.32465719e+01]
 [ 2.71370460e-01  8.64319857e-01 -4.23449239e-01 -1.11109176e+01]
 [ 3.71687530e-03  4.39014320e-01  8.98472377e-01  5.89435925e+01]
 [ 0.00000000e+00  0.00000000e+00  0.00000000e+00  1.00000000e+00]]
