Object ID: 8
Inlier ration of P_pred: 0.14828896522521973
Num. of correspondences: 263
Avg. Euclidean Distance (ADD) [cm]: 11.503710849883483
Add Score thres: 0
Add Score thres (xyz direction): 0
Add-S Score: 0
Avg. Euclidean Distance (ADD) ICP: 11.482328402212442
Add Score ICP thres: 11.482328402212442
Add Score ICP thres (xyz direction): 0
Add-S Score ICP: 0
Error [cm]: 2.6030588100221266
Error [deg]: 167.45491898959673
T_gt (Ground Truth Transformation):
[[ 5.03120740e-01  8.53767730e-01  1.37645570e-01 -1.19791499e+01]
 [ 3.21867790e-01 -3.70834200e-02 -9.46490400e-01 -4.04147461e+00]
 [-8.02671190e-01  5.20286990e-01 -2.93312760e-01  1.09452277e+02]
 [ 0.00000000e+00  0.00000000e+00  0.00000000e+00  1.00000000e+00]]
T_pred (Predicted Transformation):
[[ -0.33533034  -0.90763386  -0.25249623 -11.91513953]
 [ -0.91288161   0.37927382  -0.1509918   -1.88796101]
 [  0.23281048   0.17986703  -0.95574428 110.85586327]
 [  0.           0.           0.           1.        ]]
T_pred_ICP (Predicted Transformation from ICP):
[[ -0.32360169  -0.91262954  -0.24977842 -11.97493869]
 [ -0.91633422   0.36806688  -0.15766535  -1.84110124]
 [  0.23582522   0.17785974  -0.95538075 110.84305173]
 [  0.           0.           0.           1.        ]]
