Object ID: 12
Inlier ration of P_pred: 0.4155673086643219
Num. of correspondences: 758
Avg. Euclidean Distance (ADD) [cm]: 8.996591437860863
Add Score thres: 0
Add Score thres (xyz direction): 0
Add-S Score: 0
Avg. Euclidean Distance (ADD) ICP: 8.99996524816351
Add Score ICP thres: 8.99996524816351
Add Score ICP thres (xyz direction): 0
Add-S Score ICP: 0
Error [cm]: 6.7133489698559465
Error [deg]: 180.0
T_gt (Ground Truth Transformation):
[[-0.57124661  0.78693705 -0.23608057  2.68736122]
 [ 0.7437189   0.373148   -0.55583025  8.3917204 ]
 [-0.34906714 -0.49270511 -0.7978594  87.29715383]
 [ 0.          0.          0.          1.        ]]
T_pred (Predicted Transformation):
[[-9.88767341e-01  6.93607172e-02  1.32394249e-01  3.04487029e+00]
 [ 3.61942017e-02 -7.48318347e-01  6.62351592e-01  1.33779987e+01]
 [ 1.45014227e-01  6.59703527e-01  7.37402286e-01  9.17278380e+01]
 [ 0.00000000e+00  0.00000000e+00  0.00000000e+00  1.00000000e+00]]
T_pred_ICP (Predicted Transformation from ICP):
[[-9.87420936e-01  4.35189688e-02  1.52006560e-01  3.27771884e+00]
 [ 5.35979346e-02 -8.12327150e-01  5.80733900e-01  1.32770413e+01]
 [ 1.48751996e-01  5.81576049e-01  7.99776308e-01  9.18637907e+01]
 [ 0.00000000e+00  0.00000000e+00  0.00000000e+00  1.00000000e+00]]
