Object ID: 12
Inlier ration of P_pred: 0.7401639223098755
Num. of correspondences: 1220
Avg. Euclidean Distance (ADD) [cm]: 1.8140264624166564
Add Score thres: 0
Add Score thres (xyz direction): 0
Add-S Score: 0
Avg. Euclidean Distance (ADD) ICP: 1.8103423287118878
Add Score ICP thres: 1.8103423287118878
Add Score ICP thres (xyz direction): 0
Add-S Score ICP: 0
Error [cm]: 0.7270498867319195
Error [deg]: 22.963628682303128
T_gt (Ground Truth Transformation):
[[-7.98033e-02  9.91509e-01  1.03122e-01 -1.97416e+00]
 [ 9.20073e-01  1.13077e-01 -3.75196e-01  2.61973e+01]
 [-3.83666e-01  6.49334e-02 -9.21239e-01  9.67498e+01]
 [ 0.00000e+00  0.00000e+00  0.00000e+00  1.00000e+00]]
T_pred (Predicted Transformation):
[[-1.60434548e-02  9.58756671e-01 -2.83775004e-01 -1.46159084e+00]
 [ 9.36087559e-01 -8.53421147e-02 -3.41257682e-01  2.57817883e+01]
 [-3.51401039e-01 -2.71113203e-01 -8.96111009e-01  9.71209915e+01]
 [ 0.00000000e+00  0.00000000e+00  0.00000000e+00  1.00000000e+00]]
T_pred_ICP (Predicted Transformation from ICP):
[[-9.05889373e-03  9.57903716e-01 -2.86946699e-01 -1.50681156e+00]
 [ 9.36481032e-01 -9.24850924e-02 -3.38304278e-01  2.57902028e+01]
 [-3.50601217e-01 -2.71784803e-01 -8.96220847e-01  9.71298774e+01]
 [ 0.00000000e+00  0.00000000e+00  0.00000000e+00  1.00000000e+00]]
