Object ID: 12
Inlier ration of P_pred: 0.8092485666275024
Num. of correspondences: 173
Avg. Euclidean Distance (ADD) [cm]: 9.647844697312006
Add Score thres: 0
Add Score thres (xyz direction): 0
Add-S Score: 0
Avg. Euclidean Distance (ADD) ICP: 8.830976821690223
Add Score ICP thres: 8.830976821690223
Add Score ICP thres (xyz direction): 0
Add-S Score ICP: 0
Error [cm]: 4.075331582007067
Error [deg]: 164.8004038984573
T_gt (Ground Truth Transformation):
[[ 9.73060e-01 -2.31505e-01 -3.65701e-02  1.44767e+01]
 [-2.18120e-01 -8.37455e-01 -5.02813e-01 -1.06359e+01]
 [ 8.56759e-02  4.96766e-01 -8.64575e-01  1.08145e+02]
 [ 0.00000e+00  0.00000e+00  0.00000e+00  1.00000e+00]]
T_pred (Predicted Transformation):
[[ 8.26340024e-01  3.80182400e-01  4.15479852e-01  1.30743985e+01]
 [-3.74055680e-01  9.22026935e-01 -9.97430632e-02 -1.20507230e+01]
 [-4.21004172e-01 -7.29909134e-02  9.04117146e-01  1.03192300e+02]
 [ 0.00000000e+00  0.00000000e+00  0.00000000e+00  1.00000000e+00]]
T_pred_ICP (Predicted Transformation from ICP):
[[ 6.64131453e-01  3.12782487e-01  6.79040889e-01  1.27716120e+01]
 [-4.02136661e-01  9.15144337e-01 -2.82302827e-02 -1.21469789e+01]
 [-6.30250362e-01 -2.54318617e-01  7.33557443e-01  1.04766000e+02]
 [ 0.00000000e+00  0.00000000e+00  0.00000000e+00  1.00000000e+00]]
