Object ID: 11
Inlier ration of P_pred: 0.7488151788711548
Num. of correspondences: 211
Avg. Euclidean Distance (ADD) [cm]: 8.145518506513058
Add Score thres: 0
Add Score thres (xyz direction): 0
Add-S Score: 0
Avg. Euclidean Distance (ADD) ICP: 8.102565822038896
Add Score ICP thres: 8.102565822038896
Add Score ICP thres (xyz direction): 0
Add-S Score ICP: 0
Error [cm]: 2.174195413236944
Error [deg]: 108.57820634426271
T_gt (Ground Truth Transformation):
[[-9.62913000e-02  8.74357290e-01  4.75926070e-01 -6.96481364e+00]
 [ 6.88341590e-01  4.03922300e-01 -6.02708950e-01 -8.36058149e+00]
 [-7.19136900e-01  2.69537340e-01 -6.40620080e-01  1.08400772e+02]
 [ 0.00000000e+00  0.00000000e+00  0.00000000e+00  1.00000000e+00]]
T_pred (Predicted Transformation):
[[-6.71799533e-01 -6.24481911e-01  3.98381388e-01 -7.99484718e+00]
 [-4.63339763e-02  5.72194405e-01  8.18808113e-01 -1.02697255e+01]
 [-7.39282456e-01  5.31616314e-01 -4.13334664e-01  1.08775198e+02]
 [ 0.00000000e+00  0.00000000e+00  0.00000000e+00  1.00000000e+00]]
T_pred_ICP (Predicted Transformation from ICP):
[[-6.66907829e-01 -6.25606318e-01  4.04784736e-01 -8.06167222e+00]
 [-5.11256530e-02  5.80370357e-01  8.12746219e-01 -1.02026509e+01]
 [-7.43384231e-01  5.21331932e-01 -4.19038066e-01  1.08762445e+02]
 [ 0.00000000e+00  0.00000000e+00  0.00000000e+00  1.00000000e+00]]
