Object ID: 11
Inlier ration of P_pred: 0.08169868588447571
Num. of correspondences: 4945
Avg. Euclidean Distance (ADD) [cm]: 5.325026405771626
Add Score thres: 0
Add Score thres (xyz direction): 0
Add-S Score: 0
Avg. Euclidean Distance (ADD) ICP: 5.233224474865069
Add Score ICP thres: 5.233224474865069
Add Score ICP thres (xyz direction): 0
Add-S Score ICP: 0
Error [cm]: 3.997687063703298
Error [deg]: 53.175291017674574
T_gt (Ground Truth Transformation):
[[ 9.89444160e-01 -1.13720300e-02  1.44524850e-01 -3.05968553e+01]
 [ 1.33944920e-01 -3.09614580e-01 -9.41396210e-01  5.86204317e+00]
 [ 5.54643800e-02  9.50812870e-01 -3.04818490e-01  7.52226000e+01]
 [ 0.00000000e+00  0.00000000e+00  0.00000000e+00  1.00000000e+00]]
T_pred (Predicted Transformation):
[[ 6.23781597e-01 -7.80212430e-01 -4.65304448e-02 -2.96082286e+01]
 [ 3.75061870e-02  8.93438226e-02 -9.95294412e-01  8.10720801e+00]
 [ 7.80698280e-01  6.19101159e-01  8.49938257e-02  7.19716040e+01]
 [ 0.00000000e+00  0.00000000e+00  0.00000000e+00  1.00000000e+00]]
T_pred_ICP (Predicted Transformation from ICP):
[[ 6.57098887e-01 -7.51978106e-01 -5.24402626e-02 -2.96259831e+01]
 [ 2.91700185e-02  9.48815553e-02 -9.95061104e-01  8.00768015e+00]
 [ 7.53239778e-01  6.52323860e-01  8.42817796e-02  7.19922516e+01]
 [ 0.00000000e+00  0.00000000e+00  0.00000000e+00  1.00000000e+00]]
