Object ID: 11
Inlier ration of P_pred: 0.0
Num. of correspondences: 272
Avg. Euclidean Distance (ADD) [cm]: 8.802580560927428
Add Score thres: 0
Add Score thres (xyz direction): 0
Add-S Score: 0
Avg. Euclidean Distance (ADD) ICP: 8.850036369368159
Add Score ICP thres: 8.850036369368159
Add Score ICP thres (xyz direction): 0
Add-S Score ICP: 0
Error [cm]: 1.7740800452114702
Error [deg]: 172.06542377630075
T_gt (Ground Truth Transformation):
[[ 0.94515802 -0.29179728 -0.14695775 -5.77872908]
 [-0.3064596  -0.63609118 -0.70820424 14.11551067]
 [ 0.11315776  0.71441378 -0.6905622  75.16347785]
 [ 0.          0.          0.          1.        ]]
T_pred (Predicted Transformation):
[[ 1.13743965e-02 -3.88331644e-01  9.21449487e-01 -5.31266686e+00]
 [ 1.04511510e-01  9.16923655e-01  3.85134204e-01  1.57944198e+01]
 [-9.94458630e-01  9.19214078e-02  5.10145795e-02  7.44375788e+01]
 [ 0.00000000e+00  0.00000000e+00  0.00000000e+00  1.00000000e+00]]
T_pred_ICP (Predicted Transformation from ICP):
[[ 4.20585501e-02 -4.10545376e-01  9.10869679e-01 -5.38580498e+00]
 [ 1.17716474e-01  9.07362650e-01  4.03529248e-01  1.57629118e+01]
 [-9.92156192e-01  9.02525117e-02  8.64903115e-02  7.46352352e+01]
 [ 0.00000000e+00  0.00000000e+00  0.00000000e+00  1.00000000e+00]]
