Object ID: 6
Inlier ration of P_pred: 0.8333333730697632
Num. of correspondences: 312
Avg. Euclidean Distance (ADD) [cm]: 14.577788738369122
Add Score thres: 0
Add Score thres (xyz direction): 0
Add-S Score: 0
Avg. Euclidean Distance (ADD) ICP: 14.487213572313967
Add Score ICP thres: 14.487213572313967
Add Score ICP thres (xyz direction): 0
Add-S Score ICP: 0
Error [cm]: 10.814096172224923
Error [deg]: 180.0
T_gt (Ground Truth Transformation):
[[ 2.99447880e-01 -9.53485720e-01 -3.50599800e-02  9.50728540e+00]
 [-8.58405910e-01 -2.53187490e-01 -4.46161050e-01 -3.26214537e+01]
 [ 4.16525230e-01  1.63689470e-01 -8.94277360e-01  9.33244756e+01]
 [ 0.00000000e+00  0.00000000e+00  0.00000000e+00  1.00000000e+00]]
T_pred (Predicted Transformation):
[[ -0.30272929  -0.22880543   0.92520433   3.01567081]
 [  0.9158356    0.19887546   0.34884624 -37.58668989]
 [ -0.26381835   0.95294104   0.14934273  86.26104628]
 [  0.           0.           0.           1.        ]]
T_pred_ICP (Predicted Transformation from ICP):
[[-3.57959238e-01 -7.22683101e-02  9.30936343e-01  2.47159707e+00]
 [ 8.65138249e-01  3.49415730e-01  3.59783905e-01 -3.80668198e+01]
 [-3.51284776e-01  9.34176610e-01 -6.25545092e-02  8.71769758e+01]
 [ 0.00000000e+00  0.00000000e+00  0.00000000e+00  1.00000000e+00]]
