Object ID: 11
Inlier ration of P_pred: 0.19780220091342926
Num. of correspondences: 182
Avg. Euclidean Distance (ADD) [cm]: 6.253325893292553
Add Score thres: 0
Add Score thres (xyz direction): 0
Add-S Score: 0
Avg. Euclidean Distance (ADD) ICP: 6.2322800554484585
Add Score ICP thres: 6.2322800554484585
Add Score ICP thres (xyz direction): 0
Add-S Score ICP: 0
Error [cm]: 3.8157550299907146
Error [deg]: 107.82035173737245
T_gt (Ground Truth Transformation):
[[ 4.98224720e-01  8.61898600e-01  9.59116900e-02 -2.50523350e-01]
 [ 8.08228940e-01 -4.21418640e-01 -4.11595670e-01 -2.19016986e+00]
 [-3.14295810e-01  2.82560110e-01 -9.06392830e-01  1.04406847e+02]
 [ 0.00000000e+00  0.00000000e+00  0.00000000e+00  1.00000000e+00]]
T_pred (Predicted Transformation):
[[ 4.98524883e-01 -5.01264611e-01  7.07252947e-01 -3.08668334e+00]
 [-3.82140260e-01 -8.59390394e-01 -3.39730734e-01  1.38055498e-01]
 [ 7.78101383e-01 -1.00905601e-01 -6.19980885e-01  1.03371984e+02]
 [ 0.00000000e+00  0.00000000e+00  0.00000000e+00  1.00000000e+00]]
T_pred_ICP (Predicted Transformation from ICP):
[[ 5.07789248e-01 -4.98283160e-01  7.02754561e-01 -3.09920203e+00]
 [-3.75248079e-01 -8.62230887e-01 -3.40215780e-01  1.27654979e-01]
 [ 7.75460482e-01 -9.09493843e-02 -6.24811372e-01  1.03371132e+02]
 [ 0.00000000e+00  0.00000000e+00  0.00000000e+00  1.00000000e+00]]
