Object ID: 12
Inlier ration of P_pred: 0.23782235383987427
Num. of correspondences: 349
Avg. Euclidean Distance (ADD) [cm]: 4.199984422332788
Add Score thres: 0
Add Score thres (xyz direction): 0
Add-S Score: 0
Avg. Euclidean Distance (ADD) ICP: 4.223810966281888
Add Score ICP thres: 4.223810966281888
Add Score ICP thres (xyz direction): 0
Add-S Score ICP: 0
Error [cm]: 1.7309255327802726
Error [deg]: 51.97980285221544
T_gt (Ground Truth Transformation):
[[-0.88197578  0.43595666 -0.18268963  3.37999444]
 [ 0.45357966  0.67182416 -0.58671742 -3.12559044]
 [-0.13293633 -0.59988447 -0.78971409 98.1732349 ]
 [ 0.          0.          0.          1.        ]]
T_pred (Predicted Transformation):
[[-2.13323746e-01  9.73762687e-01 -7.92414624e-02  1.94000400e+00]
 [ 7.93060200e-01  1.25225744e-01 -5.96132562e-01 -3.87792674e+00]
 [-5.70568575e-01 -1.90012481e-01 -7.98966056e-01  9.86792645e+01]
 [ 0.00000000e+00  0.00000000e+00  0.00000000e+00  1.00000000e+00]]
T_pred_ICP (Predicted Transformation from ICP):
[[-0.20050434  0.97349472 -0.11002745  1.85988682]
 [ 0.81295155  0.10265205 -0.57321229 -3.69585515]
 [-0.5467246  -0.20437853 -0.81198623 98.77338004]
 [ 0.          0.          0.          1.        ]]
