Object ID: 8
Inlier ration of P_pred: 0.0
Num. of correspondences: 363
Avg. Euclidean Distance (ADD) [cm]: 12.598754421319226
Add Score thres: 0
Add Score thres (xyz direction): 0
Add-S Score: 0
Avg. Euclidean Distance (ADD) ICP: 12.805510979820157
Add Score ICP thres: 12.805510979820157
Add Score ICP thres (xyz direction): 0
Add-S Score ICP: 0
Error [cm]: 6.95462266467478
Error [deg]: 123.48967443088064
T_gt (Ground Truth Transformation):
[[ 9.91391230e-01  1.10845440e-01  7.08536100e-02  8.06553520e+00]
 [ 1.23451950e-01 -9.69963760e-01 -2.10093950e-01 -1.06446967e+01]
 [ 4.54329200e-02  2.17007540e-01 -9.75197440e-01  9.36120900e+01]
 [ 0.00000000e+00  0.00000000e+00  0.00000000e+00  1.00000000e+00]]
T_pred (Predicted Transformation):
[[ -0.61739166   0.43608696   0.65471803   6.49718573]
 [  0.77098159   0.17011985   0.61371543 -15.02690052]
 [  0.15625277   0.88367834  -0.44124559  88.836369  ]
 [  0.           0.           0.           1.        ]]
T_pred_ICP (Predicted Transformation from ICP):
[[ -0.62624962   0.42520985   0.65345849   6.52987709]
 [  0.76108421   0.15174166   0.63065466 -15.21721355]
 [  0.1690037    0.89228417  -0.41864866  88.6020381 ]
 [  0.           0.           0.           1.        ]]
