Object ID: 12
Inlier ration of P_pred: 0.6363636255264282
Num. of correspondences: 66
Avg. Euclidean Distance (ADD) [cm]: 10.660300079817144
Add Score thres: 0
Add Score thres (xyz direction): 0
Add-S Score: 0
Avg. Euclidean Distance (ADD) ICP: 10.592942546485183
Add Score ICP thres: 10.592942546485183
Add Score ICP thres (xyz direction): 0
Add-S Score ICP: 0
Error [cm]: 5.809019540088458
Error [deg]: 163.84474933461044
T_gt (Ground Truth Transformation):
[[ 9.95450e-01 -9.34057e-02 -2.50997e-02  1.90007e+01]
 [-9.35802e-02 -8.64879e-01 -4.93445e-01  6.85991e+00]
 [ 2.43793e-02  4.93486e-01 -8.69566e-01  1.05843e+02]
 [ 0.00000e+00  0.00000e+00  0.00000e+00  1.00000e+00]]
T_pred (Predicted Transformation):
[[ 9.88363648e-01  1.06834169e-01 -1.08276313e-01  1.94449258e+01]
 [ 3.29188387e-03  6.96641583e-01  7.17411784e-01  2.42385197e+00]
 [ 1.52073874e-01 -7.09420161e-01  6.88183531e-01  1.01957754e+02]
 [ 0.00000000e+00  0.00000000e+00  0.00000000e+00  1.00000000e+00]]
T_pred_ICP (Predicted Transformation from ICP):
[[ 9.89428722e-01  1.04145059e-01 -1.00918828e-01  1.94925236e+01]
 [ 8.77718420e-04  6.91582603e-01  7.22296845e-01  2.52543767e+00]
 [ 1.45017354e-01 -7.14749823e-01  6.84180282e-01  1.02006965e+02]
 [ 0.00000000e+00  0.00000000e+00  0.00000000e+00  1.00000000e+00]]
