Object ID: 8
Inlier ration of P_pred: 0.0
Num. of correspondences: 485
Avg. Euclidean Distance (ADD) [cm]: 16.839946852095007
Add Score thres: 0
Add Score thres (xyz direction): 0
Add-S Score: 0
Avg. Euclidean Distance (ADD) ICP: 16.947288067811424
Add Score ICP thres: 16.947288067811424
Add Score ICP thres (xyz direction): 0
Add-S Score ICP: 0
Error [cm]: 12.963963532369702
Error [deg]: 113.98361718135634
T_gt (Ground Truth Transformation):
[[-1.95974260e-01  9.64501410e-01 -1.77086050e-01  3.32655556e+01]
 [ 7.97212020e-01  5.15437000e-02 -6.01516680e-01 -1.51530990e+01]
 [-5.71030470e-01 -2.59051900e-01 -7.79000070e-01  9.35916697e+01]
 [ 0.00000000e+00  0.00000000e+00  0.00000000e+00  1.00000000e+00]]
T_pred (Predicted Transformation):
[[  0.46096082   0.14683599  -0.87518816  30.75274981]
 [  0.65393045   0.61049117   0.44685065 -22.96156052]
 [  0.5999084   -0.77829283   0.18539198  83.6898024 ]
 [  0.           0.           0.           1.        ]]
T_pred_ICP (Predicted Transformation from ICP):
[[  0.46934429   0.1591      -0.86856383  30.68323376]
 [  0.63969439   0.61678991   0.4586516  -22.98912265]
 [  0.60869288  -0.77088092   0.18771145  83.59203479]
 [  0.           0.           0.           1.        ]]
