Object ID: 12
Inlier ration of P_pred: 0.0
Num. of correspondences: 222
Avg. Euclidean Distance (ADD) [cm]: 8.518276397547787
Add Score thres: 0
Add Score thres (xyz direction): 0
Add-S Score: 0
Avg. Euclidean Distance (ADD) ICP: 8.49211106146657
Add Score ICP thres: 8.49211106146657
Add Score ICP thres (xyz direction): 0
Add-S Score ICP: 0
Error [cm]: 3.3166090106234476
Error [deg]: 135.3838974089124
T_gt (Ground Truth Transformation):
[[-6.05009930e-01  7.58658900e-01 -2.44390650e-01 -1.35740670e+01]
 [ 4.07572300e-01  3.08480100e-02 -9.13352940e-01  1.78107904e+01]
 [-6.84935060e-01 -6.51730300e-01 -3.27598970e-01  8.19637151e+01]
 [ 0.00000000e+00  0.00000000e+00  0.00000000e+00  1.00000000e+00]]
T_pred (Predicted Transformation):
[[ 9.73466611e-01 -1.74650979e-01 -1.47850573e-01 -1.27094160e+01]
 [-2.24060451e-01 -5.96284752e-01 -7.70870552e-01  2.08867775e+01]
 [ 4.64722550e-02  7.83544211e-01 -6.19595674e-01  8.29983254e+01]
 [ 0.00000000e+00  0.00000000e+00  0.00000000e+00  1.00000000e+00]]
T_pred_ICP (Predicted Transformation from ICP):
[[ 9.74424974e-01 -1.70324436e-01 -1.46579523e-01 -1.27296797e+01]
 [-2.20641919e-01 -6.01595087e-01 -7.67724231e-01  2.08549273e+01]
 [ 4.25806755e-02  7.80431251e-01 -6.23789988e-01  8.29737327e+01]
 [ 0.00000000e+00  0.00000000e+00  0.00000000e+00  1.00000000e+00]]
