Object ID: 8
Inlier ration of P_pred: 0.1844729334115982
Num. of correspondences: 1404
Avg. Euclidean Distance (ADD) [cm]: 12.172337894740489
Add Score thres: 0
Add Score thres (xyz direction): 0
Add-S Score: 0
Avg. Euclidean Distance (ADD) ICP: 12.159098930078901
Add Score ICP thres: 12.159098930078901
Add Score ICP thres (xyz direction): 0
Add-S Score ICP: 0
Error [cm]: 5.9816961473684644
Error [deg]: 94.55357267334347
T_gt (Ground Truth Transformation):
[[ 8.85591420e-01  4.13385390e-01 -2.11929690e-01 -1.71974496e+01]
 [ 2.47806000e-03 -4.60437710e-01 -8.87736740e-01 -8.46461200e+00]
 [-4.64531870e-01  7.85612930e-01 -4.08766280e-01  1.02640241e+02]
 [ 0.00000000e+00  0.00000000e+00  0.00000000e+00  1.00000000e+00]]
T_pred (Predicted Transformation):
[[ 1.23231629e-01  5.68837289e-02  9.90746288e-01 -2.11356041e+01]
 [ 9.92166789e-01 -2.76557005e-02 -1.21820462e-01 -1.25707919e+01]
 [ 2.04701805e-02  9.97997697e-01 -5.98462037e-02  1.00706303e+02]
 [ 0.00000000e+00  0.00000000e+00  0.00000000e+00  1.00000000e+00]]
T_pred_ICP (Predicted Transformation from ICP):
[[ 1.16380367e-01  6.75660902e-02  9.90903847e-01 -2.12114778e+01]
 [ 9.93029491e-01 -2.66557440e-02 -1.14812463e-01 -1.24675687e+01]
 [ 1.86558500e-02  9.97358659e-01 -7.01973254e-02  1.00731156e+02]
 [ 0.00000000e+00  0.00000000e+00  0.00000000e+00  1.00000000e+00]]
