Object ID: 8
Inlier ration of P_pred: 0.08080808073282242
Num. of correspondences: 297
Avg. Euclidean Distance (ADD) [cm]: 7.221611206273015
Add Score thres: 0
Add Score thres (xyz direction): 0
Add-S Score: 0
Avg. Euclidean Distance (ADD) ICP: 7.200826838165216
Add Score ICP thres: 7.200826838165216
Add Score ICP thres (xyz direction): 0
Add-S Score ICP: 0
Error [cm]: 1.8892764960756732
Error [deg]: 77.64587881036702
T_gt (Ground Truth Transformation):
[[-1.98053220e-01  9.45749400e-01 -2.57930730e-01  3.93042543e+01]
 [ 6.16702010e-01 -8.43438500e-02 -7.82771110e-01 -1.34152234e+01]
 [-7.61980400e-01 -3.14089740e-01 -5.66489740e-01  9.09969024e+01]
 [ 0.00000000e+00  0.00000000e+00  0.00000000e+00  1.00000000e+00]]
T_pred (Predicted Transformation):
[[ 8.28881964e-01  5.00575503e-01 -2.49757592e-01  3.74461641e+01]
 [-5.98175341e-02 -3.64589096e-01 -9.29245207e-01 -1.37495807e+01]
 [-5.56216282e-01  7.85174475e-01 -2.72258133e-01  9.06966591e+01]
 [ 0.00000000e+00  0.00000000e+00  0.00000000e+00  1.00000000e+00]]
T_pred_ICP (Predicted Transformation from ICP):
[[ 8.31787091e-01  4.98663076e-01 -2.43855227e-01  3.74657827e+01]
 [-5.23907216e-02 -3.66818332e-01 -9.28816195e-01 -1.37316237e+01]
 [-5.52616908e-01  7.85353072e-01 -2.78989435e-01  9.06981068e+01]
 [ 0.00000000e+00  0.00000000e+00  0.00000000e+00  1.00000000e+00]]
