Object ID: 11
Inlier ration of P_pred: 0.0
Num. of correspondences: 299
Avg. Euclidean Distance (ADD) [cm]: 15.802247519594
Add Score thres: 0
Add Score thres (xyz direction): 0
Add-S Score: 0
Avg. Euclidean Distance (ADD) ICP: 15.593933212058998
Add Score ICP thres: 15.593933212058998
Add Score ICP thres (xyz direction): 0
Add-S Score ICP: 0
Error [cm]: 14.042359111759739
Error [deg]: 114.36729974216402
T_gt (Ground Truth Transformation):
[[ 1.34507940e-01  9.91062010e-01  2.88077000e-03 -4.17304464e+00]
 [ 6.89119660e-01 -9.14441100e-02 -7.18995390e-01 -1.76490549e+01]
 [-7.12225350e-01  9.86768600e-02 -6.95122590e-01  7.60661562e+01]
 [ 0.00000000e+00  0.00000000e+00  0.00000000e+00  1.00000000e+00]]
T_pred (Predicted Transformation):
[[ 8.28599001e-01 -4.03474690e-01 -3.88113219e-01 -6.87851867e+00]
 [-3.53549371e-01 -9.14643190e-01  1.96037441e-01 -2.21092042e+01]
 [-4.34081258e-01 -2.52192434e-02 -9.00520656e-01  6.26346680e+01]
 [ 0.00000000e+00  0.00000000e+00  0.00000000e+00  1.00000000e+00]]
T_pred_ICP (Predicted Transformation from ICP):
[[  0.83685456  -0.45642577  -0.30224156  -6.1907878 ]
 [ -0.37535835  -0.88031415   0.29009154 -21.35627167]
 [ -0.39847277  -0.12931553  -0.90801814  62.67313164]
 [  0.           0.           0.           1.        ]]
