Object ID: 11
Inlier ration of P_pred: 0.0
Num. of correspondences: 96
Avg. Euclidean Distance (ADD) [cm]: 4.974865886419035
Add Score thres: 0
Add Score thres (xyz direction): 0
Add-S Score: 0
Avg. Euclidean Distance (ADD) ICP: 4.995309229781624
Add Score ICP thres: 4.995309229781624
Add Score ICP thres (xyz direction): 0
Add-S Score ICP: 0
Error [cm]: 2.3640343768707264
Error [deg]: 124.87171676017022
T_gt (Ground Truth Transformation):
[[ 8.42725770e-01  5.30721750e-01 -9.07685700e-02 -5.22223539e+01]
 [-2.37665100e-02 -1.31757570e-01 -9.91035070e-01  1.97359575e+01]
 [-5.37898720e-01  8.37283110e-01 -9.84146600e-02  1.00453386e+02]
 [ 0.00000000e+00  0.00000000e+00  0.00000000e+00  1.00000000e+00]]
T_pred (Predicted Transformation):
[[ 2.63036340e-02 -9.88952369e-01 -1.45881218e-01 -5.15644316e+01]
 [ 6.82026916e-02  1.47367059e-01 -9.86727593e-01  2.19044104e+01]
 [ 9.97324677e-01  1.60050298e-02  7.13255027e-02  1.01125199e+02]
 [ 0.00000000e+00  0.00000000e+00  0.00000000e+00  1.00000000e+00]]
T_pred_ICP (Predicted Transformation from ICP):
[[-2.82887334e-02 -9.90714450e-01 -1.32983557e-01 -5.16994947e+01]
 [ 4.20280950e-02  1.31740333e-01 -9.90392914e-01  2.18998599e+01]
 [ 9.98715869e-01 -3.36060067e-02  3.79110739e-02  1.01248875e+02]
 [ 0.00000000e+00  0.00000000e+00  0.00000000e+00  1.00000000e+00]]
