Object ID: 11
Inlier ration of P_pred: 0.2298177182674408
Num. of correspondences: 1536
Avg. Euclidean Distance (ADD) [cm]: 9.065783203551687
Add Score thres: 0
Add Score thres (xyz direction): 0
Add-S Score: 0
Avg. Euclidean Distance (ADD) ICP: 8.714336641259104
Add Score ICP thres: 8.714336641259104
Add Score ICP thres (xyz direction): 0
Add-S Score ICP: 0
Error [cm]: 6.321462332371861
Error [deg]: 161.9561834483974
T_gt (Ground Truth Transformation):
[[ 9.73836760e-01  2.22910320e-01 -4.69379900e-02 -1.35786744e+01]
 [ 1.72616770e-01 -8.56642810e-01 -4.86456100e-01 -1.18135884e+01]
 [-1.48621350e-01  4.65593770e-01 -8.72533500e-01  7.94505924e+01]
 [ 0.00000000e+00  0.00000000e+00  0.00000000e+00  1.00000000e+00]]
T_pred (Predicted Transformation):
[[ -0.97836223   0.10309819   0.17938257 -15.29479418]
 [ -0.16656298   0.12184647  -0.97847341  -7.14019617]
 [ -0.12273597  -0.98717992  -0.10203764  74.99372751]
 [  0.           0.           0.           1.        ]]
T_pred_ICP (Predicted Transformation from ICP):
[[ -0.97208045   0.18010851   0.15040119 -15.00987857]
 [ -0.12413542   0.14919692  -0.98098455  -7.31973898]
 [ -0.19912306  -0.97226602  -0.12267356  75.24133377]
 [  0.           0.           0.           1.        ]]
