Object ID: 8
Inlier ration of P_pred: 0.11811023950576782
Num. of correspondences: 127
Avg. Euclidean Distance (ADD) [cm]: 10.0988242499545
Add Score thres: 0
Add Score thres (xyz direction): 0
Add-S Score: 0
Avg. Euclidean Distance (ADD) ICP: 10.072684368011286
Add Score ICP thres: 10.072684368011286
Add Score ICP thres (xyz direction): 0
Add-S Score ICP: 0
Error [cm]: 8.777625454043049
Error [deg]: 89.00922238116694
T_gt (Ground Truth Transformation):
[[  0.43996232   0.86318993   0.25063787 -13.10331442]
 [  0.86477506  -0.33041692  -0.3799774  -10.91438944]
 [ -0.24509942   0.38365955  -0.89111227  58.4464929 ]
 [  0.           0.           0.           1.        ]]
T_pred (Predicted Transformation):
[[ 9.04266499e-02 -2.41952484e-01  9.66065224e-01 -1.76720077e+01]
 [ 9.58738141e-01  2.83675369e-01 -1.86938911e-02 -1.49417057e+01]
 [-2.69525875e-01  9.27894003e-01  2.57620888e-01  5.21280298e+01]
 [ 0.00000000e+00  0.00000000e+00  0.00000000e+00  1.00000000e+00]]
T_pred_ICP (Predicted Transformation from ICP):
[[ 9.73072132e-02 -2.31574065e-01  9.67938406e-01 -1.77332846e+01]
 [ 9.59888559e-01  2.78793890e-01 -2.97980180e-02 -1.49197645e+01]
 [-2.62954866e-01  9.32012564e-01  2.49413952e-01  5.21562580e+01]
 [ 0.00000000e+00  0.00000000e+00  0.00000000e+00  1.00000000e+00]]
