Object ID: 12
Inlier ration of P_pred: 0.0
Num. of correspondences: 275
Avg. Euclidean Distance (ADD) [cm]: 9.934061345264295
Add Score thres: 0
Add Score thres (xyz direction): 0
Add-S Score: 0
Avg. Euclidean Distance (ADD) ICP: 9.946003380242006
Add Score ICP thres: 9.946003380242006
Add Score ICP thres (xyz direction): 0
Add-S Score ICP: 0
Error [cm]: 6.94655917636577
Error [deg]: 119.67444751076715
T_gt (Ground Truth Transformation):
[[-0.88837064  0.36821206 -0.27664287 -6.18067795]
 [ 0.37315622  0.22322707 -0.90123585 14.62901052]
 [-0.26989184 -0.90324825 -0.33541664 90.88184751]
 [ 0.          0.          0.          1.        ]]
T_pred (Predicted Transformation):
[[ 2.58246601e-01 -6.93253921e-01 -6.72835563e-01 -1.84192343e+00]
 [ 4.18840237e-02  7.03839653e-01 -7.09123030e-01  1.85785601e+01]
 [ 9.65170670e-01  1.54947551e-01  2.10800462e-01  8.71026878e+01]
 [ 0.00000000e+00  0.00000000e+00  0.00000000e+00  1.00000000e+00]]
T_pred_ICP (Predicted Transformation from ICP):
[[ 2.86544960e-01 -6.90721666e-01 -6.63924367e-01 -1.96890023e+00]
 [ 6.79046893e-02  7.05882705e-01 -7.05066352e-01  1.85151697e+01]
 [ 9.55657333e-01  1.56949632e-01  2.49170372e-01  8.69558597e+01]
 [ 0.00000000e+00  0.00000000e+00  0.00000000e+00  1.00000000e+00]]
