Object ID: 11
Inlier ration of P_pred: 0.0
Num. of correspondences: 7
Avg. Euclidean Distance (ADD) [cm]: 9.066839428616973
Add Score thres: 0
Add Score thres (xyz direction): 0
Add-S Score: 0
Avg. Euclidean Distance (ADD) ICP: 9.082322917483886
Add Score ICP thres: 9.082322917483886
Add Score ICP thres (xyz direction): 0
Add-S Score ICP: 0
Error [cm]: 2.6564779992089
Error [deg]: 160.44454556592632
T_gt (Ground Truth Transformation):
[[ 9.49450490e-01  2.40509020e-01  2.01801410e-01 -3.97851591e+01]
 [ 3.10912880e-01 -6.31161310e-01 -7.10630600e-01 -8.30160896e+00]
 [-4.35320000e-02  7.37446000e-01 -6.74024270e-01  7.47057010e+01]
 [ 0.00000000e+00  0.00000000e+00  0.00000000e+00  1.00000000e+00]]
T_pred (Predicted Transformation):
[[-9.66995363e-01 -2.04226352e-01  1.52353419e-01 -4.02768538e+01]
 [ 2.54544600e-01 -7.47873886e-01  6.13100071e-01 -5.89899508e+00]
 [-1.12700471e-02  6.31645666e-01  7.75175295e-01  7.57549228e+01]
 [ 0.00000000e+00  0.00000000e+00  0.00000000e+00  1.00000000e+00]]
T_pred_ICP (Predicted Transformation from ICP):
[[-9.67629699e-01 -2.09049904e-01  1.41389190e-01 -4.02994106e+01]
 [ 2.51532151e-01 -7.53116829e-01  6.07903462e-01 -5.90343548e+00]
 [-2.05995816e-02  6.23789371e-01  7.81320983e-01  7.57260856e+01]
 [ 0.00000000e+00  0.00000000e+00  0.00000000e+00  1.00000000e+00]]
