Object ID: 5
Inlier ration of P_pred: 0.9799999594688416
Num. of correspondences: 100
Avg. Euclidean Distance (ADD) [cm]: 8.592511314766476
Add Score thres: 0
Add Score thres (xyz direction): 0
Add-S Score: 0
Avg. Euclidean Distance (ADD) ICP: 8.653673083690503
Add Score ICP thres: 8.653673083690503
Add Score ICP thres (xyz direction): 0
Add-S Score ICP: 0
Error [cm]: 0.34932158191146945
Error [deg]: 120.31497460404394
T_gt (Ground Truth Transformation):
[[ 2.80343080e-01 -9.60023700e-01 -4.64916000e-03  9.49751711e+00]
 [-8.57214150e-01 -2.48135030e-01 -4.51553610e-01 -1.89891640e+01]
 [ 4.32305230e-01  1.30545760e-01 -8.92390710e-01  8.01886208e+01]
 [ 0.00000000e+00  0.00000000e+00  0.00000000e+00  1.00000000e+00]]
T_pred (Predicted Transformation):
[[ 7.10877135e-01  7.03077765e-01 -1.83126957e-02  9.28777912e+00]
 [ 6.37398508e-01 -6.55038128e-01 -4.05768643e-01 -1.88672689e+01]
 [-2.97282425e-01  2.76779166e-01 -9.13792347e-01  8.06521251e+01]
 [ 0.00000000e+00  0.00000000e+00  0.00000000e+00  1.00000000e+00]]
T_pred_ICP (Predicted Transformation from ICP):
[[ 6.87740716e-01  7.25818320e-01 -1.41589027e-02  9.21008890e+00]
 [ 6.59815384e-01 -6.33096308e-01 -4.04762552e-01 -1.90088134e+01]
 [-3.02748024e-01  2.69029425e-01 -9.14312202e-01  8.03861670e+01]
 [ 0.00000000e+00  0.00000000e+00  0.00000000e+00  1.00000000e+00]]
