Object ID: 8
Inlier ration of P_pred: 0.0
Num. of correspondences: 1135
Avg. Euclidean Distance (ADD) [cm]: 12.384057234566033
Add Score thres: 0
Add Score thres (xyz direction): 0
Add-S Score: 0
Avg. Euclidean Distance (ADD) ICP: 12.51416636527045
Add Score ICP thres: 12.51416636527045
Add Score ICP thres (xyz direction): 0
Add-S Score ICP: 0
Error [cm]: 7.895883594202877
Error [deg]: 113.19284341920776
T_gt (Ground Truth Transformation):
[[ 2.69724700e-01  9.41396330e-01  2.06146080e-01 -1.20116230e+01]
 [ 6.91847080e-01 -4.01464500e-02 -7.21820880e-01 -2.25837317e+01]
 [-6.70874990e-01  3.37086690e-01 -6.61636100e-01  9.55035030e+01]
 [ 0.00000000e+00  0.00000000e+00  0.00000000e+00  1.00000000e+00]]
T_pred (Predicted Transformation):
[[-9.93116045e-01  3.65375088e-03 -1.17077629e-01 -1.29730460e+01]
 [ 1.16247890e-01  1.53497329e-01 -9.81287419e-01 -1.75252601e+01]
 [ 1.43857235e-02 -9.88142308e-01 -1.52865401e-01  1.01258081e+02]
 [ 0.00000000e+00  0.00000000e+00  0.00000000e+00  1.00000000e+00]]
T_pred_ICP (Predicted Transformation from ICP):
[[-9.95411055e-01 -1.52522168e-02 -9.44679962e-02 -1.31303775e+01]
 [ 9.10099408e-02  1.54104297e-01 -9.83854185e-01 -1.75042806e+01]
 [ 2.95638814e-02 -9.87936858e-01 -1.52009017e-01  1.01444256e+02]
 [ 0.00000000e+00  0.00000000e+00  0.00000000e+00  1.00000000e+00]]
