Object ID: 8
Inlier ration of P_pred: 0.0
Num. of correspondences: 502
Avg. Euclidean Distance (ADD) [cm]: 18.476713422155008
Add Score thres: 0
Add Score thres (xyz direction): 0
Add-S Score: 0
Avg. Euclidean Distance (ADD) ICP: 18.397472143225503
Add Score ICP thres: 18.397472143225503
Add Score ICP thres (xyz direction): 0
Add-S Score ICP: 0
Error [cm]: 14.833242587546778
Error [deg]: 132.06728286860016
T_gt (Ground Truth Transformation):
[[  0.87609297   0.47106148   0.10314773  13.02645026]
 [  0.42535306  -0.65414025  -0.62550156 -12.10775107]
 [ -0.22716291   0.59184478  -0.77342712  90.31545017]
 [  0.           0.           0.           1.        ]]
T_pred (Predicted Transformation):
[[-1.02831812e-01  6.11668287e-01 -7.84402655e-01  1.41648735e+01]
 [-9.94530589e-01 -7.77235974e-02  6.97707005e-02 -1.85583565e+01]
 [-1.82900714e-02  7.87287082e-01  6.16315280e-01  7.67807569e+01]
 [ 0.00000000e+00  0.00000000e+00  0.00000000e+00  1.00000000e+00]]
T_pred_ICP (Predicted Transformation from ICP):
[[-2.43258623e-02  5.40861493e-01 -8.40759833e-01  1.47691467e+01]
 [-9.91512519e-01  9.43884245e-02  8.94077694e-02 -1.90391822e+01]
 [ 1.27715216e-01  8.35798822e-01  5.33974862e-01  7.73176289e+01]
 [ 0.00000000e+00  0.00000000e+00  0.00000000e+00  1.00000000e+00]]
