Object ID: 8
Inlier ration of P_pred: 0.7844827771186829
Num. of correspondences: 116
Avg. Euclidean Distance (ADD) [cm]: 16.25078375199734
Add Score thres: 0
Add Score thres (xyz direction): 0
Add-S Score: 0
Avg. Euclidean Distance (ADD) ICP: 16.296159541834907
Add Score ICP thres: 16.296159541834907
Add Score ICP thres (xyz direction): 0
Add-S Score ICP: 0
Error [cm]: 11.49741175503166
Error [deg]: 143.53103846962355
T_gt (Ground Truth Transformation):
[[ 7.53146050e-01  6.58760370e-01 -1.65575700e-02 -2.58516023e+01]
 [ 3.89184710e-01 -4.65044260e-01 -7.95976440e-01 -7.77485267e+00]
 [-5.31773010e-01  5.92650560e-01 -6.06161520e-01  6.23710130e+01]
 [ 0.00000000e+00  0.00000000e+00  0.00000000e+00  1.00000000e+00]]
T_pred (Predicted Transformation):
[[ -0.2550877   -0.14666974  -0.95572917 -16.56131544]
 [ -0.80606006   0.57817585   0.12641145 -12.89768243]
 [  0.5340388    0.80262113  -0.26571017  58.07784861]
 [  0.           0.           0.           1.        ]]
T_pred_ICP (Predicted Transformation from ICP):
[[ -0.26415322  -0.13762834  -0.95461066 -16.59348433]
 [ -0.80807315   0.57192194   0.14114912 -13.02180341]
 [  0.52653666   0.80868024  -0.26228879  58.01817059]
 [  0.           0.           0.           1.        ]]
