Object ID: 5
Inlier ration of P_pred: 0.024390242993831635
Num. of correspondences: 164
Avg. Euclidean Distance (ADD) [cm]: 4.218185682118622
Add Score thres: 0
Add Score thres (xyz direction): 0
Add-S Score: 0
Avg. Euclidean Distance (ADD) ICP: 4.230734957228032
Add Score ICP thres: 4.230734957228032
Add Score ICP thres (xyz direction): 0
Add-S Score ICP: 0
Error [cm]: 3.128879008367232
Error [deg]: 36.18130100044759
T_gt (Ground Truth Transformation):
[[ 0.7020634   0.63911561 -0.31428736 27.35041018]
 [ 0.53200244 -0.76400109 -0.36525233 21.04297783]
 [-0.47352079  0.08922271 -0.87633591 87.3361947 ]
 [ 0.          0.          0.          1.        ]]
T_pred (Predicted Transformation):
[[ 0.38015799  0.62963366 -0.67752591 25.41962406]
 [ 0.798871   -0.5926952  -0.10255498 21.98804184]
 [-0.46613842 -0.50226871 -0.72831389 89.59474073]
 [ 0.          0.          0.          1.        ]]
T_pred_ICP (Predicted Transformation from ICP):
[[ 3.93597649e-01  6.21802359e-01 -6.77083981e-01  2.54046517e+01]
 [ 7.94957494e-01 -6.00103135e-01 -8.89876958e-02  2.20253774e+01]
 [-4.61652978e-01 -5.03227637e-01 -7.30505628e-01  8.95809216e+01]
 [ 0.00000000e+00  0.00000000e+00  0.00000000e+00  1.00000000e+00]]
