Object ID: 6
Inlier ration of P_pred: 0.125
Num. of correspondences: 48
Avg. Euclidean Distance (ADD) [cm]: 4.863691630676485
Add Score thres: 0
Add Score thres (xyz direction): 0
Add-S Score: 0
Avg. Euclidean Distance (ADD) ICP: 4.908158196338699
Add Score ICP thres: 4.908158196338699
Add Score ICP thres (xyz direction): 0
Add-S Score ICP: 0
Error [cm]: 3.3148431761015993
Error [deg]: 58.916505997513646
T_gt (Ground Truth Transformation):
[[-8.39537900e-02 -9.93135330e-01 -8.30926600e-02  1.19493819e+01]
 [-9.55668970e-01  1.03830690e-01 -2.75997530e-01 -4.49088219e+01]
 [ 2.82751800e-01  5.62065400e-02 -9.57682870e-01  1.17959208e+02]
 [ 0.00000000e+00  0.00000000e+00  0.00000000e+00  1.00000000e+00]]
T_pred (Predicted Transformation):
[[-8.04638202e-01 -5.89418244e-01  7.17181807e-02  1.21484689e+01]
 [-4.36044173e-01  5.04593998e-01 -7.45151244e-01 -4.22639448e+01]
 [ 4.03017174e-01 -6.30849452e-01 -6.63027998e-01  1.16053641e+02]
 [ 0.00000000e+00  0.00000000e+00  0.00000000e+00  1.00000000e+00]]
T_pred_ICP (Predicted Transformation from ICP):
[[-8.05222673e-01 -5.89057763e-01  6.80249911e-02  1.20579852e+01]
 [-4.32987366e-01  5.05710358e-01 -7.46176236e-01 -4.22476838e+01]
 [ 4.05139962e-01 -6.30291985e-01 -6.62264015e-01  1.15985700e+02]
 [ 0.00000000e+00  0.00000000e+00  0.00000000e+00  1.00000000e+00]]
