Object ID: 5
Inlier ration of P_pred: 0.703125
Num. of correspondences: 256
Avg. Euclidean Distance (ADD) [cm]: 13.999664656525274
Add Score thres: 0
Add Score thres (xyz direction): 0
Add-S Score: 0
Avg. Euclidean Distance (ADD) ICP: 14.12945561480423
Add Score ICP thres: 14.12945561480423
Add Score ICP thres (xyz direction): 0
Add-S Score ICP: 0
Error [cm]: 10.536719721294558
Error [deg]: 155.06646385421715
T_gt (Ground Truth Transformation):
[[  0.93775739   0.26799755   0.22095696 -14.33876061]
 [  0.28701289  -0.23959884  -0.92750016  -3.28527257]
 [ -0.19562108   0.93316834  -0.30159334 101.37899494]
 [  0.           0.           0.           1.        ]]
T_pred (Predicted Transformation):
[[-5.43017075e-01 -7.49762152e-02 -8.36367756e-01 -1.56631560e+01]
 [-4.52617095e-01  8.65069618e-01  2.16315328e-01 -1.18955216e+01]
 [ 7.07297831e-01  4.96017261e-01 -5.03683090e-01  1.07133768e+02]
 [ 0.00000000e+00  0.00000000e+00  0.00000000e+00  1.00000000e+00]]
T_pred_ICP (Predicted Transformation from ICP):
[[-5.80167342e-01 -5.49474860e-02 -8.12641759e-01 -1.59544234e+01]
 [-4.36163243e-01  8.63570317e-01  2.52997891e-01 -1.19675459e+01]
 [ 6.87871704e-01  5.01225579e-01 -5.24981369e-01  1.07126188e+02]
 [ 0.00000000e+00  0.00000000e+00  0.00000000e+00  1.00000000e+00]]
