Object ID: 11
Inlier ration of P_pred: 0.42108985781669617
Num. of correspondences: 2826
Avg. Euclidean Distance (ADD) [cm]: 3.446216817189239
Add Score thres: 0
Add Score thres (xyz direction): 0
Add-S Score: 0
Avg. Euclidean Distance (ADD) ICP: 3.210470142235097
Add Score ICP thres: 3.210470142235097
Add Score ICP thres (xyz direction): 0
Add-S Score ICP: 0
Error [cm]: 1.7898147281688146
Error [deg]: 65.8639238360212
T_gt (Ground Truth Transformation):
[[-3.00630840e-01  8.34420360e-01 -4.62187110e-01  1.87068572e+01]
 [ 7.79904340e-01 -6.40053700e-02 -6.22788570e-01 -1.78244601e+01]
 [-5.49192820e-01 -5.47676780e-01 -6.31407710e-01  9.32248239e+01]
 [ 0.00000000e+00  0.00000000e+00  0.00000000e+00  1.00000000e+00]]
T_pred (Predicted Transformation):
[[ -0.91625018   0.10005971  -0.38790936  18.60953237]
 [  0.29896071   0.81533132  -0.49584003 -15.95528136]
 [  0.26666104  -0.57028317  -0.77696139  93.86970197]
 [  0.           0.           0.           1.        ]]
T_pred_ICP (Predicted Transformation from ICP):
[[ -0.8987051    0.14495693  -0.41390413  18.41687805]
 [  0.36435995   0.77205524  -0.52074229 -16.28284882]
 [  0.24407165  -0.61880384  -0.74666648  94.08667267]
 [  0.           0.           0.           1.        ]]
