Object ID: 11
Inlier ration of P_pred: 0.0
Num. of correspondences: 397
Avg. Euclidean Distance (ADD) [cm]: 5.799008243870067
Add Score thres: 0
Add Score thres (xyz direction): 0
Add-S Score: 0
Avg. Euclidean Distance (ADD) ICP: 5.804402737809244
Add Score ICP thres: 5.804402737809244
Add Score ICP thres (xyz direction): 0
Add-S Score ICP: 0
Error [cm]: 3.0829105803142296
Error [deg]: 70.90580814437668
T_gt (Ground Truth Transformation):
[[ 7.92759160e-01  6.08304520e-01  4.21307700e-02 -7.53195768e-01]
 [ 5.21816210e-01 -6.41097110e-01 -5.62979890e-01 -6.67437354e+00]
 [-3.15411720e-01  4.68257050e-01 -8.25491690e-01  1.05067990e+02]
 [ 0.00000000e+00  0.00000000e+00  0.00000000e+00  1.00000000e+00]]
T_pred (Predicted Transformation):
[[-1.36360581e-02  9.60171497e-01 -2.79078401e-01 -1.81745894e+00]
 [ 3.81158001e-02 -2.78402355e-01 -9.59707932e-01 -4.02661630e+00]
 [-9.99180286e-01 -2.37239297e-02 -3.28013941e-02  1.06221650e+02]
 [ 0.00000000e+00  0.00000000e+00  0.00000000e+00  1.00000000e+00]]
T_pred_ICP (Predicted Transformation from ICP):
[[ 4.19355014e-03  9.56732254e-01 -2.90939525e-01 -1.75537094e+00]
 [ 3.25354050e-02 -2.90918589e-01 -9.56194448e-01 -3.98716663e+00]
 [-9.99461786e-01 -5.45598594e-03 -3.23476531e-02  1.06198875e+02]
 [ 0.00000000e+00  0.00000000e+00  0.00000000e+00  1.00000000e+00]]
