Object ID: 6
Inlier ration of P_pred: 0.0
Num. of correspondences: 350
Avg. Euclidean Distance (ADD) [cm]: 6.411278711949252
Add Score thres: 0
Add Score thres (xyz direction): 0
Add-S Score: 0
Avg. Euclidean Distance (ADD) ICP: 6.402924570540229
Add Score ICP thres: 6.402924570540229
Add Score ICP thres (xyz direction): 0
Add-S Score ICP: 0
Error [cm]: 3.148797670350079
Error [deg]: 79.30738850589053
T_gt (Ground Truth Transformation):
[[-1.82324700e-02 -9.60378960e-01 -2.78164500e-01 -1.65332755e+01]
 [-5.99057460e-01  2.33234910e-01 -7.65996760e-01 -1.39331578e+01]
 [ 8.00513060e-01  1.52665460e-01 -5.79562910e-01  1.29883745e+02]
 [ 0.00000000e+00  0.00000000e+00  0.00000000e+00  1.00000000e+00]]
T_pred (Predicted Transformation):
[[-8.48379140e-01 -4.88288947e-01  2.04515866e-01 -1.68644771e+01]
 [-5.07933204e-01  8.59668394e-01 -5.45354213e-02 -1.50601361e+01]
 [-1.49186782e-01 -1.50147113e-01 -9.77342902e-01  1.32856969e+02]
 [ 0.00000000e+00  0.00000000e+00  0.00000000e+00  1.00000000e+00]]
T_pred_ICP (Predicted Transformation from ICP):
[[-8.50244085e-01 -4.74914955e-01  2.27025949e-01 -1.68340962e+01]
 [-5.00873372e-01  8.62567289e-01 -7.14390430e-02 -1.49967826e+01]
 [-1.61897688e-01 -1.74451876e-01 -9.71264990e-01  1.32832158e+02]
 [ 0.00000000e+00  0.00000000e+00  0.00000000e+00  1.00000000e+00]]
