Object ID: 8
Inlier ration of P_pred: 0.0
Num. of correspondences: 693
Avg. Euclidean Distance (ADD) [cm]: 23.33796442089399
Add Score thres: 0
Add Score thres (xyz direction): 0
Add-S Score: 0
Avg. Euclidean Distance (ADD) ICP: 23.26722470186238
Add Score ICP thres: 23.26722470186238
Add Score ICP thres (xyz direction): 0
Add-S Score ICP: 0
Error [cm]: 21.514009909782978
Error [deg]: 142.59696560879158
T_gt (Ground Truth Transformation):
[[ 3.09909200e-01  9.50259800e-01 -5.39027200e-02  5.18887585e+00]
 [ 4.77896750e-01 -2.04391030e-01 -8.55433910e-01 -3.42044457e+00]
 [-8.23106530e-01  2.39007670e-01 -5.16982690e-01  1.07991819e+02]
 [ 0.00000000e+00  0.00000000e+00  0.00000000e+00  1.00000000e+00]]
T_pred (Predicted Transformation):
[[-5.36043773e-01  8.27758144e-01  1.65751406e-01  2.38986800e+00]
 [-7.94698745e-01 -5.61034798e-01  2.31719356e-01 -1.31405240e+01]
 [ 2.84799891e-01 -7.51071664e-03  9.58557568e-01  8.88973123e+01]
 [ 0.00000000e+00  0.00000000e+00  0.00000000e+00  1.00000000e+00]]
T_pred_ICP (Predicted Transformation from ICP):
[[-5.49223690e-01  8.13429883e-01  1.91533715e-01  2.17388323e+00]
 [-7.84512897e-01 -5.80837389e-01  2.17180669e-01 -1.29343304e+01]
 [ 2.87911189e-01 -3.09799012e-02  9.57155887e-01  8.89327420e+01]
 [ 0.00000000e+00  0.00000000e+00  0.00000000e+00  1.00000000e+00]]
