Object ID: 5
Inlier ration of P_pred: 0.842528760433197
Num. of correspondences: 870
Avg. Euclidean Distance (ADD) [cm]: 22.58093977454331
Add Score thres: 0
Add Score thres (xyz direction): 0
Add-S Score: 0
Avg. Euclidean Distance (ADD) ICP: 22.53469773305587
Add Score ICP thres: 22.53469773305587
Add Score ICP thres (xyz direction): 0
Add-S Score ICP: 0
Error [cm]: 18.440029690231874
Error [deg]: 165.39288826148626
T_gt (Ground Truth Transformation):
[[ 9.09674720e-01 -4.07572920e-01 -9.01795200e-02  3.15025980e+01]
 [-4.16428040e-01 -8.70942960e-01 -2.63938070e-01 -1.12492527e+01]
 [ 2.89265000e-02  2.77317540e-01 -9.61205650e-01  8.10023561e+01]
 [ 0.00000000e+00  0.00000000e+00  0.00000000e+00  1.00000000e+00]]
T_pred (Predicted Transformation):
[[ 8.18368439e-01  5.61212312e-01 -1.23749100e-01  2.96853757e+01]
 [-5.53224978e-01  8.27621758e-01  9.47858110e-02 -1.56212950e+01]
 [ 1.55612412e-01 -9.10862284e-03  9.87776194e-01  6.31328008e+01]
 [ 0.00000000e+00  0.00000000e+00  0.00000000e+00  1.00000000e+00]]
T_pred_ICP (Predicted Transformation from ICP):
[[ 7.98785064e-01  5.87946867e-01 -1.27518246e-01  2.96811607e+01]
 [-5.79860679e-01  8.08890917e-01  9.72475029e-02 -1.56007585e+01]
 [ 1.60324716e-01 -3.73703605e-03  9.87057253e-01  6.31759302e+01]
 [ 0.00000000e+00  0.00000000e+00  0.00000000e+00  1.00000000e+00]]
