Object ID: 12
Inlier ration of P_pred: 0.0
Num. of correspondences: 219
Avg. Euclidean Distance (ADD) [cm]: 9.910690591762242
Add Score thres: 0
Add Score thres (xyz direction): 0
Add-S Score: 0
Avg. Euclidean Distance (ADD) ICP: 9.869215847340142
Add Score ICP thres: 9.869215847340142
Add Score ICP thres (xyz direction): 0
Add-S Score ICP: 0
Error [cm]: 8.180896471159443
Error [deg]: 91.17340202347833
T_gt (Ground Truth Transformation):
[[ -0.79289845   0.5751102   -0.20465322 -20.19969252]
 [  0.31677148   0.10092203  -0.94379869  14.54069661]
 [ -0.52178176  -0.8126074   -0.26195854  82.90411058]
 [  0.           0.           0.           1.        ]]
T_pred (Predicted Transformation):
[[-7.84899722e-01  3.96478254e-01 -4.76169529e-01 -1.67141124e+01]
 [-3.52813539e-01 -9.17711564e-01 -1.82559834e-01  1.55654863e+01]
 [-5.09367287e-01  2.47078931e-02  8.60194447e-01  7.55440528e+01]
 [ 0.00000000e+00  0.00000000e+00  0.00000000e+00  1.00000000e+00]]
T_pred_ICP (Predicted Transformation from ICP):
[[-7.80666659e-01  4.12579647e-01 -4.69401324e-01 -1.67483514e+01]
 [-3.62601777e-01 -9.10780332e-01 -1.97481995e-01  1.56408664e+01]
 [-5.08998546e-01  1.60381449e-02  8.60617952e-01  7.55689256e+01]
 [ 0.00000000e+00  0.00000000e+00  0.00000000e+00  1.00000000e+00]]
