Object ID: 5
Inlier ration of P_pred: 0.0
Num. of correspondences: 59
Avg. Euclidean Distance (ADD) [cm]: 12.772261680156888
Add Score thres: 0
Add Score thres (xyz direction): 0
Add-S Score: 0
Avg. Euclidean Distance (ADD) ICP: 12.764722860336784
Add Score ICP thres: 12.764722860336784
Add Score ICP thres (xyz direction): 0
Add-S Score ICP: 0
Error [cm]: 6.945597667312032
Error [deg]: 129.98315226282455
T_gt (Ground Truth Transformation):
[[ 3.90672580e-01 -9.20389910e-01 -1.96733700e-02  1.83419571e+01]
 [-5.86644110e-01 -2.32420930e-01 -7.75870050e-01 -2.07282158e+01]
 [ 7.09482760e-01  3.14627790e-01 -6.30705980e-01  9.40541656e+01]
 [ 0.00000000e+00  0.00000000e+00  0.00000000e+00  1.00000000e+00]]
T_pred (Predicted Transformation):
[[-7.40670643e-01 -4.31273478e-01 -5.15179761e-01  2.27856353e+01]
 [ 6.68810606e-01 -4.00202411e-01 -6.26522469e-01 -1.55412212e+01]
 [ 6.40263422e-02 -8.08604488e-01  5.84858453e-01  9.26889748e+01]
 [ 0.00000000e+00  0.00000000e+00  0.00000000e+00  1.00000000e+00]]
T_pred_ICP (Predicted Transformation from ICP):
[[-7.50805025e-01 -4.13623102e-01 -5.14983246e-01  2.27472477e+01]
 [ 6.58375100e-01 -4.05790516e-01 -6.33937130e-01 -1.55285877e+01]
 [ 5.32357249e-02 -8.15015329e-01  5.76988710e-01  9.27130433e+01]
 [ 0.00000000e+00  0.00000000e+00  0.00000000e+00  1.00000000e+00]]
