Object ID: 8
Inlier ration of P_pred: 0.0
Num. of correspondences: 423
Avg. Euclidean Distance (ADD) [cm]: 10.660965629979918
Add Score thres: 0
Add Score thres (xyz direction): 0
Add-S Score: 0
Avg. Euclidean Distance (ADD) ICP: 10.735377130481728
Add Score ICP thres: 10.735377130481728
Add Score ICP thres (xyz direction): 0
Add-S Score ICP: 0
Error [cm]: 4.969250520732313
Error [deg]: 141.00356377371799
T_gt (Ground Truth Transformation):
[[ 5.68745560e-01  8.21671050e-01 -5.33623200e-02 -9.27859962e+00]
 [ 1.93145630e-01 -1.96251300e-01 -9.62003470e-01 -3.13502445e-01]
 [-8.00437600e-01  5.36477400e-01 -2.70157170e-01  9.27639506e+01]
 [ 0.00000000e+00  0.00000000e+00  0.00000000e+00  1.00000000e+00]]
T_pred (Predicted Transformation):
[[ 1.93030313e-01 -9.79639849e-01 -5.51821083e-02 -1.27460011e+01]
 [-9.69898032e-01 -1.81997525e-01 -1.61785995e-01  5.63101945e-01]
 [ 1.48449001e-01  8.47506195e-02 -9.85281801e-01  9.61541867e+01]
 [ 0.00000000e+00  0.00000000e+00  0.00000000e+00  1.00000000e+00]]
T_pred_ICP (Predicted Transformation from ICP):
[[ 1.61360418e-01 -9.86558538e-01 -2.57889023e-02 -1.28139414e+01]
 [-9.77224949e-01 -1.56075455e-01 -1.43777089e-01  4.89727655e-01]
 [ 1.37819500e-01  4.84014899e-02 -9.89274017e-01  9.61624253e+01]
 [ 0.00000000e+00  0.00000000e+00  0.00000000e+00  1.00000000e+00]]
