Object ID: 8
Inlier ration of P_pred: 0.0
Num. of correspondences: 456
Avg. Euclidean Distance (ADD) [cm]: 15.707879976259298
Add Score thres: 0
Add Score thres (xyz direction): 0
Add-S Score: 0
Avg. Euclidean Distance (ADD) ICP: 15.84176522799419
Add Score ICP thres: 15.84176522799419
Add Score ICP thres (xyz direction): 0
Add-S Score ICP: 0
Error [cm]: 12.206145272250351
Error [deg]: 116.37223514705637
T_gt (Ground Truth Transformation):
[[ 9.88189780e-01 -1.38550970e-01  6.66623100e-02 -8.89134586e+00]
 [-1.12548040e-01 -9.47259980e-01 -3.00407080e-01 -1.94735224e+01]
 [ 1.04757620e-01  2.89327020e-01 -9.51568100e-01  7.78708858e+01]
 [ 0.00000000e+00  0.00000000e+00  0.00000000e+00  1.00000000e+00]]
T_pred (Predicted Transformation):
[[ -0.08350081  -0.62139208   0.77903755 -13.26101382]
 [  0.8577771   -0.44271746  -0.26118901 -23.00881599]
 [  0.50719431   0.64643108   0.56998316  67.17863822]
 [  0.           0.           0.           1.        ]]
T_pred_ICP (Predicted Transformation from ICP):
[[ -0.10169385  -0.61834595   0.77929882 -13.30088153]
 [  0.86781522  -0.43812793  -0.23439424 -23.24237149]
 [  0.4863693    0.65245092   0.58116495  67.13115793]
 [  0.           0.           0.           1.        ]]
