Object ID: 6
Inlier ration of P_pred: 0.767241358757019
Num. of correspondences: 2784
Avg. Euclidean Distance (ADD) [cm]: 0.9001812435838978
Add Score thres: 1
Add Score thres (xyz direction): 0
Add-S Score: 0
Avg. Euclidean Distance (ADD) ICP: 0.0006355802395000156
Add Score ICP thres: 0.0006355802395000156
Add Score ICP thres (xyz direction): 0
Add-S Score ICP: 0
Error [cm]: 0.00021715473311565973
Error [deg]: 0.0
T_gt (Ground Truth Transformation):
[[ 4.37265000e-01 -8.98911980e-01 -3.14918800e-02  8.59776583e+00]
 [-8.06328040e-01 -3.76266600e-01 -4.56662580e-01 -2.65600196e+01]
 [ 3.98664290e-01  2.25028620e-01 -8.89214830e-01  1.19723511e+02]
 [ 0.00000000e+00  0.00000000e+00  0.00000000e+00  1.00000000e+00]]
T_pred (Predicted Transformation):
[[ 5.22545064e-01 -8.52512285e-01  1.30177011e-02  8.17045722e+00]
 [-7.26108621e-01 -4.52965203e-01 -5.17289856e-01 -2.60578111e+01]
 [ 4.46892522e-01  2.60854995e-01 -8.55711251e-01  1.19576979e+02]
 [ 0.00000000e+00  0.00000000e+00  0.00000000e+00  1.00000000e+00]]
T_pred_ICP (Predicted Transformation from ICP):
[[ 4.37225231e-01 -8.98801440e-01 -3.14653677e-02  8.59785424e+00]
 [-8.06211634e-01 -3.76199357e-01 -4.56614547e-01 -2.65599286e+01]
 [ 3.98568561e-01  2.25011147e-01 -8.89108028e-01  1.19723687e+02]
 [ 0.00000000e+00  0.00000000e+00  0.00000000e+00  1.00000000e+00]]
