Object ID: 15
Inlier ration of P_pred: 0.3140000104904175
Num. of correspondences: 2000
Avg. Euclidean Distance (ADD) [cm]: 2.090900396385389
Add Score thres: 1
Add Score thres (xyz direction): 0
Add-S Score: 0
Avg. Euclidean Distance (ADD) ICP: 1.5333434616542236
Add Score ICP thres: 1.5333434616542236
Add Score ICP thres (xyz direction): 0
Add-S Score ICP: 0
Error [cm]: 1.5911163002168256
Error [deg]: 1.900431737154611
T_gt (Ground Truth Transformation):
[[ 1.69959515e-01  9.85097349e-01 -2.64049694e-02  2.00130051e+01]
 [ 9.40472484e-01 -1.70146868e-01 -2.94213980e-01  2.27787933e+01]
 [-2.94322073e-01  2.51713544e-02 -9.55375016e-01  6.83873047e+01]
 [ 0.00000000e+00  0.00000000e+00  0.00000000e+00  1.00000000e+00]]
T_pred (Predicted Transformation):
[[ 5.84676483e-02  9.95453665e-01  7.51899896e-02  2.21434169e+01]
 [ 9.54175255e-01 -3.35827162e-02 -2.97358005e-01  2.23578651e+01]
 [-2.93481032e-01  8.91302508e-02 -9.51800758e-01  6.84298882e+01]
 [ 0.00000000e+00  0.00000000e+00  0.00000000e+00  1.00000000e+00]]
T_pred_ICP (Predicted Transformation from ICP):
[[ 1.50360454e-01  9.88631235e-01  1.20564388e-04  2.15961912e+01]
 [ 9.44592969e-01 -1.43626701e-01 -2.95153338e-01  2.26204087e+01]
 [-2.91780493e-01  4.44932742e-02 -9.55449890e-01  6.83779719e+01]
 [ 0.00000000e+00  0.00000000e+00  0.00000000e+00  1.00000000e+00]]
