Object ID: 11
Inlier ration of P_pred: 0.2950138449668884
Num. of correspondences: 722
Avg. Euclidean Distance (ADD) [cm]: 4.213091823061061
Add Score thres: 0
Add Score thres (xyz direction): 0
Add-S Score: 0
Avg. Euclidean Distance (ADD) ICP: 4.086089275261988
Add Score ICP thres: 4.086089275261988
Add Score ICP thres (xyz direction): 0
Add-S Score ICP: 0
Error [cm]: 1.2699549606349994
Error [deg]: 96.49443666383584
T_gt (Ground Truth Transformation):
[[-2.42331728e-01  9.60985065e-01  1.33353561e-01 -2.77735235e-06]
 [ 8.78424406e-01  2.75679886e-01 -3.90347570e-01  1.16082068e-05]
 [-4.11881089e-01  2.25474387e-02 -9.10958707e-01  1.17402075e+02]
 [ 0.00000000e+00  0.00000000e+00  0.00000000e+00  1.00000000e+00]]
T_pred (Predicted Transformation):
[[-8.84886270e-01 -3.91463497e-01 -2.52453202e-01  9.09374623e-01]
 [-3.46725148e-01  9.15463029e-01 -2.04228092e-01 -6.62109592e-01]
 [ 3.11059417e-01 -9.31867607e-02 -9.45810904e-01  1.17549354e+02]
 [ 0.00000000e+00  0.00000000e+00  0.00000000e+00  1.00000000e+00]]
T_pred_ICP (Predicted Transformation from ICP):
[[ -0.92430838  -0.29291869  -0.24464805   1.09237359]
 [ -0.24741717   0.94798747  -0.20026106  -0.60971775]
 [  0.29058349  -0.12457285  -0.94870588 117.62054621]
 [  0.           0.           0.           1.        ]]
