Object ID: 8
Inlier ration of P_pred: 0.18459230661392212
Num. of correspondences: 1999
Avg. Euclidean Distance (ADD) [cm]: 16.62566173615212
Add Score thres: 0
Add Score thres (xyz direction): 0
Add-S Score: 0
Avg. Euclidean Distance (ADD) ICP: 16.658627661986127
Add Score ICP thres: 16.658627661986127
Add Score ICP thres (xyz direction): 0
Add-S Score ICP: 0
Error [cm]: 10.33496048768549
Error [deg]: 157.33201623210908
T_gt (Ground Truth Transformation):
[[-7.84651697e-01  6.19374692e-01 -2.64048018e-02  2.46761597e+01]
 [ 5.98247826e-01  7.45344222e-01 -2.94213444e-01 -1.66999832e+01]
 [-1.62547663e-01 -2.46651605e-01 -9.55375195e-01  7.91990906e+01]
 [ 0.00000000e+00  0.00000000e+00  0.00000000e+00  1.00000000e+00]]
T_pred (Predicted Transformation):
[[ 2.46167492e-02  1.30681135e-01  9.91118790e-01  1.49497605e+01]
 [ 8.70681644e-02 -9.87932147e-01  1.28098428e-01 -1.34634126e+01]
 [ 9.95898163e-01  8.31415269e-02 -3.56978444e-02  7.92328619e+01]
 [ 0.00000000e+00  0.00000000e+00  0.00000000e+00  1.00000000e+00]]
T_pred_ICP (Predicted Transformation from ICP):
[[ 1.92299839e-02  1.10709319e-01  9.93666772e-01  1.48928690e+01]
 [ 8.80473768e-02 -9.90176805e-01  1.08616543e-01 -1.33707035e+01]
 [ 9.95930654e-01  8.54010583e-02 -2.87887491e-02  7.90785599e+01]
 [ 0.00000000e+00  0.00000000e+00  0.00000000e+00  1.00000000e+00]]
