Object ID: 13
Inlier ration of P_pred: 0.22350001335144043
Num. of correspondences: 2000
Avg. Euclidean Distance (ADD) [cm]: 11.918265244082885
Add Score thres: 0
Add Score thres (xyz direction): 0
Add-S Score: 0
Avg. Euclidean Distance (ADD) ICP: 11.913365210730094
Add Score ICP thres: 11.913365210730094
Add Score ICP thres (xyz direction): 0
Add-S Score ICP: 0
Error [cm]: 7.354658666052458
Error [deg]: 152.32759200063245
T_gt (Ground Truth Transformation):
[[ 8.92845750e-01  4.43092465e-01  8.05950016e-02 -3.70630920e+01]
 [ 4.49952692e-01 -8.69999528e-01 -2.01602399e-01 -4.06066101e+01]
 [-1.92108899e-02  2.16263786e-01 -9.76146042e-01  1.38953125e+02]
 [ 0.00000000e+00  0.00000000e+00  0.00000000e+00  1.00000000e+00]]
T_pred (Predicted Transformation):
[[ 9.64176593e-01 -2.02002847e-01  1.71925410e-01 -3.73855772e+01]
 [ 2.37283895e-01  9.46525707e-01 -2.18598808e-01 -3.33513119e+01]
 [-1.18574239e-01  2.51562985e-01  9.60549954e-01  1.40140907e+02]
 [ 0.00000000e+00  0.00000000e+00  0.00000000e+00  1.00000000e+00]]
T_pred_ICP (Predicted Transformation from ICP):
[[ 9.64227806e-01 -2.03933524e-01  1.69339472e-01 -3.73729200e+01]
 [ 2.38241385e-01  9.46806048e-01 -2.16331576e-01 -3.33584182e+01]
 [-1.16214375e-01  2.48936591e-01  9.61522123e-01  1.40160902e+02]
 [ 0.00000000e+00  0.00000000e+00  0.00000000e+00  1.00000000e+00]]
