Object ID: 10
Inlier ration of P_pred: 0.11655828356742859
Num. of correspondences: 1999
Avg. Euclidean Distance (ADD) [cm]: 10.371041965225539
Add Score thres: 0
Add Score thres (xyz direction): 0
Add-S Score: 0
Avg. Euclidean Distance (ADD) ICP: 10.396277185567698
Add Score ICP thres: 10.396277185567698
Add Score ICP thres (xyz direction): 0
Add-S Score ICP: 0
Error [cm]: 6.674408766128573
Error [deg]: 179.95155764626864
T_gt (Ground Truth Transformation):
[[  0.90001965   0.11403715   0.42066637  -9.90556488]
 [  0.40634254  -0.56862772  -0.71522635  13.25914154]
 [  0.15764011   0.81465238  -0.55811429 100.39725342]
 [  0.           0.           0.           1.        ]]
T_pred (Predicted Transformation):
[[ 7.54044714e-01  4.70012383e-01 -4.58808162e-01 -7.39982271e+00]
 [-1.80075308e-02  7.13056924e-01  7.00874847e-01  8.79676340e+00]
 [ 6.56576194e-01 -5.20228972e-01  5.46140567e-01  9.61793146e+01]
 [ 0.00000000e+00  0.00000000e+00  0.00000000e+00  1.00000000e+00]]
T_pred_ICP (Predicted Transformation from ICP):
[[ 7.75651209e-01  4.69752624e-01 -4.21542019e-01 -7.49965152e+00]
 [-3.50463352e-02  6.98907344e-01  7.14353049e-01  8.76235412e+00]
 [ 6.30188033e-01 -5.39315303e-01  5.58571434e-01  9.60916505e+01]
 [ 0.00000000e+00  0.00000000e+00  0.00000000e+00  1.00000000e+00]]
