Object ID: 13
Inlier ration of P_pred: 0.20500001311302185
Num. of correspondences: 2000
Avg. Euclidean Distance (ADD) [cm]: 13.37891013118983
Add Score thres: 0
Add Score thres (xyz direction): 0
Add-S Score: 0
Avg. Euclidean Distance (ADD) ICP: 13.347732087241527
Add Score ICP thres: 13.347732087241527
Add Score ICP thres (xyz direction): 0
Add-S Score ICP: 0
Error [cm]: 6.190938640826339
Error [deg]: 122.43739309128283
T_gt (Ground Truth Transformation):
[[ 9.51005876e-01 -2.44270474e-01  1.89525038e-01 -2.25261108e+01]
 [-8.86024907e-02 -8.02621841e-01 -5.89871049e-01  3.20123138e+01]
 [ 2.96205014e-01  5.44178426e-01 -7.84941077e-01  9.54537048e+01]
 [ 0.00000000e+00  0.00000000e+00  0.00000000e+00  1.00000000e+00]]
T_pred (Predicted Transformation):
[[-2.41644683e-01  8.86451218e-01 -3.94730397e-01 -2.78874642e+01]
 [ 9.01617896e-01  5.47227124e-02 -4.29057799e-01  2.91769917e+01]
 [-3.58738090e-01 -4.59575525e-01 -8.12463734e-01  9.51232728e+01]
 [ 0.00000000e+00  0.00000000e+00  0.00000000e+00  1.00000000e+00]]
T_pred_ICP (Predicted Transformation from ICP):
[[-2.19436839e-01  8.89963580e-01 -3.99765306e-01 -2.80399104e+01]
 [ 9.00795404e-01  2.74381943e-02 -4.33376033e-01  2.92162071e+01]
 [-3.74720048e-01 -4.55205417e-01 -8.07696053e-01  9.51257975e+01]
 [ 0.00000000e+00  0.00000000e+00  0.00000000e+00  1.00000000e+00]]
