Object ID: 8
Inlier ration of P_pred: 0.2499999850988388
Num. of correspondences: 1420
Avg. Euclidean Distance (ADD) [cm]: 6.984216206445635
Add Score thres: 0
Add Score thres (xyz direction): 0
Add-S Score: 0
Avg. Euclidean Distance (ADD) ICP: 7.047949296472014
Add Score ICP thres: 7.047949296472014
Add Score ICP thres (xyz direction): 0
Add-S Score ICP: 0
Error [cm]: 6.447753428539835
Error [deg]: 35.56360429947649
T_gt (Ground Truth Transformation):
[[ 6.23815417e-01 -3.52492690e-01 -6.97569609e-01 -1.86213913e+01]
 [-6.70028567e-01  2.18318373e-01 -7.09506214e-01  1.24130730e+01]
 [ 4.02388066e-01  9.09992456e-01 -9.99898314e-02  1.37194995e+02]
 [ 0.00000000e+00  0.00000000e+00  0.00000000e+00  1.00000000e+00]]
T_pred (Predicted Transformation):
[[  0.14554749  -0.21199768  -0.966371   -22.69243734]
 [ -0.97324226   0.14486655  -0.17836249   8.22131616]
 [  0.17780727   0.96647331  -0.18524014 134.8476958 ]
 [  0.           0.           0.           1.        ]]
T_pred_ICP (Predicted Transformation from ICP):
[[ 1.59146729e-01 -2.07263451e-01 -9.65253428e-01 -2.27437944e+01]
 [-9.73337318e-01  1.30650689e-01 -1.88533454e-01  8.09270534e+00]
 [ 1.65187120e-01  9.69521665e-01 -1.80944621e-01  1.34763177e+02]
 [ 0.00000000e+00  0.00000000e+00  0.00000000e+00  1.00000000e+00]]
