Object ID: 14
Inlier ration of P_pred: 0.01100000087171793
Num. of correspondences: 2000
Avg. Euclidean Distance (ADD) [cm]: 14.863182935129819
Add Score thres: 0
Add Score thres (xyz direction): 0
Add-S Score: 0
Avg. Euclidean Distance (ADD) ICP: 14.86135128167956
Add Score ICP thres: 14.86135128167956
Add Score ICP thres (xyz direction): 0
Add-S Score ICP: 0
Error [cm]: 2.700141535144443
Error [deg]: 175.95961965422873
T_gt (Ground Truth Transformation):
[[ 8.87400746e-01 -3.19511443e-01 -3.32313687e-01 -2.21909973e+01]
 [-4.52560425e-01 -7.41078794e-01 -4.95975018e-01  4.33057137e+00]
 [-8.78009349e-02  5.90520620e-01 -8.02232087e-01  1.36529565e+02]
 [ 0.00000000e+00  0.00000000e+00  0.00000000e+00  1.00000000e+00]]
T_pred (Predicted Transformation):
[[-4.36072575e-01 -2.14705631e-01 -8.73923453e-01 -1.96518713e+01]
 [ 7.73000980e-01  4.07864038e-01 -4.85918112e-01  5.34321814e+00]
 [ 4.60771303e-01 -8.87439248e-01 -1.18906579e-02  1.36558991e+02]
 [ 0.00000000e+00  0.00000000e+00  0.00000000e+00  1.00000000e+00]]
T_pred_ICP (Predicted Transformation from ICP):
[[-4.33453032e-01 -2.05925044e-01 -8.77333087e-01 -1.96798019e+01]
 [ 7.76125653e-01  4.09455805e-01 -4.79556998e-01  5.31814394e+00]
 [ 4.57981922e-01 -8.88786150e-01 -1.76561512e-02  1.36626325e+02]
 [ 0.00000000e+00  0.00000000e+00  0.00000000e+00  1.00000000e+00]]
