Object ID: 11
Inlier ration of P_pred: 0.008676789700984955
Num. of correspondences: 1844
Avg. Euclidean Distance (ADD) [cm]: 8.983757654920984
Add Score thres: 0
Add Score thres (xyz direction): 0
Add-S Score: 0
Avg. Euclidean Distance (ADD) ICP: 8.953950715433722
Add Score ICP thres: 8.953950715433722
Add Score ICP thres (xyz direction): 0
Add-S Score ICP: 0
Error [cm]: 8.180558575718212
Error [deg]: 33.953251939541225
T_gt (Ground Truth Transformation):
[[-7.73699045e-01 -6.32047474e-01  4.36589010e-02 -2.26079285e+01]
 [-6.32113695e-01  7.65462101e-01 -1.20416112e-01 -3.03485413e+01]
 [ 4.26894575e-02 -1.20763198e-01 -9.91763234e-01  7.11214417e+01]
 [ 0.00000000e+00  0.00000000e+00  0.00000000e+00  1.00000000e+00]]
T_pred (Predicted Transformation):
[[-5.52919904e-01 -6.70253996e-01  4.95014303e-01 -2.66284572e+01]
 [-8.32595459e-01  4.67689066e-01 -2.96735133e-01 -2.56795921e+01]
 [-3.26248685e-02 -5.76217422e-01 -8.16645027e-01  7.65802870e+01]
 [ 0.00000000e+00  0.00000000e+00  0.00000000e+00  1.00000000e+00]]
T_pred_ICP (Predicted Transformation from ICP):
[[-5.45099477e-01 -6.66461000e-01  5.08621957e-01 -2.67195470e+01]
 [-8.37113394e-01  4.65897382e-01 -2.86671930e-01 -2.58230429e+01]
 [-4.59099770e-02 -5.82038972e-01 -8.11863849e-01  7.65561446e+01]
 [ 0.00000000e+00  0.00000000e+00  0.00000000e+00  1.00000000e+00]]
