Object ID: 15
Inlier ration of P_pred: 0.20850001275539398
Num. of correspondences: 2000
Avg. Euclidean Distance (ADD) [cm]: 9.407135096208656
Add Score thres: 0
Add Score thres (xyz direction): 0
Add-S Score: 0
Avg. Euclidean Distance (ADD) ICP: 9.429959188116504
Add Score ICP thres: 9.429959188116504
Add Score ICP thres (xyz direction): 0
Add-S Score ICP: 0
Error [cm]: 3.9876227555745722
Error [deg]: 102.98921180035039
T_gt (Ground Truth Transformation):
[[ 0.4857313  -0.76345503 -0.42567781 44.55660095]
 [-0.73565197 -0.09402473 -0.6708023   7.18990479]
 [ 0.47210312  0.63898039 -0.60730797 90.9967041 ]
 [ 0.          0.          0.          1.        ]]
T_pred (Predicted Transformation):
[[ 2.15056347e-01 -1.32469951e-01  9.67575568e-01  4.76502730e+01]
 [-2.69483097e-01 -9.60340924e-01 -7.15833129e-02  9.49624607e+00]
 [ 9.38685053e-01 -2.45350815e-01 -2.42225824e-01  9.00109793e+01]
 [ 0.00000000e+00  0.00000000e+00  0.00000000e+00  1.00000000e+00]]
T_pred_ICP (Predicted Transformation from ICP):
[[ 2.13041169e-01 -1.25844746e-01  9.68904825e-01  4.76568999e+01]
 [-2.67295242e-01 -9.61345568e-01 -6.60904930e-02  9.49478433e+00]
 [ 9.39769500e-01 -2.44903654e-01 -2.38443885e-01  9.00083661e+01]
 [ 0.00000000e+00  0.00000000e+00  0.00000000e+00  1.00000000e+00]]
