Object ID: 6
Inlier ration of P_pred: 0.2102217972278595
Num. of correspondences: 1037
Avg. Euclidean Distance (ADD) [cm]: 7.5666205185046
Add Score thres: 0
Add Score thres (xyz direction): 0
Add-S Score: 0
Avg. Euclidean Distance (ADD) ICP: 7.3995456937638835
Add Score ICP thres: 7.3995456937638835
Add Score ICP thres (xyz direction): 0
Add-S Score ICP: 0
Error [cm]: 4.656139928520628
Error [deg]: 112.62695189389065
T_gt (Ground Truth Transformation):
[[ 6.87184691e-01 -7.17759311e-01  1.12243898e-01 -1.48048981e+01]
 [-6.60005748e-01 -6.81373477e-01 -3.16421360e-01 -2.64181763e+01]
 [ 3.03594410e-01  1.43358305e-01 -9.41954732e-01  1.21169568e+02]
 [ 0.00000000e+00  0.00000000e+00  0.00000000e+00  1.00000000e+00]]
T_pred (Predicted Transformation):
[[-8.67400070e-01 -4.92139276e-01  7.35938262e-02 -1.54742823e+01]
 [ 3.27448974e-02 -2.04024462e-01 -9.78418004e-01 -2.43929186e+01]
 [ 4.96532869e-01 -8.46270023e-01  1.93085883e-01  1.16987173e+02]
 [ 0.00000000e+00  0.00000000e+00  0.00000000e+00  1.00000000e+00]]
T_pred_ICP (Predicted Transformation from ICP):
[[-8.17955990e-01 -5.62194779e-01  1.22004216e-01 -1.56875107e+01]
 [-1.85927631e-02 -1.86132335e-01 -9.82348748e-01 -2.44084105e+01]
 [ 5.74980267e-01 -8.05786438e-01  1.41795304e-01  1.17063295e+02]
 [ 0.00000000e+00  0.00000000e+00  0.00000000e+00  1.00000000e+00]]
