Object ID: 14
Inlier ration of P_pred: 0.09100000560283661
Num. of correspondences: 2000
Avg. Euclidean Distance (ADD) [cm]: 17.337211951618613
Add Score thres: 0
Add Score thres (xyz direction): 0
Add-S Score: 0
Avg. Euclidean Distance (ADD) ICP: 17.29720162057262
Add Score ICP thres: 17.29720162057262
Add Score ICP thres (xyz direction): 0
Add-S Score ICP: 0
Error [cm]: 11.713794548965385
Error [deg]: 150.20015040514275
T_gt (Ground Truth Transformation):
[[-2.57155269e-01 -6.68780982e-01 -6.97569489e-01  9.40356140e+00]
 [ 1.17652878e-01  6.94808543e-01 -7.09506094e-01 -1.35831848e+01]
 [ 9.59181428e-01 -2.64524251e-01 -9.99896675e-02  1.23588062e+02]
 [ 0.00000000e+00  0.00000000e+00  0.00000000e+00  1.00000000e+00]]
T_pred (Predicted Transformation):
[[-8.27035016e-01  9.92377256e-02  5.53321748e-01  1.65292026e+00]
 [ 5.26337314e-01  4.82402027e-01  7.00183773e-01 -2.23260011e+01]
 [-1.97438887e-01  8.70310380e-01 -4.51195886e-01  1.24878720e+02]
 [ 0.00000000e+00  0.00000000e+00  0.00000000e+00  1.00000000e+00]]
T_pred_ICP (Predicted Transformation from ICP):
[[-8.13482838e-01  1.03417482e-01  5.72320274e-01  1.56908453e+00]
 [ 5.46556654e-01  4.72314275e-01  6.91516486e-01 -2.21819280e+01]
 [-1.98800141e-01  8.75342247e-01 -4.40743070e-01  1.24964859e+02]
 [ 0.00000000e+00  0.00000000e+00  0.00000000e+00  1.00000000e+00]]
