Object ID: 14
Inlier ration of P_pred: 0.18550001084804535
Num. of correspondences: 2000
Avg. Euclidean Distance (ADD) [cm]: 14.011488962405398
Add Score thres: 0
Add Score thres (xyz direction): 0
Add-S Score: 0
Avg. Euclidean Distance (ADD) ICP: 14.030000149181223
Add Score ICP thres: 14.030000149181223
Add Score ICP thres (xyz direction): 0
Add-S Score ICP: 0
Error [cm]: 5.794144955737552
Error [deg]: 159.48556534776418
T_gt (Ground Truth Transformation):
[[ 1.49889484e-01  9.25871015e-01  3.46837342e-01 -3.13218872e+01]
 [ 7.78621435e-01  1.05655968e-01 -6.18535042e-01 -3.02223724e+01]
 [-6.09329104e-01  3.62766892e-01 -7.05066264e-01  1.11199658e+02]
 [ 0.00000000e+00  0.00000000e+00  0.00000000e+00  1.00000000e+00]]
T_pred (Predicted Transformation):
[[ 5.88919570e-01 -8.06468780e-01  5.27432177e-02 -2.69189512e+01]
 [ 5.62352468e-01  4.55777575e-01  6.89946740e-01 -3.08379993e+01]
 [-5.80459682e-01 -3.76662859e-01  7.21936042e-01  1.14870851e+02]
 [ 0.00000000e+00  0.00000000e+00  0.00000000e+00  1.00000000e+00]]
T_pred_ICP (Predicted Transformation from ICP):
[[ 5.89190069e-01 -8.06349107e-01  5.15381443e-02 -2.68147653e+01]
 [ 5.63665598e-01  4.55888990e-01  6.88800640e-01 -3.07832191e+01]
 [-5.78909454e-01 -3.76784218e-01  7.23116517e-01  1.14797355e+02]
 [ 0.00000000e+00  0.00000000e+00  0.00000000e+00  1.00000000e+00]]
