Object ID: 15
Inlier ration of P_pred: 0.06550000607967377
Num. of correspondences: 2000
Avg. Euclidean Distance (ADD) [cm]: 7.3173418699073025
Add Score thres: 0
Add Score thres (xyz direction): 0
Add-S Score: 0
Avg. Euclidean Distance (ADD) ICP: 7.316492184714457
Add Score ICP thres: 7.316492184714457
Add Score ICP thres (xyz direction): 0
Add-S Score ICP: 0
Error [cm]: 5.932245426585573
Error [deg]: 67.47784107703772
T_gt (Ground Truth Transformation):
[[ 5.37193716e-01  7.31069684e-01  4.20666307e-01  2.86076080e+01]
 [ 6.92125320e-01 -9.70276967e-02 -7.15226173e-01  1.48828934e+01]
 [-4.82063860e-01  6.75368845e-01 -5.58114469e-01  1.16997021e+02]
 [ 0.00000000e+00  0.00000000e+00  0.00000000e+00  1.00000000e+00]]
T_pred (Predicted Transformation):
[[ -0.32444659   0.47171553   0.81988955  23.90399646]
 [  0.40234613   0.85327966  -0.33170984  15.5840009 ]
 [ -0.85606776   0.22225726  -0.46663659 113.43092414]
 [  0.           0.           0.           1.        ]]
T_pred_ICP (Predicted Transformation from ICP):
[[ -0.32467085   0.47061772   0.82043147  23.92328851]
 [  0.39811465   0.85483606  -0.33280632  15.57636885]
 [ -0.85795895   0.21857328  -0.46490016 113.4238187 ]
 [  0.           0.           0.           1.        ]]
