Object ID: 13
Inlier ration of P_pred: 0.014388488605618477
Num. of correspondences: 695
Avg. Euclidean Distance (ADD) [cm]: 14.982121053544812
Add Score thres: 0
Add Score thres (xyz direction): 0
Add-S Score: 0
Avg. Euclidean Distance (ADD) ICP: 15.01673388901442
Add Score ICP thres: 15.01673388901442
Add Score ICP thres (xyz direction): 0
Add-S Score ICP: 0
Error [cm]: 8.877219062449605
Error [deg]: 157.11412635701018
T_gt (Ground Truth Transformation):
[[-9.92123663e-01  8.68210942e-02 -9.02932882e-02  2.14079102e+01]
 [ 1.02006145e-01  1.41615659e-01 -9.84652102e-01 -1.14073753e+01]
 [-7.27016255e-02 -9.86107051e-01 -1.49356589e-01  1.90289917e+02]
 [ 0.00000000e+00  0.00000000e+00  0.00000000e+00  1.00000000e+00]]
T_pred (Predicted Transformation):
[[ 8.68881094e-01  4.93727956e-01  3.57540069e-02  2.94836512e+01]
 [ 4.50932025e-01 -8.19224624e-01  3.54304001e-01 -9.83047527e+00]
 [ 2.04220353e-01 -2.91725421e-01 -9.34446535e-01  1.87207648e+02]
 [ 0.00000000e+00  0.00000000e+00  0.00000000e+00  1.00000000e+00]]
T_pred_ICP (Predicted Transformation from ICP):
[[ 8.70904044e-01  4.88623299e-01  5.26632516e-02  2.95363441e+01]
 [ 4.40386180e-01 -8.23479350e-01  3.57689492e-01 -9.65363136e+00]
 [ 2.18142520e-01 -2.88321057e-01 -9.32354444e-01  1.87182191e+02]
 [ 0.00000000e+00  0.00000000e+00  0.00000000e+00  1.00000000e+00]]
