Object ID: 13
Inlier ration of P_pred: 0.1459459513425827
Num. of correspondences: 1480
Avg. Euclidean Distance (ADD) [cm]: 14.051186025020684
Add Score thres: 0
Add Score thres (xyz direction): 0
Add-S Score: 0
Avg. Euclidean Distance (ADD) ICP: 14.035659245389628
Add Score ICP thres: 14.035659245389628
Add Score ICP thres (xyz direction): 0
Add-S Score ICP: 0
Error [cm]: 3.7848941082822893
Error [deg]: 148.74084967036123
T_gt (Ground Truth Transformation):
[[ -0.74335235  -0.65330535   0.14359604  24.08188934]
 [ -0.6232937    0.59860927  -0.50316197  46.62063599]
 [  0.24276042  -0.46352902  -0.85217875 114.40654297]
 [  0.           0.           0.           1.        ]]
T_pred (Predicted Transformation):
[[  0.23349969  -0.47421553   0.84888016  21.40685945]
 [  0.7916562   -0.41418967  -0.44914072  49.3187716 ]
 [  0.5645869    0.77689546   0.2787025  114.17195901]
 [  0.           0.           0.           1.        ]]
T_pred_ICP (Predicted Transformation from ICP):
[[  0.22574228  -0.49222596   0.84068664  21.43935297]
 [  0.79288449  -0.40856019  -0.45212028  49.31787913]
 [  0.56601643   0.76863006   0.29804902 114.14711217]
 [  0.           0.           0.           1.        ]]
