Object ID: 14
Inlier ration of P_pred: 0.026013007387518883
Num. of correspondences: 1999
Avg. Euclidean Distance (ADD) [cm]: 14.148522690801084
Add Score thres: 0
Add Score thres (xyz direction): 0
Add-S Score: 0
Avg. Euclidean Distance (ADD) ICP: 14.113948879535032
Add Score ICP thres: 14.113948879535032
Add Score ICP thres (xyz direction): 0
Add-S Score ICP: 0
Error [cm]: 4.771081215678414
Error [deg]: 134.09429526852813
T_gt (Ground Truth Transformation):
[[-5.89668155e-01  8.05140018e-01 -6.35727420e-02  1.95539764e+01]
 [ 7.64109015e-01  5.30655563e-01 -3.66800040e-01 -1.26686569e+01]
 [-2.61590123e-01 -2.64866710e-01 -9.28125441e-01  8.39901306e+01]
 [ 0.00000000e+00  0.00000000e+00  0.00000000e+00  1.00000000e+00]]
T_pred (Predicted Transformation):
[[ -0.43580466   0.78254188  -0.4446375   22.49379337]
 [ -0.67971158  -0.6099801   -0.40732842 -12.02492089]
 [ -0.58997157   0.12470964   0.79773495  80.20210996]
 [  0.           0.           0.           1.        ]]
T_pred_ICP (Predicted Transformation from ICP):
[[ -0.42635271   0.78138961  -0.45569029  22.49456999]
 [ -0.67742547  -0.60965964  -0.41159429 -12.04334367]
 [ -0.59943148   0.13321187   0.78926326  80.28538921]
 [  0.           0.           0.           1.        ]]
