Object ID: 13
Inlier ration of P_pred: 0.1730000078678131
Num. of correspondences: 2000
Avg. Euclidean Distance (ADD) [cm]: 12.861192636175797
Add Score thres: 0
Add Score thres (xyz direction): 0
Add-S Score: 0
Avg. Euclidean Distance (ADD) ICP: 12.84217882885662
Add Score ICP thres: 12.84217882885662
Add Score ICP thres (xyz direction): 0
Add-S Score ICP: 0
Error [cm]: 5.279046925144846
Error [deg]: 128.65717193487328
T_gt (Ground Truth Transformation):
[[ -0.42954451   0.8700617    0.24183537 -16.58002777]
 [  0.47990742   0.44678915  -0.75502872 -27.15130005]
 [ -0.76497096  -0.20825978  -0.60946494 102.89354248]
 [  0.           0.           0.           1.        ]]
T_pred (Predicted Transformation):
[[ 8.09498228e-01 -9.02901463e-02  5.80138180e-01 -1.26646981e+01]
 [ 2.70561938e-01 -8.19565224e-01 -5.05083243e-01 -2.59207068e+01]
 [ 5.21065117e-01  5.65827300e-01 -6.39007520e-01  1.06140903e+02]
 [ 0.00000000e+00  0.00000000e+00  0.00000000e+00  1.00000000e+00]]
T_pred_ICP (Predicted Transformation from ICP):
[[ 8.03313735e-01 -6.55246021e-02  5.91940512e-01 -1.25303944e+01]
 [ 2.86751116e-01 -8.28578761e-01 -4.80864881e-01 -2.58600017e+01]
 [ 5.21977817e-01  5.56024966e-01 -6.46819446e-01  1.06024254e+02]
 [ 0.00000000e+00  0.00000000e+00  0.00000000e+00  1.00000000e+00]]
