Object ID: 6
Inlier ration of P_pred: 0.0826709046959877
Num. of correspondences: 629
Avg. Euclidean Distance (ADD) [cm]: 3.67781361801586
Add Score thres: 0
Add Score thres (xyz direction): 0
Add-S Score: 0
Avg. Euclidean Distance (ADD) ICP: 3.6676105630699745
Add Score ICP thres: 3.6676105630699745
Add Score ICP thres (xyz direction): 0
Add-S Score ICP: 0
Error [cm]: 2.2807916264034676
Error [deg]: 30.6853235076508
T_gt (Ground Truth Transformation):
[[-8.06387246e-01  5.84141254e-01 -9.22976807e-02  3.92382126e+00]
 [ 5.77098012e-01  7.43157625e-01 -3.38636488e-01 -4.36261169e+01]
 [-1.29219800e-01 -3.26336890e-01 -9.36379552e-01  1.41502356e+02]
 [ 0.00000000e+00  0.00000000e+00  0.00000000e+00  1.00000000e+00]]
T_pred (Predicted Transformation):
[[ -0.81041122   0.53317793  -0.24280639   4.71150151]
 [  0.51149057   0.44182036  -0.73700215 -43.02120319]
 [ -0.28567648  -0.72146799  -0.63077166 139.40590947]
 [  0.           0.           0.           1.        ]]
T_pred_ICP (Predicted Transformation from ICP):
[[ -0.81798044   0.52464527  -0.23591384   4.76603581]
 [  0.50013813   0.44600694  -0.7422531  -42.9562637 ]
 [ -0.28420036  -0.72513802  -0.62722006 139.49139059]
 [  0.           0.           0.           1.        ]]
