Object ID: 14
Inlier ration of P_pred: 0.017500000074505806
Num. of correspondences: 2000
Avg. Euclidean Distance (ADD) [cm]: 13.462839536539178
Add Score thres: 0
Add Score thres (xyz direction): 0
Add-S Score: 0
Avg. Euclidean Distance (ADD) ICP: 13.392640069713284
Add Score ICP thres: 13.392640069713284
Add Score ICP thres (xyz direction): 0
Add-S Score ICP: 0
Error [cm]: 8.731493381367262
Error [deg]: 95.48953865740536
T_gt (Ground Truth Transformation):
[[ 0.34409559 -0.90725636  0.24183543  7.46808701]
 [-0.52055591 -0.3986899  -0.75502872 16.79069519]
 [ 0.78142178  0.13391332 -0.60946512 52.09328613]
 [ 0.          0.          0.          1.        ]]
T_pred (Predicted Transformation):
[[ 4.62966235e-01 -5.61019820e-01  6.86235402e-01 -1.12731769e+00]
 [-8.39042874e-01 -2.77676947e-02  5.43356247e-01  1.45694822e+01]
 [-2.85778449e-01 -8.27336520e-01 -4.83575187e-01  5.13860778e+01]
 [ 0.00000000e+00  0.00000000e+00  0.00000000e+00  1.00000000e+00]]
T_pred_ICP (Predicted Transformation from ICP):
[[ 4.39372020e-01 -5.71239298e-01  6.93280529e-01 -9.71722218e-01]
 [-8.43122260e-01  4.09112599e-03  5.37706349e-01  1.46133034e+01]
 [-3.09995295e-01 -8.20773371e-01 -4.79827041e-01  5.15760221e+01]
 [ 0.00000000e+00  0.00000000e+00  0.00000000e+00  1.00000000e+00]]
