Object ID: 15
Inlier ration of P_pred: 0.6141445636749268
Num. of correspondences: 1923
Avg. Euclidean Distance (ADD) [cm]: 0.9625052865399532
Add Score thres: 1
Add Score thres (xyz direction): 0
Add-S Score: 0
Avg. Euclidean Distance (ADD) ICP: 1.2713454496360625e-06
Add Score ICP thres: 1.2713454496360625e-06
Add Score ICP thres (xyz direction): 0
Add-S Score ICP: 0
Error [cm]: 9.323570538753185e-07
Error [deg]: 0.0
T_gt (Ground Truth Transformation):
[[-9.67397034e-01 -2.15314597e-01  1.33353367e-01 -6.89176025e+00]
 [-2.50962615e-01  8.85802686e-01 -3.90347838e-01 -1.89348541e+01]
 [-3.40771973e-02 -4.11087930e-01 -9.10958827e-01  1.23851953e+02]
 [ 0.00000000e+00  0.00000000e+00  0.00000000e+00  1.00000000e+00]]
T_pred (Predicted Transformation):
[[-9.56246874e-01 -2.04610053e-01  2.09109163e-01 -5.90663400e+00]
 [-2.69687785e-01  8.93545425e-01 -3.58949957e-01 -1.90244508e+01]
 [-1.13403766e-01 -3.99638962e-01 -9.09630852e-01  1.23302694e+02]
 [ 0.00000000e+00  0.00000000e+00  0.00000000e+00  1.00000000e+00]]
T_pred_ICP (Predicted Transformation from ICP):
[[-9.67396774e-01 -2.15314583e-01  1.33353332e-01 -6.89176013e+00]
 [-2.50962600e-01  8.85802698e-01 -3.90347735e-01 -1.89348538e+01]
 [-3.40771813e-02 -4.11087839e-01 -9.10958580e-01  1.23851954e+02]
 [ 0.00000000e+00  0.00000000e+00  0.00000000e+00  1.00000000e+00]]
