Object ID: 11
Inlier ration of P_pred: 0.2566371560096741
Num. of correspondences: 1130
Avg. Euclidean Distance (ADD) [cm]: 3.4236481841483557
Add Score thres: 0
Add Score thres (xyz direction): 0
Add-S Score: 0
Avg. Euclidean Distance (ADD) ICP: 3.4596089244894017
Add Score ICP thres: 3.4596089244894017
Add Score ICP thres (xyz direction): 0
Add-S Score ICP: 0
Error [cm]: 3.430905568473086
Error [deg]: 5.353522950232126
T_gt (Ground Truth Transformation):
[[ 4.54656065e-01 -8.58970463e-01 -2.35494345e-01  3.62953637e-05]
 [-4.97501522e-01 -2.56103259e-02 -8.67084980e-01  3.23295477e-05]
 [ 7.38769352e-01  5.11384249e-01 -4.38983023e-01  1.13698608e+02]
 [ 0.00000000e+00  0.00000000e+00  0.00000000e+00  1.00000000e+00]]
T_pred (Predicted Transformation):
[[ 4.08890660e-01 -8.73417812e-01 -2.64480157e-01 -1.58066911e+00]
 [-4.91396915e-01  3.34860289e-02 -8.70291766e-01  3.48339593e-01]
 [ 7.68984720e-01  4.85818908e-01 -4.15502694e-01  1.10706809e+02]
 [ 0.00000000e+00  0.00000000e+00  0.00000000e+00  1.00000000e+00]]
T_pred_ICP (Predicted Transformation from ICP):
[[ 3.80456156e-01 -8.88621188e-01 -2.56135703e-01 -1.55153771e+00]
 [-4.86797226e-01  4.30570509e-02 -8.72453180e-01  3.67268139e-01]
 [ 7.86308829e-01  4.56616332e-01 -4.16197009e-01  1.10660703e+02]
 [ 0.00000000e+00  0.00000000e+00  0.00000000e+00  1.00000000e+00]]
