Object ID: 6
Inlier ration of P_pred: 0.4302788972854614
Num. of correspondences: 1255
Avg. Euclidean Distance (ADD) [cm]: 0.7484058423309525
Add Score thres: 1
Add Score thres (xyz direction): 0
Add-S Score: 0
Avg. Euclidean Distance (ADD) ICP: 1.1675328685028221e-07
Add Score ICP thres: 1.1675328685028221e-07
Add Score ICP thres (xyz direction): 0
Add-S Score ICP: 0
Error [cm]: 6.222769490688682e-08
Error [deg]: 0.0
T_gt (Ground Truth Transformation):
[[ 5.03506303e-01 -8.62626612e-01  4.85463887e-02 -5.42711670e+01]
 [-8.19584608e-01 -4.94654775e-01 -2.89132744e-01 -3.81132568e+01]
 [ 2.73427308e-01  1.05792284e-01 -9.56057310e-01  1.18835791e+02]
 [ 0.00000000e+00  0.00000000e+00  0.00000000e+00  1.00000000e+00]]
T_pred (Predicted Transformation):
[[ 5.03768326e-01 -8.43175914e-01  1.87808020e-01 -5.39913935e+01]
 [-7.69538884e-01 -5.36815584e-01 -3.45888615e-01 -3.78446816e+01]
 [ 3.92463221e-01  2.97221540e-02 -9.19287340e-01  1.19114245e+02]
 [ 0.00000000e+00  0.00000000e+00  0.00000000e+00  1.00000000e+00]]
T_pred_ICP (Predicted Transformation from ICP):
[[ 5.03506299e-01 -8.62626602e-01  4.85463925e-02 -5.42711670e+01]
 [-8.19584603e-01 -4.94654768e-01 -2.89132735e-01 -3.81132568e+01]
 [ 2.73427293e-01  1.05792278e-01 -9.56057273e-01  1.18835791e+02]
 [ 0.00000000e+00  0.00000000e+00  0.00000000e+00  1.00000000e+00]]
