Object ID: 14
Inlier ration of P_pred: 0.06453226506710052
Num. of correspondences: 1999
Avg. Euclidean Distance (ADD) [cm]: 12.89385270411568
Add Score thres: 0
Add Score thres (xyz direction): 0
Add-S Score: 0
Avg. Euclidean Distance (ADD) ICP: 12.895199736907042
Add Score ICP thres: 12.895199736907042
Add Score ICP thres (xyz direction): 0
Add-S Score ICP: 0
Error [cm]: 7.067619942214758
Error [deg]: 114.24331742053555
T_gt (Ground Truth Transformation):
[[ -0.38213012   0.77085316   0.50966859  -4.801371  ]
 [  0.19761284   0.60693043  -0.76979518 -13.23491364]
 [ -0.90273237  -0.19344486  -0.38425687  71.41296387]
 [  0.           0.           0.           1.        ]]
T_pred (Predicted Transformation):
[[-2.74043543e-02  2.96468922e-01 -9.54649244e-01 -6.37209313e+00]
 [ 9.87683718e-01  1.55200014e-01  1.98451384e-02 -1.64338713e+01]
 [ 1.54045043e-01 -9.42347672e-01 -2.97070683e-01  6.54409947e+01]
 [ 0.00000000e+00  0.00000000e+00  0.00000000e+00  1.00000000e+00]]
T_pred_ICP (Predicted Transformation from ICP):
[[-2.80453268e-02  2.85568637e-01 -9.57947813e-01 -6.44610934e+00]
 [ 9.89166677e-01  1.46070412e-01  1.45849550e-02 -1.66373358e+01]
 [ 1.44092837e-01 -9.47161015e-01 -2.86571572e-01  6.54405597e+01]
 [ 0.00000000e+00  0.00000000e+00  0.00000000e+00  1.00000000e+00]]
