Object ID: 13
Inlier ration of P_pred: 0.05700000375509262
Num. of correspondences: 2000
Avg. Euclidean Distance (ADD) [cm]: 14.967634796853329
Add Score thres: 0
Add Score thres (xyz direction): 0
Add-S Score: 0
Avg. Euclidean Distance (ADD) ICP: 14.899711841722121
Add Score ICP thres: 14.899711841722121
Add Score ICP thres (xyz direction): 0
Add-S Score ICP: 0
Error [cm]: 6.928590771595542
Error [deg]: 134.29399494935763
T_gt (Ground Truth Transformation):
[[ 9.14844453e-01 -3.92165065e-01 -9.62608308e-02 -2.31595856e+01]
 [-4.03735638e-01 -8.83853555e-01 -2.36221671e-01 -9.66949463e+00]
 [ 7.55741587e-03  2.54970014e-01 -9.66919541e-01  1.44202454e+02]
 [ 0.00000000e+00  0.00000000e+00  0.00000000e+00  1.00000000e+00]]
T_pred (Predicted Transformation):
[[-3.22818344e-01 -8.67340031e-01  3.78826593e-01 -2.23728019e+01]
 [ 6.84440083e-01 -4.90383061e-01 -5.39505538e-01 -2.87368612e+00]
 [ 6.53704895e-01  8.51218207e-02  7.51946931e-01  1.45692725e+02]
 [ 0.00000000e+00  0.00000000e+00  0.00000000e+00  1.00000000e+00]]
T_pred_ICP (Predicted Transformation from ICP):
[[-3.20620519e-01 -8.56206629e-01  4.05108246e-01 -2.24826384e+01]
 [ 6.87181232e-01 -5.04609219e-01 -5.22638968e-01 -2.94263128e+00]
 [ 6.51908304e-01  1.10814007e-01  7.50157196e-01  1.45717849e+02]
 [ 0.00000000e+00  0.00000000e+00  0.00000000e+00  1.00000000e+00]]
