Object ID: 15
Inlier ration of P_pred: 0.27848100662231445
Num. of correspondences: 632
Avg. Euclidean Distance (ADD) [cm]: 8.008607022233557
Add Score thres: 0
Add Score thres (xyz direction): 0
Add-S Score: 0
Avg. Euclidean Distance (ADD) ICP: 7.989975468153454
Add Score ICP thres: 7.989975468153454
Add Score ICP thres (xyz direction): 0
Add-S Score ICP: 0
Error [cm]: 1.6050583631597108
Error [deg]: 126.74876401337342
T_gt (Ground Truth Transformation):
[[-9.53570545e-01 -2.84128100e-01  9.98714417e-02  1.70340393e+01]
 [-2.33963430e-01  4.90052998e-01 -8.39707792e-01 -2.67331635e+01]
 [ 1.89642295e-01 -8.24086905e-01 -5.33775628e-01  1.76459143e+02]
 [ 0.00000000e+00  0.00000000e+00  0.00000000e+00  1.00000000e+00]]
T_pred (Predicted Transformation):
[[ 3.94488507e-01  9.03214533e-01  1.69063079e-01  1.85233502e+01]
 [ 3.19025291e-01  3.79187720e-02 -9.46987344e-01 -2.70739844e+01]
 [-8.61743397e-01  4.27511021e-01 -2.73189759e-01  1.76114706e+02]
 [ 0.00000000e+00  0.00000000e+00  0.00000000e+00  1.00000000e+00]]
T_pred_ICP (Predicted Transformation from ICP):
[[ 3.64715693e-01  9.17747276e-01  1.57233585e-01  1.84759208e+01]
 [ 3.12483529e-01  3.84309471e-02 -9.49145461e-01 -2.72795188e+01]
 [-8.77118297e-01  3.95301151e-01 -2.72764538e-01  1.76013401e+02]
 [ 0.00000000e+00  0.00000000e+00  0.00000000e+00  1.00000000e+00]]
