Object ID: 10
Inlier ration of P_pred: 0.09450000524520874
Num. of correspondences: 2000
Avg. Euclidean Distance (ADD) [cm]: 7.774889081915217
Add Score thres: 0
Add Score thres (xyz direction): 0
Add-S Score: 0
Avg. Euclidean Distance (ADD) ICP: 7.667492344896079
Add Score ICP thres: 7.667492344896079
Add Score ICP thres (xyz direction): 0
Add-S Score ICP: 0
Error [cm]: 3.2155583226218973
Error [deg]: 115.37934870993503
T_gt (Ground Truth Transformation):
[[ 4.91526723e-02 -9.86870646e-01  1.53852150e-01 -7.83120117e+00]
 [-9.79023337e-01 -7.80998841e-02 -1.88185602e-01  1.66525452e+01]
 [ 1.97730660e-01 -1.41375005e-01 -9.70008194e-01  8.12421509e+01]
 [ 0.00000000e+00  0.00000000e+00  0.00000000e+00  1.00000000e+00]]
T_pred (Predicted Transformation):
[[ 0.48992907  0.35258181 -0.79728011 -5.15460106]
 [-0.753861   -0.28793524 -0.59058182 16.3200112 ]
 [-0.43779345  0.89038159  0.12472983 79.26705343]
 [ 0.          0.          0.          1.        ]]
T_pred_ICP (Predicted Transformation from ICP):
[[ 0.48662866  0.32624511 -0.81040526 -5.30556917]
 [-0.75758383 -0.30435838 -0.57743633 16.29667242]
 [-0.43503941  0.89494699  0.09904851 79.28400049]
 [ 0.          0.          0.          1.        ]]
