Object ID: 15
Inlier ration of P_pred: 0.48841577768325806
Num. of correspondences: 1597
Avg. Euclidean Distance (ADD) [cm]: 0.493250434684602
Add Score thres: 1
Add Score thres (xyz direction): 0
Add-S Score: 0
Avg. Euclidean Distance (ADD) ICP: 6.131028086680818e-07
Add Score ICP thres: 6.131028086680818e-07
Add Score ICP thres (xyz direction): 0
Add-S Score ICP: 0
Error [cm]: 4.581520821553245e-07
Error [deg]: 0.0
T_gt (Ground Truth Transformation):
[[-6.25390112e-01  7.13397264e-01  3.16151589e-01 -1.96136627e+01]
 [-4.81745824e-02  3.69088262e-01 -9.28144991e-01 -7.71468506e+00]
 [-7.78823912e-01 -5.95683098e-01 -1.96456626e-01  1.48894385e+02]
 [ 0.00000000e+00  0.00000000e+00  0.00000000e+00  1.00000000e+00]]
T_pred (Predicted Transformation):
[[-6.03502841e-01  7.51838877e-01  2.65560961e-01 -1.98571648e+01]
 [-4.52550862e-02  3.00216099e-01 -9.52797077e-01 -7.98266445e+00]
 [-7.96075560e-01 -5.87033728e-01 -1.47156736e-01  1.49102542e+02]
 [ 0.00000000e+00  0.00000000e+00  0.00000000e+00  1.00000000e+00]]
T_pred_ICP (Predicted Transformation from ICP):
[[-6.25390024e-01  7.13397177e-01  3.16151525e-01 -1.96136629e+01]
 [-4.81745409e-02  3.69088314e-01 -9.28144940e-01 -7.71468481e+00]
 [-7.78823813e-01 -5.95683041e-01 -1.96456568e-01  1.48894385e+02]
 [ 0.00000000e+00  0.00000000e+00  0.00000000e+00  1.00000000e+00]]
