Object ID: 14
Inlier ration of P_pred: 0.16700001060962677
Num. of correspondences: 2000
Avg. Euclidean Distance (ADD) [cm]: 13.129249596159418
Add Score thres: 0
Add Score thres (xyz direction): 0
Add-S Score: 0
Avg. Euclidean Distance (ADD) ICP: 12.984787219247174
Add Score ICP thres: 12.984787219247174
Add Score ICP thres (xyz direction): 0
Add-S Score ICP: 0
Error [cm]: 2.4525300764639004
Error [deg]: 124.48599702361899
T_gt (Ground Truth Transformation):
[[  0.27386537  -0.84862077  -0.45259339 -32.05624084]
 [ -0.63624471   0.19303943  -0.74694628  13.74866028]
 [  0.72124243   0.4925229   -0.48706368 149.11247559]
 [  0.           0.           0.           1.        ]]
T_pred (Predicted Transformation):
[[  0.17195847  -0.54814856   0.81851294 -30.02296682]
 [ -0.80101395   0.40584734   0.4400734   12.32139027]
 [ -0.5734169   -0.73131463  -0.36928576 148.98959137]
 [  0.           0.           0.           1.        ]]
T_pred_ICP (Predicted Transformation from ICP):
[[ 1.47435019e-01 -5.73712844e-01  8.05677658e-01 -3.02007068e+01]
 [-8.09657556e-01  3.97854270e-01  4.31470302e-01  1.21449513e+01]
 [-5.68082350e-01 -7.15936836e-01 -4.05853287e-01  1.49116310e+02]
 [ 0.00000000e+00  0.00000000e+00  0.00000000e+00  1.00000000e+00]]
