Object ID: 13
Inlier ration of P_pred: 0.004692387767136097
Num. of correspondences: 1918
Avg. Euclidean Distance (ADD) [cm]: 11.809615089060548
Add Score thres: 0
Add Score thres (xyz direction): 0
Add-S Score: 0
Avg. Euclidean Distance (ADD) ICP: 11.734251078932036
Add Score ICP thres: 11.734251078932036
Add Score ICP thres (xyz direction): 0
Add-S Score ICP: 0
Error [cm]: 6.924680981143154
Error [deg]: 93.0267346345514
T_gt (Ground Truth Transformation):
[[-7.18494415e-01 -5.28133571e-01 -4.52593327e-01 -3.01180420e+01]
 [-1.80319399e-02  6.64640009e-01 -7.46946156e-01  4.26919861e+01]
 [ 6.95298970e-01 -5.28515518e-01 -4.87063408e-01  1.10314355e+02]
 [ 0.00000000e+00  0.00000000e+00  0.00000000e+00  1.00000000e+00]]
T_pred (Predicted Transformation):
[[ -0.62941231   0.43164327   0.64616115 -25.07947762]
 [ -0.28130113   0.64857312  -0.70726415  44.87243821]
 [ -0.72436857  -0.62692663  -0.28679816 106.14555578]
 [  0.           0.           0.           1.        ]]
T_pred_ICP (Predicted Transformation from ICP):
[[ -0.63740273   0.40538097   0.65527401 -25.17314654]
 [ -0.30169201   0.65122429  -0.69633961  44.84481801]
 [ -0.70901318  -0.6415397   -0.29279194 105.97102376]
 [  0.           0.           0.           1.        ]]
