Object ID: 6
Inlier ration of P_pred: 0.07445887476205826
Num. of correspondences: 1155
Avg. Euclidean Distance (ADD) [cm]: 12.89047230875512
Add Score thres: 0
Add Score thres (xyz direction): 0
Add-S Score: 0
Avg. Euclidean Distance (ADD) ICP: 12.93714117466419
Add Score ICP thres: 12.93714117466419
Add Score ICP thres (xyz direction): 0
Add-S Score ICP: 0
Error [cm]: 9.112148147496189
Error [deg]: 133.0634934384617
T_gt (Ground Truth Transformation):
[[-9.01914954e-01  2.57398576e-01  3.46837431e-01 -2.44743729e+01]
 [-1.36473989e-02  7.85638690e-01 -6.18535101e-01 -6.75700607e+00]
 [-4.31698948e-01 -5.62599242e-01 -7.05066562e-01  1.00766302e+02]
 [ 0.00000000e+00  0.00000000e+00  0.00000000e+00  1.00000000e+00]]
T_pred (Predicted Transformation):
[[-2.94163369e-01  2.89164850e-01 -9.10961910e-01 -1.87605305e+01]
 [-6.22718159e-01  6.65068523e-01  4.12196500e-01 -8.38029868e+00]
 [ 7.25044831e-01  6.88525635e-01 -1.55705937e-02  9.39482375e+01]
 [ 0.00000000e+00  0.00000000e+00  0.00000000e+00  1.00000000e+00]]
T_pred_ICP (Predicted Transformation from ICP):
[[-3.17554235e-01  2.77747934e-01 -9.06650646e-01 -1.86398310e+01]
 [-6.23078425e-01  6.59631997e-01  4.20308107e-01 -8.41216085e+00]
 [ 7.14795484e-01  6.98385076e-01 -3.64101896e-02  9.39655799e+01]
 [ 0.00000000e+00  0.00000000e+00  0.00000000e+00  1.00000000e+00]]
