Object ID: 13
Inlier ration of P_pred: 0.3538282811641693
Num. of correspondences: 862
Avg. Euclidean Distance (ADD) [cm]: 3.75661609313404
Add Score thres: 0
Add Score thres (xyz direction): 0
Add-S Score: 0
Avg. Euclidean Distance (ADD) ICP: 3.82222180401861
Add Score ICP thres: 3.82222180401861
Add Score ICP thres (xyz direction): 0
Add-S Score ICP: 0
Error [cm]: 2.7285177187117524
Error [deg]: 22.6473920442293
T_gt (Ground Truth Transformation):
[[-9.88978624e-01  1.09306030e-01  9.98713225e-02  5.28702087e+01]
 [-2.48413086e-02  5.42469740e-01 -8.39708090e-01  1.59177231e+01]
 [-1.45962313e-01 -8.32933962e-01 -5.33775926e-01  1.20153552e+02]
 [ 0.00000000e+00  0.00000000e+00  0.00000000e+00  1.00000000e+00]]
T_pred (Predicted Transformation):
[[-9.36960444e-01  3.65324166e-03  3.49416343e-01  5.05461147e+01]
 [-2.28169818e-01  7.50948721e-01 -6.19689077e-01  1.62769765e+01]
 [-2.64657630e-01 -6.60350416e-01 -7.02775688e-01  1.18781001e+02]
 [ 0.00000000e+00  0.00000000e+00  0.00000000e+00  1.00000000e+00]]
T_pred_ICP (Predicted Transformation from ICP):
[[-9.34284850e-01 -6.04042306e-03  3.56476272e-01  5.05610925e+01]
 [-2.36025498e-01  7.59864530e-01 -6.05720943e-01  1.62210071e+01]
 [-2.67214864e-01 -6.50053390e-01 -7.11355612e-01  1.18732000e+02]
 [ 0.00000000e+00  0.00000000e+00  0.00000000e+00  1.00000000e+00]]
