Object ID: 10
Inlier ration of P_pred: 0.014604811556637287
Num. of correspondences: 1164
Avg. Euclidean Distance (ADD) [cm]: 12.971353486778098
Add Score thres: 0
Add Score thres (xyz direction): 0
Add-S Score: 0
Avg. Euclidean Distance (ADD) ICP: 13.058540885124584
Add Score ICP thres: 13.058540885124584
Add Score ICP thres (xyz direction): 0
Add-S Score ICP: 0
Error [cm]: 8.853652791301002
Error [deg]: 175.53259581889995
T_gt (Ground Truth Transformation):
[[ 9.90770280e-01 -9.33631286e-02  9.82732102e-02  1.00921661e+01]
 [ 3.34444046e-02 -5.34204602e-01 -8.44693363e-01 -2.89227843e-01]
 [ 1.31361216e-01  8.40183794e-01 -5.26151538e-01  1.45261182e+02]
 [ 0.00000000e+00  0.00000000e+00  0.00000000e+00  1.00000000e+00]]
T_pred (Predicted Transformation):
[[-6.61836259e-01  6.96121939e-01  2.78185212e-01  1.14492365e+01]
 [-7.44510366e-01 -6.53740176e-01 -1.35381302e-01 -2.00432629e+00]
 [ 8.76189555e-02 -2.96712028e-01  9.50938952e-01  1.36784269e+02]
 [ 0.00000000e+00  0.00000000e+00  0.00000000e+00  1.00000000e+00]]
T_pred_ICP (Predicted Transformation from ICP):
[[-6.81913370e-01  6.80874913e-01  2.67214350e-01  1.14540120e+01]
 [-7.25898245e-01 -6.74832599e-01 -1.32938710e-01 -2.25654600e+00]
 [ 8.98103216e-02 -2.84623111e-01  9.54423276e-01  1.36736969e+02]
 [ 0.00000000e+00  0.00000000e+00  0.00000000e+00  1.00000000e+00]]
