Object ID: 14
Inlier ration of P_pred: 0.2160000056028366
Num. of correspondences: 2000
Avg. Euclidean Distance (ADD) [cm]: 3.8661917607485776
Add Score thres: 0
Add Score thres (xyz direction): 0
Add-S Score: 0
Avg. Euclidean Distance (ADD) ICP: 3.8240439190280995
Add Score ICP thres: 3.8240439190280995
Add Score ICP thres (xyz direction): 0
Add-S Score ICP: 0
Error [cm]: 3.5092212694320586
Error [deg]: 17.586891891273996
T_gt (Ground Truth Transformation):
[[-7.11876571e-01 -6.43525124e-01  2.81259537e-01  1.06345253e+01]
 [-2.94613808e-01 -8.99037868e-02 -9.51377869e-01  6.14146461e+00]
 [ 6.37521923e-01 -7.60126710e-01 -1.25590876e-01  1.06961572e+02]
 [ 0.00000000e+00  0.00000000e+00  0.00000000e+00  1.00000000e+00]]
T_pred (Predicted Transformation):
[[ -0.48659758  -0.73208652   0.47673067  10.36917619]
 [ -0.41858579  -0.28360245  -0.86276045   7.51553861]
 [  0.76681728  -0.61936983  -0.16844075 103.704604  ]
 [  0.           0.           0.           1.        ]]
T_pred_ICP (Predicted Transformation from ICP):
[[ -0.49185251  -0.73118539   0.47270396  10.37734292]
 [ -0.42119041  -0.27534856  -0.86416538   7.42702849]
 [  0.76202346  -0.62414029  -0.17253739 103.70645066]
 [  0.           0.           0.           1.        ]]
