Object ID: 10
Inlier ration of P_pred: 0.3236768841743469
Num. of correspondences: 1795
Avg. Euclidean Distance (ADD) [cm]: 1.2321009377304168
Add Score thres: 1
Add Score thres (xyz direction): 0
Add-S Score: 0
Avg. Euclidean Distance (ADD) ICP: 4.944305194264373e-07
Add Score ICP thres: 4.944305194264373e-07
Add Score ICP thres (xyz direction): 0
Add-S Score ICP: 0
Error [cm]: 5.6088747419155196e-08
Error [deg]: 0.02593520817378248
T_gt (Ground Truth Transformation):
[[-9.17277098e-01  2.24688530e-01  3.28812391e-01  5.47904491e-02]
 [ 4.81960131e-03  8.31847131e-01 -5.54983914e-01 -2.18268936e+01]
 [-3.98220152e-01 -5.07489324e-01 -7.64117181e-01  1.27246582e+02]
 [ 0.00000000e+00  0.00000000e+00  0.00000000e+00  1.00000000e+00]]
T_pred (Predicted Transformation):
[[-9.43264977e-01  6.72728574e-02  3.25154649e-01  3.84556240e-01]
 [-1.36434238e-01  8.14248632e-01 -5.64256028e-01 -2.09892561e+01]
 [-3.02715843e-01 -5.76605176e-01 -7.58873896e-01  1.26761667e+02]
 [ 0.00000000e+00  0.00000000e+00  0.00000000e+00  1.00000000e+00]]
T_pred_ICP (Predicted Transformation from ICP):
[[-9.17277193e-01  2.24688541e-01  3.28812426e-01  5.47904695e-02]
 [ 4.81959763e-03  8.31847116e-01 -5.54983916e-01 -2.18268936e+01]
 [-3.98220195e-01 -5.07489345e-01 -7.64117296e-01  1.27246582e+02]
 [ 0.00000000e+00  0.00000000e+00  0.00000000e+00  1.00000000e+00]]
