Object ID: 13
Inlier ration of P_pred: 0.16550001502037048
Num. of correspondences: 2000
Avg. Euclidean Distance (ADD) [cm]: 11.352371388945757
Add Score thres: 0
Add Score thres (xyz direction): 0
Add-S Score: 0
Avg. Euclidean Distance (ADD) ICP: 11.361454935406144
Add Score ICP thres: 11.361454935406144
Add Score ICP thres (xyz direction): 0
Add-S Score ICP: 0
Error [cm]: 6.753187412309194
Error [deg]: 92.02176590951102
T_gt (Ground Truth Transformation):
[[ 4.37266856e-01  8.97932529e-01 -5.01491539e-02  2.02050186e+01]
 [ 8.65914345e-01 -4.35423553e-01 -2.46168673e-01 -2.68171173e+01]
 [-2.42878959e-01  6.42165542e-02 -9.67928946e-01  1.05414575e+02]
 [ 0.00000000e+00  0.00000000e+00  0.00000000e+00  1.00000000e+00]]
T_pred (Predicted Transformation):
[[ -0.89228382   0.42432826   0.15419183  14.22601699]
 [  0.31786132   0.83297626  -0.45289594 -23.88427229]
 [ -0.32061467  -0.3551001   -0.87812878 105.07958924]
 [  0.           0.           0.           1.        ]]
T_pred_ICP (Predicted Transformation from ICP):
[[ -0.89117942   0.43076883   0.14225841  14.18558671]
 [  0.32789585   0.82835585  -0.4542146  -23.77063552]
 [ -0.31350207  -0.35814076  -0.879461   105.11303174]
 [  0.           0.           0.           1.        ]]
