Object ID: 13
Inlier ration of P_pred: 0.11550000309944153
Num. of correspondences: 2000
Avg. Euclidean Distance (ADD) [cm]: 2.901355257171873
Add Score thres: 0
Add Score thres (xyz direction): 0
Add-S Score: 0
Avg. Euclidean Distance (ADD) ICP: 2.8931846881451944
Add Score ICP thres: 2.8931846881451944
Add Score ICP thres (xyz direction): 0
Add-S Score ICP: 0
Error [cm]: 1.5921401158084731
Error [deg]: 20.379247010654726
T_gt (Ground Truth Transformation):
[[-9.80934858e-01 -7.75072863e-03  1.94181308e-01  2.60645355e+01]
 [-1.86567128e-01  3.17254305e-01 -9.29807663e-01 -1.17264778e+01]
 [-5.43981567e-02 -9.48308766e-01 -3.12651724e-01  1.03868982e+02]
 [ 0.00000000e+00  0.00000000e+00  0.00000000e+00  1.00000000e+00]]
T_pred (Predicted Transformation):
[[-8.54850532e-01 -7.89748463e-03  5.18814223e-01  2.73059028e+01]
 [-4.84805009e-01  3.68498630e-01 -7.93204174e-01 -1.17155684e+01]
 [-1.84918013e-01 -9.29594745e-01 -3.18839990e-01  1.02836888e+02]
 [ 0.00000000e+00  0.00000000e+00  0.00000000e+00  1.00000000e+00]]
T_pred_ICP (Predicted Transformation from ICP):
[[-8.53643354e-01 -1.51064810e-02  5.20638857e-01  2.73011179e+01]
 [-4.90470509e-01  3.59741189e-01 -7.93741114e-01 -1.18186784e+01]
 [-1.75304606e-01 -9.32929832e-01 -3.14499959e-01  1.02870346e+02]
 [ 0.00000000e+00  0.00000000e+00  0.00000000e+00  1.00000000e+00]]
