Object ID: 15
Inlier ration of P_pred: 0.1810000091791153
Num. of correspondences: 2000
Avg. Euclidean Distance (ADD) [cm]: 6.787121990621461
Add Score thres: 0
Add Score thres (xyz direction): 0
Add-S Score: 0
Avg. Euclidean Distance (ADD) ICP: 6.808198323818411
Add Score ICP thres: 6.808198323818411
Add Score ICP thres (xyz direction): 0
Add-S Score ICP: 0
Error [cm]: 3.9626840933870717
Error [deg]: 104.56401678516495
T_gt (Ground Truth Transformation):
[[ -0.92528445  -0.15441078  -0.34641916  -7.79899597]
 [  0.09014779   0.79766196  -0.59632945 -13.65631714]
 [  0.36840504  -0.58300322  -0.7241444   74.35944214]
 [  0.           0.           0.           1.        ]]
T_pred (Predicted Transformation):
[[-5.85979333e-02  9.98281459e-01 -6.40589359e-04 -4.78012546e+00]
 [ 4.54048296e-01  2.60806065e-02 -8.90595276e-01 -1.46734938e+01]
 [-8.89048045e-01 -5.24779011e-02 -4.54796266e-01  7.21183006e+01]
 [ 0.00000000e+00  0.00000000e+00  0.00000000e+00  1.00000000e+00]]
T_pred_ICP (Predicted Transformation from ICP):
[[-4.11508593e-02  9.99031893e-01  1.55525971e-02 -4.65906636e+00]
 [ 4.56867024e-01  3.26573394e-02 -8.88935330e-01 -1.46440600e+01]
 [-8.88582652e-01 -2.94749839e-02 -4.57768605e-01  7.21530715e+01]
 [ 0.00000000e+00  0.00000000e+00  0.00000000e+00  1.00000000e+00]]
