Object ID: 13
Inlier ration of P_pred: 0.029500002041459084
Num. of correspondences: 2000
Avg. Euclidean Distance (ADD) [cm]: 15.97199542413718
Add Score thres: 0
Add Score thres (xyz direction): 0
Add-S Score: 0
Avg. Euclidean Distance (ADD) ICP: 15.955954133173808
Add Score ICP thres: 15.955954133173808
Add Score ICP thres (xyz direction): 0
Add-S Score ICP: 0
Error [cm]: 3.6250443151752774
Error [deg]: 179.20831450071506
T_gt (Ground Truth Transformation):
[[  0.95598978  -0.06006812   0.28718516 -21.19240265]
 [  0.27090403  -0.19516595  -0.94261402  -0.54147129]
 [  0.11266983   0.97892898  -0.17030396  57.25953369]
 [  0.           0.           0.           1.        ]]
T_pred (Predicted Transformation):
[[-9.66279901e-01  2.27143774e-02 -2.56490174e-01 -2.05388159e+01]
 [-1.90583417e-01  6.06734426e-01  7.71719701e-01 -6.49661193e-01]
 [ 1.73150551e-01  7.94580010e-01 -5.81946298e-01  5.37262963e+01]
 [ 0.00000000e+00  0.00000000e+00  0.00000000e+00  1.00000000e+00]]
T_pred_ICP (Predicted Transformation from ICP):
[[-9.67381155e-01  1.46614389e-02 -2.52900660e-01 -2.06639657e+01]
 [-1.90255051e-01  6.17111838e-01  7.63528647e-01 -7.61240751e-01]
 [ 1.67262420e-01  7.86738852e-01 -5.94192950e-01  5.36799524e+01]
 [ 0.00000000e+00  0.00000000e+00  0.00000000e+00  1.00000000e+00]]
