Object ID: 15
Inlier ration of P_pred: 0.13760118186473846
Num. of correspondences: 1359
Avg. Euclidean Distance (ADD) [cm]: 7.817593552212529
Add Score thres: 0
Add Score thres (xyz direction): 0
Add-S Score: 0
Avg. Euclidean Distance (ADD) ICP: 7.902198352030027
Add Score ICP thres: 7.902198352030027
Add Score ICP thres (xyz direction): 0
Add-S Score ICP: 0
Error [cm]: 4.968159508911944
Error [deg]: 133.66762816420712
T_gt (Ground Truth Transformation):
[[-7.04834819e-01 -7.04601705e-01 -8.21218565e-02 -2.37694290e+01]
 [-4.12059814e-01  5.00905156e-01 -7.61118054e-01  4.67199173e+00]
 [ 5.77420354e-01 -5.02623498e-01 -6.43393397e-01  1.37203040e+02]
 [ 0.00000000e+00  0.00000000e+00  0.00000000e+00  1.00000000e+00]]
T_pred (Predicted Transformation):
[[-1.79402435e-02  9.06839037e-01  4.21095129e-01 -1.92635409e+01]
 [ 4.46820495e-01  3.84038787e-01 -8.08001024e-01  4.38792312e+00]
 [-8.94443734e-01  1.73658199e-01 -4.12084017e-01  1.35478356e+02]
 [ 0.00000000e+00  0.00000000e+00  0.00000000e+00  1.00000000e+00]]
T_pred_ICP (Predicted Transformation from ICP):
[[-1.48660061e-02  9.07517652e-01  4.19750774e-01 -1.92387233e+01]
 [ 4.47917196e-01  3.81364016e-01 -8.08660419e-01  4.35278914e+00]
 [-8.93951446e-01  1.75992039e-01 -4.12162122e-01  1.35189728e+02]
 [ 0.00000000e+00  0.00000000e+00  0.00000000e+00  1.00000000e+00]]
