Object ID: 8
Inlier ration of P_pred: 0.3140000104904175
Num. of correspondences: 2000
Avg. Euclidean Distance (ADD) [cm]: 8.3209713355124
Add Score thres: 0
Add Score thres (xyz direction): 0
Add-S Score: 0
Avg. Euclidean Distance (ADD) ICP: 8.303346482040476
Add Score ICP thres: 8.303346482040476
Add Score ICP thres (xyz direction): 0
Add-S Score ICP: 0
Error [cm]: 5.300769813681081
Error [deg]: 58.72826854444643
T_gt (Ground Truth Transformation):
[[-5.03707588e-01  8.56551588e-01  1.12243861e-01  5.19160889e+01]
 [ 7.99009383e-01  5.11333048e-01 -3.16421807e-01  2.92892761e+01]
 [-3.28425556e-01 -6.97000846e-02 -9.41955090e-01  1.05600537e+02]
 [ 0.00000000e+00  0.00000000e+00  0.00000000e+00  1.00000000e+00]]
T_pred (Predicted Transformation):
[[ -0.657817     0.32575192  -0.67908944  55.97759359]
 [  0.60718553   0.76284805  -0.22223545  30.48204983]
 [  0.44564843  -0.55852354  -0.69960627 102.47649648]
 [  0.           0.           0.           1.        ]]
T_pred_ICP (Predicted Transformation from ICP):
[[ -0.66079354   0.32489411  -0.67660603  56.00992789]
 [  0.61091837   0.75651454  -0.23337627  30.56979397]
 [  0.43603972  -0.56756459  -0.6983837  102.48622873]
 [  0.           0.           0.           1.        ]]
