Object ID: 15
Inlier ration of P_pred: 0.25699999928474426
Num. of correspondences: 2000
Avg. Euclidean Distance (ADD) [cm]: 9.56125460750788
Add Score thres: 0
Add Score thres (xyz direction): 0
Add-S Score: 0
Avg. Euclidean Distance (ADD) ICP: 9.55078752565518
Add Score ICP thres: 9.55078752565518
Add Score ICP thres (xyz direction): 0
Add-S Score ICP: 0
Error [cm]: 4.264347300711281
Error [deg]: 110.42689713650387
T_gt (Ground Truth Transformation):
[[-3.11907262e-01 -8.38646173e-01  4.46527183e-01  1.18187454e+01]
 [-8.19130540e-01 -7.61062140e-04 -5.73606670e-01 -9.50213165e+00]
 [ 4.81392860e-01 -5.44676125e-01 -6.86723351e-01  7.81308655e+01]
 [ 0.00000000e+00  0.00000000e+00  0.00000000e+00  1.00000000e+00]]
T_pred (Predicted Transformation):
[[-7.98350526e-01  1.86967375e-01  5.72433086e-01  1.37293244e+01]
 [-2.23490336e-01 -9.74683416e-01  6.65645030e-03 -7.86387298e+00]
 [ 5.59185575e-01 -1.22619082e-01  8.19924419e-01  8.15311328e+01]
 [ 0.00000000e+00  0.00000000e+00  0.00000000e+00  1.00000000e+00]]
T_pred_ICP (Predicted Transformation from ICP):
[[-7.96169887e-01  1.88588599e-01  5.74932911e-01  1.37117406e+01]
 [-2.24628396e-01 -9.74406929e-01  8.55695170e-03 -7.82652370e+00]
 [ 5.61832355e-01 -1.22333470e-01  8.18155808e-01  8.15650415e+01]
 [ 0.00000000e+00  0.00000000e+00  0.00000000e+00  1.00000000e+00]]
