Object ID: 13
Inlier ration of P_pred: 0.1445000022649765
Num. of correspondences: 2000
Avg. Euclidean Distance (ADD) [cm]: 12.427608213714274
Add Score thres: 0
Add Score thres (xyz direction): 0
Add-S Score: 0
Avg. Euclidean Distance (ADD) ICP: 12.383233979003473
Add Score ICP thres: 12.383233979003473
Add Score ICP thres (xyz direction): 0
Add-S Score ICP: 0
Error [cm]: 4.110835671517377
Error [deg]: 124.43172839819948
T_gt (Ground Truth Transformation):
[[-0.89836061  0.17337361 -0.40359697 31.55968323]
 [ 0.41051614  0.65828502 -0.63098133 25.38987122]
 [ 0.15628639 -0.73253155 -0.66255015 76.78079834]
 [ 0.          0.          0.          1.        ]]
T_pred (Predicted Transformation):
[[ 7.87040271e-01  6.02246975e-01 -1.33664478e-01  3.49305144e+01]
 [ 5.90593295e-01 -7.98177091e-01 -1.18797692e-01  2.71849842e+01]
 [-1.78233475e-01  1.45572229e-02 -9.83880539e-01  7.54354850e+01]
 [ 0.00000000e+00  0.00000000e+00  0.00000000e+00  1.00000000e+00]]
T_pred_ICP (Predicted Transformation from ICP):
[[ 7.83086500e-01  6.08019841e-01 -1.30718803e-01  3.50476032e+01]
 [ 5.99688702e-01 -7.93921814e-01 -1.00307596e-01  2.70901405e+01]
 [-1.64769518e-01  1.58935419e-04 -9.86332084e-01  7.54234226e+01]
 [ 0.00000000e+00  0.00000000e+00  0.00000000e+00  1.00000000e+00]]
