Object ID: 10
Inlier ration of P_pred: 0.058029018342494965
Num. of correspondences: 1999
Avg. Euclidean Distance (ADD) [cm]: 10.433665389302858
Add Score thres: 0
Add Score thres (xyz direction): 0
Add-S Score: 0
Avg. Euclidean Distance (ADD) ICP: 10.29737907366763
Add Score ICP thres: 10.29737907366763
Add Score ICP thres (xyz direction): 0
Add-S Score ICP: 0
Error [cm]: 6.686154496629178
Error [deg]: 179.00477558437572
T_gt (Ground Truth Transformation):
[[ 0.40403622 -0.82665229 -0.39166412  6.22581635]
 [-0.77049196 -0.07676443 -0.63281077 11.01200867]
 [ 0.49304864  0.55745256 -0.66794455 50.95443726]
 [ 0.          0.          0.          1.        ]]
T_pred (Predicted Transformation):
[[ 0.10899708  0.96311503  0.24602657  3.80347581]
 [-0.71138712 -0.09729223  0.69603347  7.62103615]
 [ 0.69429677 -0.25088574  0.67454306 45.47225705]
 [ 0.          0.          0.          1.        ]]
T_pred_ICP (Predicted Transformation from ICP):
[[ 0.13020314  0.92075089  0.36778383  3.54453471]
 [-0.73659783 -0.15847042  0.65750343  7.93997345]
 [ 0.66367972 -0.35651779  0.65758976 45.65557036]
 [ 0.          0.          0.          1.        ]]
