Object ID: 11
Inlier ration of P_pred: 0.3021346628665924
Num. of correspondences: 609
Avg. Euclidean Distance (ADD) [cm]: 6.02114207233449
Add Score thres: 0
Add Score thres (xyz direction): 0
Add-S Score: 0
Avg. Euclidean Distance (ADD) ICP: 5.955770612188762
Add Score ICP thres: 5.955770612188762
Add Score ICP thres (xyz direction): 0
Add-S Score ICP: 0
Error [cm]: 2.4101855022175376
Error [deg]: 163.3818708921112
T_gt (Ground Truth Transformation):
[[-4.10475582e-01 -9.04937327e-01  1.12243652e-01  8.59594498e+00]
 [-8.78050506e-01  3.59032154e-01 -3.16422850e-01 -1.09736481e+01]
 [ 2.46043697e-01 -2.28439361e-01 -9.41954613e-01  1.15831360e+02]
 [ 0.00000000e+00  0.00000000e+00  0.00000000e+00  1.00000000e+00]]
T_pred (Predicted Transformation):
[[ 6.45628243e-01  7.05996217e-01 -2.91090215e-01  9.70024067e+00]
 [ 7.63030451e-01 -6.11772191e-01  2.08612843e-01 -1.27739338e+01]
 [-3.08010205e-02 -3.56797042e-01 -9.33674016e-01  1.14526813e+02]
 [ 0.00000000e+00  0.00000000e+00  0.00000000e+00  1.00000000e+00]]
T_pred_ICP (Predicted Transformation from ICP):
[[ 6.76184723e-01  6.88016565e-01 -2.63452893e-01  9.70999263e+00]
 [ 7.36413000e-01 -6.41723380e-01  2.14212505e-01 -1.27078547e+01]
 [-2.16821292e-02 -3.38857358e-01 -9.40587889e-01  1.14582192e+02]
 [ 0.00000000e+00  0.00000000e+00  0.00000000e+00  1.00000000e+00]]
