Object ID: 15
Inlier ration of P_pred: 0.0
Num. of correspondences: 3951
Avg. Euclidean Distance (ADD) [cm]: 9.904790578515293
Add Score thres: 0
Add Score thres (xyz direction): 0
Add-S Score: 0
Avg. Euclidean Distance (ADD) ICP: 9.979581792035335
Add Score ICP thres: 9.979581792035335
Add Score ICP thres (xyz direction): 0
Add-S Score ICP: 0
Error [cm]: 9.34833224602902
Error [deg]: 100.52462264180546
T_gt (Ground Truth Transformation):
[[-4.64814037e-01 -8.83123100e-01 -6.35730624e-02  5.16114929e+01]
 [-8.12092483e-01  4.53833103e-01 -3.66798699e-01 -2.49972778e+01]
 [ 3.52779955e-01 -1.18865967e-01 -9.28125679e-01  8.81949097e+01]
 [ 0.00000000e+00  0.00000000e+00  0.00000000e+00  1.00000000e+00]]
T_pred (Predicted Transformation):
[[  0.28239997   0.09968984  -0.95410282  45.91431754]
 [ -0.9114944    0.33793083  -0.23447968 -22.52760391]
 [  0.29904551   0.93587643   0.18629839  95.01866201]
 [  0.           0.           0.           1.        ]]
T_pred_ICP (Predicted Transformation from ICP):
[[  0.25775743   0.11028515  -0.95989494  45.9337544 ]
 [ -0.92267105   0.32295838  -0.21065618 -22.30728188]
 [  0.28677387   0.93996546   0.18500183  95.1172303 ]
 [  0.           0.           0.           1.        ]]
