Object ID: 8
Inlier ration of P_pred: 0.17150001227855682
Num. of correspondences: 2000
Avg. Euclidean Distance (ADD) [cm]: 10.395248621005692
Add Score thres: 0
Add Score thres (xyz direction): 0
Add-S Score: 0
Avg. Euclidean Distance (ADD) ICP: 10.396435561461207
Add Score ICP thres: 10.396435561461207
Add Score ICP thres (xyz direction): 0
Add-S Score ICP: 0
Error [cm]: 2.4307746865577897
Error [deg]: 170.09126127932058
T_gt (Ground Truth Transformation):
[[-5.85962594e-01  7.31061518e-01 -3.49567264e-01  1.01377038e-05]
 [ 6.50506258e-01  1.67131513e-01 -7.40883827e-01  1.70140105e-05]
 [-4.83207852e-01 -6.61525726e-01 -5.73493004e-01  1.26188196e+02]
 [ 0.00000000e+00  0.00000000e+00  0.00000000e+00  1.00000000e+00]]
T_pred (Predicted Transformation):
[[ 4.70039446e-01 -6.49632846e-01 -5.97528312e-01 -1.54983988e-02]
 [-8.82067426e-01 -3.21230415e-01 -3.44627445e-01  2.34594287e+00]
 [ 3.19370400e-02  6.89048754e-01 -7.24010939e-01  1.25514572e+02]
 [ 0.00000000e+00  0.00000000e+00  0.00000000e+00  1.00000000e+00]]
T_pred_ICP (Predicted Transformation from ICP):
[[ 4.73766032e-01 -6.53080595e-01 -5.90788866e-01 -6.61893207e-02]
 [-8.79898710e-01 -3.23320960e-01 -3.48197956e-01  2.32984738e+00]
 [ 3.63869048e-02  6.84798725e-01 -7.27823261e-01  1.25498142e+02]
 [ 0.00000000e+00  0.00000000e+00  0.00000000e+00  1.00000000e+00]]
