Object ID: 14
Inlier ration of P_pred: 0.07100000232458115
Num. of correspondences: 2000
Avg. Euclidean Distance (ADD) [cm]: 9.866534876482303
Add Score thres: 0
Add Score thres (xyz direction): 0
Add-S Score: 0
Avg. Euclidean Distance (ADD) ICP: 9.885189058095982
Add Score ICP thres: 9.885189058095982
Add Score ICP thres (xyz direction): 0
Add-S Score ICP: 0
Error [cm]: 10.502285455216926
Error [deg]: 68.48779529044569
T_gt (Ground Truth Transformation):
[[  0.51427287   0.84909517   0.12066843 -15.16664276]
 [  0.69279438  -0.32836327  -0.6420387  -19.4887619 ]
 [ -0.50552887   0.41378149  -0.75711668  59.50543823]
 [  0.           0.           0.           1.        ]]
T_pred (Predicted Transformation):
[[-4.25069946e-01  8.83483419e-01 -1.96907567e-01 -7.10699476e+00]
 [ 9.04869787e-01  4.09243939e-01 -1.17175371e-01 -2.56830549e+01]
 [-2.29392690e-02 -2.27983437e-01 -9.73394752e-01  5.67337292e+01]
 [ 0.00000000e+00  0.00000000e+00  0.00000000e+00  1.00000000e+00]]
T_pred_ICP (Predicted Transformation from ICP):
[[-4.06646020e-01  8.87587697e-01 -2.16395691e-01 -7.22649602e+00]
 [ 9.13502748e-01  3.91844297e-01 -1.09411045e-01 -2.57578559e+01]
 [-1.23184802e-02 -2.42169624e-01 -9.70155724e-01  5.66857697e+01]
 [ 0.00000000e+00  0.00000000e+00  0.00000000e+00  1.00000000e+00]]
