Object ID: 10
Inlier ration of P_pred: 0.11650000512599945
Num. of correspondences: 2000
Avg. Euclidean Distance (ADD) [cm]: 10.177480172739568
Add Score thres: 0
Add Score thres (xyz direction): 0
Add-S Score: 0
Avg. Euclidean Distance (ADD) ICP: 10.218161018863977
Add Score ICP thres: 10.218161018863977
Add Score ICP thres (xyz direction): 0
Add-S Score ICP: 0
Error [cm]: 0.2945329266977962
Error [deg]: 179.86998024813778
T_gt (Ground Truth Transformation):
[[  0.96673471   0.0980043    0.23626079 -17.67452545]
 [  0.20837986  -0.83742052  -0.50527769  20.64156342]
 [  0.14833015   0.53770149  -0.82998562  72.81333008]
 [  0.           0.           0.           1.        ]]
T_pred (Predicted Transformation):
[[-9.78826425e-01  8.33251946e-02  1.86964546e-01 -1.69227817e+01]
 [-1.14912606e-02  8.89584801e-01 -4.56625484e-01  2.05177067e+01]
 [-2.04369226e-01 -4.49105548e-01 -8.69791599e-01  7.30191443e+01]
 [ 0.00000000e+00  0.00000000e+00  0.00000000e+00  1.00000000e+00]]
T_pred_ICP (Predicted Transformation from ICP):
[[ -0.96755273  -0.09856944   0.23264948 -17.52222675]
 [ -0.20520008   0.84378868  -0.49589675  20.44880468]
 [ -0.14742673  -0.52754594  -0.8366365   72.97580722]
 [  0.           0.           0.           1.        ]]
