Object ID: 8
Inlier ration of P_pred: 0.002500000176951289
Num. of correspondences: 2000
Avg. Euclidean Distance (ADD) [cm]: 13.480804762690772
Add Score thres: 0
Add Score thres (xyz direction): 0
Add-S Score: 0
Avg. Euclidean Distance (ADD) ICP: 13.394980029098301
Add Score ICP thres: 13.394980029098301
Add Score ICP thres (xyz direction): 0
Add-S Score ICP: 0
Error [cm]: 11.586250719714092
Error [deg]: 73.21934798377005
T_gt (Ground Truth Transformation):
[[-3.85509700e-01  9.22293484e-01 -2.75157336e-02  5.91180687e+00]
 [ 9.10433054e-01  3.75366420e-01 -1.73815399e-01 -2.61757416e+01]
 [-1.49980322e-01 -9.20587331e-02 -9.84393895e-01  1.21135876e+02]
 [ 0.00000000e+00  0.00000000e+00  0.00000000e+00  1.00000000e+00]]
T_pred (Predicted Transformation):
[[ 5.49958655e-01  8.35168498e-01  6.24962746e-03  3.29573364e+00]
 [ 6.33067016e-01 -4.21732259e-01  6.49128690e-01 -3.36069113e+01]
 [ 5.44767502e-01 -3.53037508e-01 -7.60652934e-01  1.12564584e+02]
 [ 0.00000000e+00  0.00000000e+00  0.00000000e+00  1.00000000e+00]]
T_pred_ICP (Predicted Transformation from ICP):
[[ 5.55645908e-01  8.30981214e-01 -2.69786194e-02  3.47672846e+00]
 [ 6.42906394e-01 -4.08859377e-01  6.47692348e-01 -3.36488606e+01]
 [ 5.27189713e-01 -3.77232330e-01 -7.61424176e-01  1.12623292e+02]
 [ 0.00000000e+00  0.00000000e+00  0.00000000e+00  1.00000000e+00]]
