Object ID: 8
Inlier ration of P_pred: 0.07100000232458115
Num. of correspondences: 2000
Avg. Euclidean Distance (ADD) [cm]: 10.66927280257444
Add Score thres: 0
Add Score thres (xyz direction): 0
Add-S Score: 0
Avg. Euclidean Distance (ADD) ICP: 10.82350550100465
Add Score ICP thres: 10.82350550100465
Add Score ICP thres (xyz direction): 0
Add-S Score ICP: 0
Error [cm]: 9.9070864228996
Error [deg]: 84.22011227415008
T_gt (Ground Truth Transformation):
[[-2.86922216e-01  9.47528183e-01  1.40948072e-01  4.50011383e+01]
 [ 1.90684553e-02  1.52754337e-01 -9.88080323e-01  7.60787735e+00]
 [-9.57764268e-01 -2.80814350e-01 -6.18966781e-02  8.71839478e+01]
 [ 0.00000000e+00  0.00000000e+00  0.00000000e+00  1.00000000e+00]]
T_pred (Predicted Transformation):
[[ 7.00977497e-02  3.32231858e-01 -9.40589335e-01  5.11214521e+01]
 [-1.23576834e-01 -9.32753399e-01 -3.38673681e-01  1.75064273e+00]
 [-9.89856086e-01  1.39975315e-01 -2.43277531e-02  8.23702400e+01]
 [ 0.00000000e+00  0.00000000e+00  0.00000000e+00  1.00000000e+00]]
T_pred_ICP (Predicted Transformation from ICP):
[[ 5.83928632e-02  3.06513368e-01 -9.50073591e-01  5.11001519e+01]
 [-1.52499429e-01 -9.37788903e-01 -3.11922904e-01  1.54533217e+00]
 [-9.86577010e-01  1.63099752e-01 -8.01706529e-03  8.22648075e+01]
 [ 0.00000000e+00  0.00000000e+00  0.00000000e+00  1.00000000e+00]]
