Object ID: 14
Inlier ration of P_pred: 0.12400000542402267
Num. of correspondences: 2000
Avg. Euclidean Distance (ADD) [cm]: 11.338962509574761
Add Score thres: 0
Add Score thres (xyz direction): 0
Add-S Score: 0
Avg. Euclidean Distance (ADD) ICP: 11.34438204629378
Add Score ICP thres: 11.34438204629378
Add Score ICP thres (xyz direction): 0
Add-S Score ICP: 0
Error [cm]: 10.956615387334354
Error [deg]: 92.2717341949829
T_gt (Ground Truth Transformation):
[[-8.68155181e-01  4.90497559e-01 -7.56233707e-02  2.32520096e+01]
 [ 4.92799997e-01  8.33931625e-01 -2.48407409e-01 -4.25291214e+00]
 [-5.87784983e-02 -2.52923369e-01 -9.65699196e-01  6.17688232e+01]
 [ 0.00000000e+00  0.00000000e+00  0.00000000e+00  1.00000000e+00]]
T_pred (Predicted Transformation):
[[-0.50850822 -0.43943095  0.74048622 17.82932147]
 [-0.8522739   0.37938267 -0.36013607  5.18650535]
 [-0.12267271 -0.81422922 -0.56743473 60.76462889]
 [ 0.          0.          0.          1.        ]]
T_pred_ICP (Predicted Transformation from ICP):
[[-0.51195404 -0.43927167  0.73820286 17.84829233]
 [-0.85077484  0.37801569 -0.36508397  5.21530195]
 [-0.11868122 -0.81495064 -0.56724794 60.67329482]
 [ 0.          0.          0.          1.        ]]
