Object ID: 13
Inlier ration of P_pred: 0.0158730149269104
Num. of correspondences: 378
Avg. Euclidean Distance (ADD) [cm]: 14.653921181190345
Add Score thres: 0
Add Score thres (xyz direction): 0
Add-S Score: 0
Avg. Euclidean Distance (ADD) ICP: 14.639661023066624
Add Score ICP thres: 14.639661023066624
Add Score ICP thres (xyz direction): 0
Add-S Score ICP: 0
Error [cm]: 6.282204580866556
Error [deg]: 130.10827804269107
T_gt (Ground Truth Transformation):
[[ 1.91811115e-01  6.90366089e-01 -6.97569489e-01 -3.29056610e+01]
 [-5.04550822e-02 -7.02890754e-01 -7.09506094e-01  2.74168823e+01]
 [-9.80134070e-01  1.71287060e-01 -9.99897569e-02  1.63822400e+02]
 [ 0.00000000e+00  0.00000000e+00  0.00000000e+00  1.00000000e+00]]
T_pred (Predicted Transformation):
[[-8.11476542e-04 -4.43911180e-01 -8.96070425e-01 -2.74131545e+01]
 [-7.83741334e-01  5.56820237e-01 -2.75137683e-01  2.52691102e+01]
 [ 6.21086840e-01  7.02064163e-01 -3.48363387e-01  1.61616131e+02]
 [ 0.00000000e+00  0.00000000e+00  0.00000000e+00  1.00000000e+00]]
T_pred_ICP (Predicted Transformation from ICP):
[[-8.49389183e-05 -4.42428637e-01 -8.96803710e-01 -2.74393448e+01]
 [-7.84880612e-01  5.55731237e-01 -2.74089797e-01  2.52538815e+01]
 [ 6.19647011e-01  7.03860564e-01 -3.47300863e-01  1.61607245e+02]
 [ 0.00000000e+00  0.00000000e+00  0.00000000e+00  1.00000000e+00]]
