Object ID: 11
Inlier ration of P_pred: 0.40776699781417847
Num. of correspondences: 412
Avg. Euclidean Distance (ADD) [cm]: 7.412778371649501
Add Score thres: 0
Add Score thres (xyz direction): 0
Add-S Score: 0
Avg. Euclidean Distance (ADD) ICP: 7.469878347782845
Add Score ICP thres: 7.469878347782845
Add Score ICP thres (xyz direction): 0
Add-S Score ICP: 0
Error [cm]: 1.216242520056604
Error [deg]: 170.24397423113962
T_gt (Ground Truth Transformation):
[[-9.85190094e-01  9.37073082e-02  1.43596008e-01 -2.02808884e+01]
 [ 8.85589980e-03  8.64146531e-01 -5.03162384e-01 -4.85839539e+00]
 [-1.71237990e-01 -4.94438827e-01 -8.52178454e-01  1.35467639e+02]
 [ 0.00000000e+00  0.00000000e+00  0.00000000e+00  1.00000000e+00]]
T_pred (Predicted Transformation):
[[ 6.62419352e-01  6.01389242e-01  4.46689581e-01 -1.98058512e+01]
 [ 3.79625421e-02 -6.22457067e-01  7.81732720e-01 -3.97529109e+00]
 [ 7.48170734e-01 -5.00877410e-01 -4.35157871e-01  1.36155577e+02]
 [ 0.00000000e+00  0.00000000e+00  0.00000000e+00  1.00000000e+00]]
T_pred_ICP (Predicted Transformation from ICP):
[[ 6.57662691e-01  6.13487283e-01  4.37164888e-01 -1.97969805e+01]
 [ 3.33718671e-02 -6.03480451e-01  7.96679147e-01 -4.03263695e+00]
 [ 7.52572989e-01 -5.09357143e-01 -4.17359793e-01  1.36218107e+02]
 [ 0.00000000e+00  0.00000000e+00  0.00000000e+00  1.00000000e+00]]
