Object ID: 6
Inlier ration of P_pred: 0.22379182279109955
Num. of correspondences: 1345
Avg. Euclidean Distance (ADD) [cm]: 10.202361652031968
Add Score thres: 0
Add Score thres (xyz direction): 0
Add-S Score: 0
Avg. Euclidean Distance (ADD) ICP: 10.17770198595976
Add Score ICP thres: 10.17770198595976
Add Score ICP thres (xyz direction): 0
Add-S Score ICP: 0
Error [cm]: 5.149085121310635
Error [deg]: 138.7409394088721
T_gt (Ground Truth Transformation):
[[ 9.08343911e-01  4.14499849e-01 -5.56890592e-02 -3.81146118e+01]
 [ 4.07207519e-01 -9.06902313e-01 -1.08214572e-01  2.62363800e+01]
 [-9.53594521e-02  7.56190419e-02 -9.92566586e-01  1.06375452e+02]
 [ 0.00000000e+00  0.00000000e+00  0.00000000e+00  1.00000000e+00]]
T_pred (Predicted Transformation):
[[ 4.66737706e-02 -8.98775640e-01  4.35917318e-01 -3.76843092e+01]
 [ 8.16080348e-01 -2.17350009e-01 -5.35510821e-01  2.57012117e+01]
 [ 5.76050714e-01  3.80737866e-01  7.23328593e-01  1.01275788e+02]
 [ 0.00000000e+00  0.00000000e+00  0.00000000e+00  1.00000000e+00]]
T_pred_ICP (Predicted Transformation from ICP):
[[ 3.30892313e-02 -8.92841424e-01  4.49153975e-01 -3.76128671e+01]
 [ 8.15893243e-01 -2.35429853e-01 -5.28101316e-01  2.57452134e+01]
 [ 5.77254986e-01  3.83936160e-01  7.20673092e-01  1.01274463e+02]
 [ 0.00000000e+00  0.00000000e+00  0.00000000e+00  1.00000000e+00]]
