Object ID: 11
Inlier ration of P_pred: 0.14442916214466095
Num. of correspondences: 727
Avg. Euclidean Distance (ADD) [cm]: 9.715157510985145
Add Score thres: 0
Add Score thres (xyz direction): 0
Add-S Score: 0
Avg. Euclidean Distance (ADD) ICP: 9.858911705368033
Add Score ICP thres: 9.858911705368033
Add Score ICP thres (xyz direction): 0
Add-S Score ICP: 0
Error [cm]: 5.858473746197548
Error [deg]: 138.622675042889
T_gt (Ground Truth Transformation):
[[ 9.70271170e-01 -2.22616509e-01 -9.49510261e-02 -2.53315598e+01]
 [-2.41291896e-01 -8.59379888e-01 -4.50826764e-01 -2.39020248e+01]
 [ 1.87624879e-02  4.60335135e-01 -8.87547076e-01  1.15457861e+02]
 [ 0.00000000e+00  0.00000000e+00  0.00000000e+00  1.00000000e+00]]
T_pred (Predicted Transformation):
[[-9.97490770e-02  2.69496849e-01  9.57821262e-01 -2.76057332e+01]
 [ 7.15840181e-01  6.88042066e-01 -1.19041805e-01 -2.34870501e+01]
 [-6.91102711e-01  6.73772635e-01 -2.61548234e-01  1.10144794e+02]
 [ 0.00000000e+00  0.00000000e+00  0.00000000e+00  1.00000000e+00]]
T_pred_ICP (Predicted Transformation from ICP):
[[-8.59531574e-02  2.49798730e-01  9.64475323e-01 -2.76054573e+01]
 [ 6.47752281e-01  7.49540549e-01 -1.36403618e-01 -2.36079996e+01]
 [-7.56986814e-01  6.13016769e-01 -2.26233074e-01  1.10066697e+02]
 [ 0.00000000e+00  0.00000000e+00  0.00000000e+00  1.00000000e+00]]
