Object ID: 10
Inlier ration of P_pred: 0.0560000017285347
Num. of correspondences: 2000
Avg. Euclidean Distance (ADD) [cm]: 11.139369764430763
Add Score thres: 0
Add Score thres (xyz direction): 0
Add-S Score: 0
Avg. Euclidean Distance (ADD) ICP: 11.0982148565453
Add Score ICP thres: 11.0982148565453
Add Score ICP thres (xyz direction): 0
Add-S Score ICP: 0
Error [cm]: 6.998433040162674
Error [deg]: 174.29059922660278
T_gt (Ground Truth Transformation):
[[-9.26539361e-01  3.70647758e-01 -6.43812194e-02 -1.45734253e+01]
 [ 3.76080155e-01  9.08307493e-01 -1.83142468e-01  2.86575989e+01]
 [-9.40339826e-03 -1.93901211e-01 -9.80975986e-01  1.31560205e+02]
 [ 0.00000000e+00  0.00000000e+00  0.00000000e+00  1.00000000e+00]]
T_pred (Predicted Transformation):
[[-3.94019346e-01  9.02719369e-01  1.72761387e-01 -1.25305778e+01]
 [-9.01725797e-01 -4.16057079e-01  1.17418458e-01  2.73928866e+01]
 [ 1.77874515e-01 -1.09518255e-01  9.77939880e-01  1.24922823e+02]
 [ 0.00000000e+00  0.00000000e+00  0.00000000e+00  1.00000000e+00]]
T_pred_ICP (Predicted Transformation from ICP):
[[-3.91831919e-01  9.08886761e-01  1.42802668e-01 -1.24103247e+01]
 [-9.06711848e-01 -4.07797854e-01  1.07585015e-01  2.74441025e+01]
 [ 1.56017217e-01 -8.73256280e-02  9.83886611e-01  1.25016010e+02]
 [ 0.00000000e+00  0.00000000e+00  0.00000000e+00  1.00000000e+00]]
