Object ID: 11
Inlier ration of P_pred: 0.13625866174697876
Num. of correspondences: 433
Avg. Euclidean Distance (ADD) [cm]: 10.290319246530347
Add Score thres: 0
Add Score thres (xyz direction): 0
Add-S Score: 0
Avg. Euclidean Distance (ADD) ICP: 10.29144433560134
Add Score ICP thres: 10.29144433560134
Add Score ICP thres (xyz direction): 0
Add-S Score ICP: 0
Error [cm]: 2.985314202893411
Error [deg]: 178.7927048782749
T_gt (Ground Truth Transformation):
[[ -0.54680884  -0.72097063  -0.42567796  -4.52973747]
 [ -0.3440558    0.6570009   -0.67080212  -9.88484879]
 [  0.76329941  -0.22034349  -0.60730803 145.24484863]
 [  0.           0.           0.           1.        ]]
T_pred (Predicted Transformation):
[[ 5.90127124e-01  6.83988865e-01  4.28846372e-01 -3.15690870e+00]
 [-3.29732730e-01 -2.80667157e-01  9.01389080e-01 -9.51505027e+00]
 [ 7.36903185e-01 -6.73338830e-01  5.99042137e-02  1.42607489e+02]
 [ 0.00000000e+00  0.00000000e+00  0.00000000e+00  1.00000000e+00]]
T_pred_ICP (Predicted Transformation from ICP):
[[ 5.83448034e-01  6.88538659e-01  4.30700485e-01 -3.12333900e+00]
 [-3.36044572e-01 -2.78124026e-01  8.99845026e-01 -9.49781611e+00]
 [ 7.39366240e-01 -6.69747372e-01  6.91087628e-02  1.42640170e+02]
 [ 0.00000000e+00  0.00000000e+00  0.00000000e+00  1.00000000e+00]]
