Object ID: 15
Inlier ration of P_pred: 0.005434782709926367
Num. of correspondences: 736
Avg. Euclidean Distance (ADD) [cm]: 9.233287225504391
Add Score thres: 0
Add Score thres (xyz direction): 0
Add-S Score: 0
Avg. Euclidean Distance (ADD) ICP: 9.354585094022006
Add Score ICP thres: 9.354585094022006
Add Score ICP thres (xyz direction): 0
Add-S Score ICP: 0
Error [cm]: 3.3477118017963945
Error [deg]: 93.80242051104706
T_gt (Ground Truth Transformation):
[[-9.17789102e-01 -4.05759364e-02 -3.94989520e-01 -3.16998703e-06]
 [ 3.89006138e-01  1.07554957e-01 -9.14935052e-01  4.92412888e-05]
 [ 7.96074271e-02 -9.93370771e-01 -8.29284787e-02  1.35599670e+02]
 [ 0.00000000e+00  0.00000000e+00  0.00000000e+00  1.00000000e+00]]
T_pred (Predicted Transformation):
[[-9.59376466e-01 -1.60147927e-01  2.32270184e-01 -1.45669980e+00]
 [ 1.27114690e-01 -9.80342684e-01 -1.50897570e-01  2.62317691e-02]
 [ 2.51870309e-01 -1.15242625e-01  9.60874854e-01  1.38628090e+02]
 [ 0.00000000e+00  0.00000000e+00  0.00000000e+00  1.00000000e+00]]
T_pred_ICP (Predicted Transformation from ICP):
[[-9.51748856e-01 -1.70255458e-01  2.55317831e-01 -1.37352987e+00]
 [ 1.42200195e-01 -9.81949059e-01 -1.24720289e-01  2.06000763e-01]
 [ 2.71943414e-01 -8.23961473e-02  9.58779252e-01  1.38645681e+02]
 [ 0.00000000e+00  0.00000000e+00  0.00000000e+00  1.00000000e+00]]
