Object ID: 8
Inlier ration of P_pred: 0.2800000011920929
Num. of correspondences: 2000
Avg. Euclidean Distance (ADD) [cm]: 9.713877916462794
Add Score thres: 0
Add Score thres (xyz direction): 0
Add-S Score: 0
Avg. Euclidean Distance (ADD) ICP: 9.736813099989682
Add Score ICP thres: 9.736813099989682
Add Score ICP thres (xyz direction): 0
Add-S Score ICP: 0
Error [cm]: 5.16598832868235
Error [deg]: 96.4561186306186
T_gt (Ground Truth Transformation):
[[ 6.74809754e-01  7.35248506e-01 -6.35730997e-02  3.19471252e+01]
 [ 6.69372499e-01 -6.46064162e-01 -3.66799265e-01 -3.21502441e+01]
 [-3.10760885e-01  2.04965651e-01 -9.28125501e-01  9.11159485e+01]
 [ 0.00000000e+00  0.00000000e+00  0.00000000e+00  1.00000000e+00]]
T_pred (Predicted Transformation):
[[ -0.13553399   0.56709956   0.81242146  30.62080789]
 [  0.35915936   0.79233592  -0.49316158 -27.34555031]
 [ -0.92338242   0.22494862  -0.31106757  92.64465226]
 [  0.           0.           0.           1.        ]]
T_pred_ICP (Predicted Transformation from ICP):
[[ -0.13796255   0.55384641   0.8211093   30.62475327]
 [  0.35372042   0.80191637  -0.48146859 -27.39094614]
 [ -0.92512064   0.22401849  -0.30654121  92.62851265]
 [  0.           0.           0.           1.        ]]
