Object ID: 6
Inlier ration of P_pred: 0.08310626447200775
Num. of correspondences: 734
Avg. Euclidean Distance (ADD) [cm]: 6.047840253624091
Add Score thres: 0
Add Score thres (xyz direction): 0
Add-S Score: 0
Avg. Euclidean Distance (ADD) ICP: 6.007982923765242
Add Score ICP thres: 6.007982923765242
Add Score ICP thres (xyz direction): 0
Add-S Score ICP: 0
Error [cm]: 4.324731027838602
Error [deg]: 55.641136605663434
T_gt (Ground Truth Transformation):
[[-9.88348782e-01 -1.16228886e-01  9.82736871e-02 -1.17842552e+01]
 [-1.44594327e-01  5.15348673e-01 -8.44694197e-01  8.08211670e+00]
 [ 4.75326516e-02 -8.49062204e-01 -5.26150286e-01  1.23153809e+02]
 [ 0.00000000e+00  0.00000000e+00  0.00000000e+00  1.00000000e+00]]
T_pred (Predicted Transformation):
[[-7.90328836e-01  3.71784929e-01 -4.86986958e-01 -1.18731233e+01]
 [ 4.82163471e-01 -1.12992935e-01 -8.68764056e-01  8.23285549e+00]
 [-3.78019468e-01 -9.21416607e-01 -8.99595368e-02  1.18800024e+02]
 [ 0.00000000e+00  0.00000000e+00  0.00000000e+00  1.00000000e+00]]
T_pred_ICP (Predicted Transformation from ICP):
[[-8.04111332e-01  3.37822816e-01 -4.89163276e-01 -1.20446572e+01]
 [ 4.81458988e-01 -1.12595046e-01 -8.69206304e-01  8.15274512e+00]
 [-3.48715083e-01 -9.34450694e-01 -7.21088791e-02  1.18837502e+02]
 [ 0.00000000e+00  0.00000000e+00  0.00000000e+00  1.00000000e+00]]
