Object ID: 11
Inlier ration of P_pred: 0.44045910239219666
Num. of correspondences: 1394
Avg. Euclidean Distance (ADD) [cm]: 9.177951844898764
Add Score thres: 0
Add Score thres (xyz direction): 0
Add-S Score: 0
Avg. Euclidean Distance (ADD) ICP: 8.907876036802739
Add Score ICP thres: 8.907876036802739
Add Score ICP thres (xyz direction): 0
Add-S Score ICP: 0
Error [cm]: 6.249294617304647
Error [deg]: 157.19416920009658
T_gt (Ground Truth Transformation):
[[ 1.85747460e-01  9.60418880e-01  2.07590163e-01 -4.72161789e+00]
 [ 8.34317088e-01 -4.25571576e-02 -5.49640119e-01  1.79660599e+01]
 [-5.19050241e-01  2.75290310e-01 -8.09198797e-01  4.28675262e+01]
 [ 0.00000000e+00  0.00000000e+00  0.00000000e+00  1.00000000e+00]]
T_pred (Predicted Transformation):
[[-0.74670657 -0.37897115  0.54663531 -8.15177367]
 [-0.43120616 -0.34993174 -0.83163034 16.51689862]
 [ 0.50644895 -0.85669635  0.09788163 37.56933859]
 [ 0.          0.          0.          1.        ]]
T_pred_ICP (Predicted Transformation from ICP):
[[-0.75933246 -0.45056939  0.46946932 -8.13540071]
 [-0.37063972 -0.29351257 -0.88117908 16.77138778]
 [ 0.53482747 -0.84311185  0.0558747  37.77120123]
 [ 0.          0.          0.          1.        ]]
