Object ID: 15
Inlier ration of P_pred: 0.3570000231266022
Num. of correspondences: 2000
Avg. Euclidean Distance (ADD) [cm]: 0.5775801125211771
Add Score thres: 1
Add Score thres (xyz direction): 0
Add-S Score: 0
Avg. Euclidean Distance (ADD) ICP: 1.6912478550316287e-06
Add Score ICP thres: 1.6912478550316287e-06
Add Score ICP thres (xyz direction): 0
Add-S Score ICP: 0
Error [cm]: 9.958999068284083e-07
Error [deg]: 0.0
T_gt (Ground Truth Transformation):
[[ 5.25787711e-01 -8.49229515e-01  4.85459901e-02  2.73589233e+01]
 [-8.06432426e-01 -5.15819073e-01 -2.89132923e-01  2.09034790e+01]
 [ 2.70581096e-01  1.12873502e-01 -9.56057549e-01  1.01613641e+02]
 [ 0.00000000e+00  0.00000000e+00  0.00000000e+00  1.00000000e+00]]
T_pred (Predicted Transformation):
[[ 5.74546473e-01 -8.17727708e-01  3.48962047e-02  2.73304889e+01]
 [-7.58904145e-01 -5.48214723e-01 -3.51461401e-01  2.04085555e+01]
 [ 3.06530339e-01  1.75448034e-01 -9.35551783e-01  1.02064112e+02]
 [ 0.00000000e+00  0.00000000e+00  0.00000000e+00  1.00000000e+00]]
T_pred_ICP (Predicted Transformation from ICP):
[[ 5.25787829e-01 -8.49229325e-01  4.85459890e-02  2.73589236e+01]
 [-8.06432309e-01 -5.15818895e-01 -2.89132840e-01  2.09034795e+01]
 [ 2.70581025e-01  1.12873474e-01 -9.56057262e-01  1.01613642e+02]
 [ 0.00000000e+00  0.00000000e+00  0.00000000e+00  1.00000000e+00]]
