Object ID: 12
Inlier ration of P_pred: 0.5902438759803772
Num. of correspondences: 205
Avg. Euclidean Distance (ADD) [cm]: 9.859992635526979
Add Score thres: 0
Add Score thres (xyz direction): 0.0
Add-S Score: 0.6666666666666666
Avg. Euclidean Distance (ADD) ICP: 9.808023325345598
Add Score ICP thres: 9.808023325345598
Add Score ICP thres (xyz direction): 0.0
Add-S Score ICP: 0.6666666666666666
Error [cm]: 5.738225877610611
Error [deg]: 162.05335717169964
T_gt (Ground Truth Transformation):
[[-6.38859689e-01  7.64927447e-01 -8.21222588e-02 -3.21548248e+01]
 [ 5.35693824e-01  3.65692914e-01 -7.61118054e-01  1.97120941e+01]
 [-5.52168608e-01 -5.30240119e-01 -6.43393278e-01  1.27782214e+02]
 [ 0.00000000e+00  0.00000000e+00  0.00000000e+00  1.00000000e+00]]
T_pred (Predicted Transformation):
[[  0.15175102  -0.89999798  -0.40862607 -30.75919019]
 [  0.22290104  -0.37160404   0.90123558  15.21291582]
 [ -0.9629573   -0.22784659   0.1442192  124.38423742]
 [  0.           0.           0.           1.        ]]
T_pred_ICP (Predicted Transformation from ICP):
[[ 1.61455386e-01 -9.02233091e-01 -3.99884494e-01 -3.08214132e+01]
 [ 2.02317289e-01 -3.66334003e-01  9.08221951e-01  1.52357573e+01]
 [-9.65919186e-01 -2.27540872e-01  1.23390755e-01  1.24448799e+02]
 [ 0.00000000e+00  0.00000000e+00  0.00000000e+00  1.00000000e+00]]
