Object ID: 6
Inlier ration of P_pred: 0.5828402638435364
Num. of correspondences: 676
Avg. Euclidean Distance (ADD) [cm]: 13.077336790292078
Add Score thres: 0
Add Score thres (xyz direction): 0.0
Add-S Score: 0.6666666666666666
Avg. Euclidean Distance (ADD) ICP: 13.190855336165338
Add Score ICP thres: 13.190855336165338
Add Score ICP thres (xyz direction): 0.0
Add-S Score ICP: 0.6666666666666666
Error [cm]: 9.10439455974268
Error [deg]: 138.55049947732658
T_gt (Ground Truth Transformation):
[[-8.82758677e-01  3.13909620e-01 -3.49568188e-01 -7.86751099e+00]
 [ 4.65537697e-01  4.84115064e-01 -7.40882754e-01  9.25368347e+00]
 [-6.33389801e-02 -8.16757858e-01 -5.73493540e-01  1.26923389e+02]
 [ 0.00000000e+00  0.00000000e+00  0.00000000e+00  1.00000000e+00]]
T_pred (Predicted Transformation):
[[-4.84940660e-01 -8.40053147e-01  2.43193889e-01 -5.49469156e+00]
 [ 8.53396416e-01 -5.15335359e-01 -7.83838308e-02  1.01946925e+01]
 [ 1.91172994e-01  1.69529287e-01  9.66805413e-01  1.18244240e+02]
 [ 0.00000000e+00  0.00000000e+00  0.00000000e+00  1.00000000e+00]]
T_pred_ICP (Predicted Transformation from ICP):
[[-4.54359966e-01 -8.48374007e-01  2.71695722e-01 -5.51628615e+00]
 [ 8.75732121e-01 -4.81276168e-01 -3.82949508e-02  9.93444353e+00]
 [ 1.63249117e-01  2.20532978e-01  9.61620992e-01  1.18154221e+02]
 [ 0.00000000e+00  0.00000000e+00  0.00000000e+00  1.00000000e+00]]
