Object ID: 6
Inlier ration of P_pred: 0.25
Num. of correspondences: 4
Avg. Euclidean Distance (ADD) [cm]: 10.083720183143596
Add Score thres: 0
Add Score thres (xyz direction): 0.0
Add-S Score: 0.6666666666666666
Avg. Euclidean Distance (ADD) ICP: 10.000923605882756
Add Score ICP thres: 10.000923605882756
Add Score ICP thres (xyz direction): 0.0
Add-S Score ICP: 0.6666666666666666
Error [cm]: 6.4793506255849485
Error [deg]: 107.7465092811193
T_gt (Ground Truth Transformation):
[[-7.82554686e-01  6.21974051e-01 -2.75150109e-02 -6.15217476e+00]
 [ 6.16476476e-01  7.67947912e-01 -1.73818529e-01 -4.53588684e+01]
 [-8.69805068e-02 -1.52984798e-01 -9.84393597e-01  1.29459351e+02]
 [ 0.00000000e+00  0.00000000e+00  0.00000000e+00  1.00000000e+00]]
T_pred (Predicted Transformation):
[[ 3.99553427e-01  9.13760922e-01  7.34713264e-02 -7.08776457e+00]
 [-1.04547129e-01  1.25044733e-01 -9.86627444e-01 -4.01670226e+01]
 [-9.10728805e-01  3.86529160e-01  1.45493133e-01  1.25644656e+02]
 [ 0.00000000e+00  0.00000000e+00  0.00000000e+00  1.00000000e+00]]
T_pred_ICP (Predicted Transformation from ICP):
[[ 4.16227958e-01  9.03225111e-01  1.04588172e-01 -7.19077426e+00]
 [-5.41022894e-02  1.39423531e-01 -9.88753772e-01 -4.02623106e+01]
 [-9.07649287e-01  4.05888504e-01  1.06898518e-01  1.25595623e+02]
 [ 0.00000000e+00  0.00000000e+00  0.00000000e+00  1.00000000e+00]]
