Object ID: 8
Inlier ration of P_pred: 0.0
Num. of correspondences: 2966
Avg. Euclidean Distance (ADD) [cm]: 17.476814151938864
Add Score thres: 0
Add Score thres (xyz direction): 0.0
Add-S Score: 1.0
Avg. Euclidean Distance (ADD) ICP: 17.446199330833764
Add Score ICP thres: 17.446199330833764
Add Score ICP thres (xyz direction): 0.0
Add-S Score ICP: 1.0
Error [cm]: 8.857600206078214
Error [deg]: 173.08737068844633
T_gt (Ground Truth Transformation):
[[-8.69070590e-01  4.66659844e-01  1.64149299e-01  2.77449951e+01]
 [-3.55641395e-02  2.72025853e-01 -9.61632550e-01 -3.67367134e+00]
 [-4.93408144e-01 -8.41564357e-01 -2.19813377e-01  8.18656738e+01]
 [ 0.00000000e+00  0.00000000e+00  0.00000000e+00  1.00000000e+00]]
T_pred (Predicted Transformation):
[[ 6.75645106e-01  6.63828684e-01  3.20679231e-01  2.75406165e+01]
 [-7.16849033e-02 -3.73762941e-01  9.24749987e-01 -1.11405126e+01]
 [ 7.33733579e-01 -6.47790663e-01 -2.04944607e-01  7.69062446e+01]
 [ 0.00000000e+00  0.00000000e+00  0.00000000e+00  1.00000000e+00]]
T_pred_ICP (Predicted Transformation from ICP):
[[ 6.71351325e-01  6.67027352e-01  3.23050940e-01  2.75702928e+01]
 [-6.86896603e-02 -3.78008509e-01  9.23250398e-01 -1.10275889e+01]
 [ 7.37949273e-01 -6.42015637e-01 -2.07958631e-01  7.69314610e+01]
 [ 0.00000000e+00  0.00000000e+00  0.00000000e+00  1.00000000e+00]]
