Object ID: 5
Inlier ration of P_pred: 0.6317934989929199
Num. of correspondences: 1472
Avg. Euclidean Distance (ADD) [cm]: 9.757185202902656
Add Score thres: 0
Add Score thres (xyz direction): 0.0
Add-S Score: 1.0
Avg. Euclidean Distance (ADD) ICP: 9.755861613854288
Add Score ICP thres: 9.755861613854288
Add Score ICP thres (xyz direction): 0.0
Add-S Score ICP: 1.0
Error [cm]: 1.270885019182157
Error [deg]: 158.91352470190313
T_gt (Ground Truth Transformation):
[[ 7.84120321e-01  6.10374093e-01  1.12243935e-01  1.81736374e+01]
 [ 6.10485137e-01 -7.26074815e-01 -3.16422164e-01 -2.09534622e+01]
 [-1.11638404e-01  3.16636324e-01 -9.41954374e-01  1.19214697e+02]
 [ 0.00000000e+00  0.00000000e+00  0.00000000e+00  1.00000000e+00]]
T_pred (Predicted Transformation):
[[-9.53219124e-01 -2.72928275e-01  1.29936362e-01  1.81836542e+01]
 [-3.02163531e-01  8.72268101e-01 -3.84506905e-01 -2.19904506e+01]
 [-8.39653718e-03 -4.05781365e-01 -9.13931607e-01  1.19605515e+02]
 [ 0.00000000e+00  0.00000000e+00  0.00000000e+00  1.00000000e+00]]
T_pred_ICP (Predicted Transformation from ICP):
[[-9.50778940e-01 -2.78889751e-01  1.35055225e-01  1.82419141e+01]
 [-3.09573921e-01  8.73952060e-01 -3.74662226e-01 -2.21651925e+01]
 [-1.35423375e-02 -3.98030530e-01 -9.17272207e-01  1.19591787e+02]
 [ 0.00000000e+00  0.00000000e+00  0.00000000e+00  1.00000000e+00]]
