Object ID: 5
Inlier ration of P_pred: 0.7053333520889282
Num. of correspondences: 750
Avg. Euclidean Distance (ADD) [cm]: 7.175580562117078
Add Score thres: 0
Add Score thres (xyz direction): 0.0
Add-S Score: 1.0
Avg. Euclidean Distance (ADD) ICP: 7.16363508808283
Add Score ICP thres: 7.16363508808283
Add Score ICP thres (xyz direction): 0.0
Add-S Score ICP: 1.0
Error [cm]: 1.0728351113403511
Error [deg]: 92.34988254217501
T_gt (Ground Truth Transformation):
[[ 6.47394478e-01  7.14312553e-01 -2.65778124e-01  1.31156998e+01]
 [ 6.53646946e-01 -6.99706852e-01 -2.88368046e-01 -2.88115967e+01]
 [-3.91951650e-01  1.29628517e-02 -9.19894576e-01  9.61556213e+01]
 [ 0.00000000e+00  0.00000000e+00  0.00000000e+00  1.00000000e+00]]
T_pred (Predicted Transformation):
[[-7.16332979e-01  5.90381976e-01 -3.71908841e-01  1.37936904e+01]
 [ 6.94427369e-01  6.55225164e-01 -2.97406479e-01 -2.97294109e+01]
 [ 6.81006071e-02 -4.71305747e-01 -8.79336795e-01  9.63224919e+01]
 [ 0.00000000e+00  0.00000000e+00  0.00000000e+00  1.00000000e+00]]
T_pred_ICP (Predicted Transformation from ICP):
[[-7.13490090e-01  5.87258929e-01 -3.82176455e-01  1.36212886e+01]
 [ 6.97258750e-01  6.48821367e-01 -3.04731141e-01 -2.97375284e+01]
 [ 6.90081667e-02 -4.83898527e-01 -8.72399042e-01  9.63505714e+01]
 [ 0.00000000e+00  0.00000000e+00  0.00000000e+00  1.00000000e+00]]
