Object ID: 11
Inlier ration of P_pred: 0.0
Num. of correspondences: 1047
Avg. Euclidean Distance (ADD) [cm]: 10.632634147385714
Add Score thres: 0
Add Score thres (xyz direction): 0.0
Add-S Score: 0.6666666666666666
Avg. Euclidean Distance (ADD) ICP: 10.595648270508333
Add Score ICP thres: 10.595648270508333
Add Score ICP thres (xyz direction): 0.0
Add-S Score ICP: 0.6666666666666666
Error [cm]: 4.851263340040109
Error [deg]: 139.52229798914144
T_gt (Ground Truth Transformation):
[[-9.82331038e-01  1.20225556e-01 -1.43428251e-01  3.02310636e-06]
 [ 1.75482661e-01  8.58078778e-01 -4.82603997e-01 -3.57974677e-06]
 [ 6.50514066e-02 -4.99246031e-01 -8.64014924e-01  7.71965637e+01]
 [ 0.00000000e+00  0.00000000e+00  0.00000000e+00  1.00000000e+00]]
T_pred (Predicted Transformation):
[[ 2.82364513e-01  3.49342550e-01  8.93437219e-01 -1.38213802e+00]
 [-9.43393601e-01 -6.78138580e-02  3.24668745e-01  8.94953863e-01]
 [ 1.74008032e-01 -9.34537888e-01  3.10419299e-01  7.25910694e+01]
 [ 0.00000000e+00  0.00000000e+00  0.00000000e+00  1.00000000e+00]]
T_pred_ICP (Predicted Transformation from ICP):
[[ 2.95326788e-01  3.38490839e-01  8.93423774e-01 -1.43176682e+00]
 [-9.44381192e-01 -3.81650933e-02  3.26630662e-01  8.79248081e-01]
 [ 1.44659088e-01 -9.40195393e-01  3.08393208e-01  7.26455520e+01]
 [ 0.00000000e+00  0.00000000e+00  0.00000000e+00  1.00000000e+00]]
