Object ID: 5
Inlier ration of P_pred: 0.8209666609764099
Num. of correspondences: 1469
Avg. Euclidean Distance (ADD) [cm]: 3.444220179597156
Add Score thres: 0
Add Score thres (xyz direction): 0.6666666666666666
Add-S Score: 1.0
Avg. Euclidean Distance (ADD) ICP: 3.281412524891002
Add Score ICP thres: 3.281412524891002
Add Score ICP thres (xyz direction): 0.6666666666666666
Add-S Score ICP: 1.0
Error [cm]: 0.5164880968573109
Error [deg]: 38.74206327493227
T_gt (Ground Truth Transformation):
[[ 0.74596345 -0.62267113  0.23626074 -9.2526001 ]
 [-0.45304534 -0.73446858 -0.50527751  3.87295532]
 [ 0.48814788  0.26988173 -0.82998496 77.91937866]
 [ 0.          0.          0.          1.        ]]
T_pred (Predicted Transformation):
[[ 9.71735131e-01  1.54964168e-02  2.35564631e-01 -9.34306292e+00]
 [ 1.31184842e-01 -8.65039639e-01 -4.84248862e-01  4.01854634e+00]
 [ 1.96268621e-01  5.01464141e-01 -8.42622302e-01  7.78027291e+01]
 [ 0.00000000e+00  0.00000000e+00  0.00000000e+00  1.00000000e+00]]
T_pred_ICP (Predicted Transformation from ICP):
[[ 9.71832978e-01 -1.85241268e-02  2.34941525e-01 -9.72832168e+00]
 [ 1.05578988e-01 -8.57049376e-01 -5.04300946e-01  3.96017827e+00]
 [ 2.10698222e-01  5.14901178e-01 -8.30953089e-01  7.77381576e+01]
 [ 0.00000000e+00  0.00000000e+00  0.00000000e+00  1.00000000e+00]]
