Object ID: 8
Inlier ration of P_pred: 0.3648169934749603
Num. of correspondences: 847
Avg. Euclidean Distance (ADD) [cm]: 15.975135966659659
Add Score thres: 0
Add Score thres (xyz direction): 0.0
Add-S Score: 0.3333333333333333
Avg. Euclidean Distance (ADD) ICP: 16.76693008849727
Add Score ICP thres: 16.76693008849727
Add Score ICP thres (xyz direction): 0.0
Add-S Score ICP: 0.6666666666666666
Error [cm]: 18.180916662080335
Error [deg]: 131.5875907690659
T_gt (Ground Truth Transformation):
[[ 2.08274931e-01 -9.74616706e-01 -8.21218789e-02 -7.08403778e+00]
 [-6.44426167e-01 -7.35813305e-02 -7.61118233e-01  2.83003845e+00]
 [ 7.35755861e-01  2.11443424e-01 -6.43393755e-01  1.35445117e+02]
 [ 0.00000000e+00  0.00000000e+00  0.00000000e+00  1.00000000e+00]]
T_pred (Predicted Transformation):
[[ 5.57166427e-01  4.27603800e-01 -7.11843074e-01  6.34110907e-02]
 [-6.51139961e-01  7.56966235e-01 -5.49442541e-02 -3.05578072e+00]
 [ 5.15346800e-01  4.94122565e-01  7.00186094e-01  1.20810073e+02]
 [ 0.00000000e+00  0.00000000e+00  0.00000000e+00  1.00000000e+00]]
T_pred_ICP (Predicted Transformation from ICP):
[[ 5.84258290e-01  6.46264983e-01 -4.90901031e-01 -2.30074388e+00]
 [-7.08039173e-01  7.01528208e-01  8.08622445e-02 -4.15855672e+00]
 [ 3.96639358e-01  3.00332723e-01  8.67454596e-01  1.19357067e+02]
 [ 0.00000000e+00  0.00000000e+00  0.00000000e+00  1.00000000e+00]]
