Object ID: 12
Inlier ration of P_pred: 0.9685620069503784
Num. of correspondences: 3658
Avg. Euclidean Distance (ADD) [cm]: 0.06376377440502473
Add Score thres: 1
Add Score thres (xyz direction): 1.0
Add-S Score: 1.0
Avg. Euclidean Distance (ADD) ICP: 2.9990369274501077e-07
Add Score ICP thres: 2.9990369274501077e-07
Add Score ICP thres (xyz direction): 1.0
Add-S Score ICP: 1.0
Error [cm]: 5.2310550841951186e-08
Error [deg]: 0.0
T_gt (Ground Truth Transformation):
[[ 3.17035913e-02 -9.98543322e-01  4.36603054e-02 -3.69006500e+00]
 [-9.92042840e-01 -3.67622785e-02 -1.20414317e-01 -1.80521500e+01]
 [ 1.21843956e-01 -3.94953191e-02 -9.91763234e-01  7.45961060e+01]
 [ 0.00000000e+00  0.00000000e+00  0.00000000e+00  1.00000000e+00]]
T_pred (Predicted Transformation):
[[ 3.16621171e-02 -9.98414479e-01  4.65407276e-02 -3.68327738e+00]
 [-9.92430798e-01 -3.69318770e-02 -1.17120226e-01 -1.81079833e+01]
 [ 1.18653366e-01 -4.24801771e-02 -9.92026619e-01  7.45754000e+01]
 [ 0.00000000e+00  0.00000000e+00  0.00000000e+00  1.00000000e+00]]
T_pred_ICP (Predicted Transformation from ICP):
[[ 3.17036393e-02 -9.98543268e-01  4.36602992e-02 -3.69006500e+00]
 [-9.92042808e-01 -3.67622447e-02 -1.20414306e-01 -1.80521500e+01]
 [ 1.21843945e-01 -3.94953141e-02 -9.91763164e-01  7.45961060e+01]
 [ 0.00000000e+00  0.00000000e+00  0.00000000e+00  1.00000000e+00]]
