Object ID: 11
Inlier ration of P_pred: 0.0
Num. of correspondences: 33
Avg. Euclidean Distance (ADD) [cm]: 10.028737804152986
Add Score thres: 0
Add Score thres (xyz direction): 0.0
Add-S Score: 1.0
Avg. Euclidean Distance (ADD) ICP: 9.957639173932481
Add Score ICP thres: 9.957639173932481
Add Score ICP thres (xyz direction): 0.0
Add-S Score ICP: 1.0
Error [cm]: 0.13915109608898596
Error [deg]: 151.66257481858446
T_gt (Ground Truth Transformation):
[[-3.13612670e-02  8.91917884e-01 -4.51108664e-01  5.20724678e+00]
 [ 4.99410301e-01 -3.76970351e-01 -7.80053079e-01 -1.25774803e+01]
 [-8.65797818e-01 -2.49751747e-01 -4.33610737e-01  1.24254565e+02]
 [ 0.00000000e+00  0.00000000e+00  0.00000000e+00  1.00000000e+00]]
T_pred (Predicted Transformation):
[[  0.13684718  -0.59942768   0.78864396   5.22798487]
 [  0.54376203   0.7109211    0.44599782 -12.34738787]
 [ -0.82800707   0.3678011    0.42323356 123.89928114]
 [  0.           0.           0.           1.        ]]
T_pred_ICP (Predicted Transformation from ICP):
[[ 1.02744127e-01 -5.69330723e-01  8.15663026e-01  5.16066263e+00]
 [ 5.67390732e-01  7.07061610e-01  4.22056439e-01 -1.24804628e+01]
 [-8.17013710e-01  4.19435821e-01  3.95679404e-01  1.24342773e+02]
 [ 0.00000000e+00  0.00000000e+00  0.00000000e+00  1.00000000e+00]]
