Object ID: 5
Inlier ration of P_pred: 0.2844827473163605
Num. of correspondences: 232
Avg. Euclidean Distance (ADD) [cm]: 8.159300763643095
Add Score thres: 0
Add Score thres (xyz direction): 0.0
Add-S Score: 1.0
Avg. Euclidean Distance (ADD) ICP: 8.18918372924308
Add Score ICP thres: 8.18918372924308
Add Score ICP thres (xyz direction): 0.0
Add-S Score ICP: 1.0
Error [cm]: 2.2511612384962665
Error [deg]: 109.58435740695528
T_gt (Ground Truth Transformation):
[[ -0.73237658  -0.64528966   0.21731631  11.36295624]
 [ -0.63001782   0.52114767  -0.57574546   5.95031815]
 [  0.25826859  -0.55857545  -0.78822035 125.55317383]
 [  0.           0.           0.           1.        ]]
T_pred (Predicted Transformation):
[[-3.97126754e-01  9.17494437e-01  2.22328376e-02  9.26450673e+00]
 [ 7.66459180e-01  3.44882962e-01 -5.41845059e-01  6.04261493e+00]
 [-5.04807554e-01 -1.98140607e-01 -8.40184285e-01  1.25046757e+02]
 [ 0.00000000e+00  0.00000000e+00  0.00000000e+00  1.00000000e+00]]
T_pred_ICP (Predicted Transformation from ICP):
[[-3.83507519e-01  9.22421784e-01  4.53876132e-02  9.19196193e+00]
 [ 7.66364531e-01  3.45280441e-01 -5.41725782e-01  6.22680474e+00]
 [-5.15371118e-01 -1.72972454e-01 -8.39328983e-01  1.25025854e+02]
 [ 0.00000000e+00  0.00000000e+00  0.00000000e+00  1.00000000e+00]]
