Object ID: 8
Inlier ration of P_pred: 0.017937220633029938
Num. of correspondences: 223
Avg. Euclidean Distance (ADD) [cm]: 12.426964917088716
Add Score thres: 0
Add Score thres (xyz direction): 0.3333333333333333
Add-S Score: 1.0
Avg. Euclidean Distance (ADD) ICP: 12.44036601184149
Add Score ICP thres: 12.44036601184149
Add Score ICP thres (xyz direction): 0.3333333333333333
Add-S Score ICP: 1.0
Error [cm]: 10.577908530046471
Error [deg]: 157.9839816787382
T_gt (Ground Truth Transformation):
[[ 6.23815417e-01 -3.52492690e-01 -6.97569609e-01 -1.86213913e+01]
 [-6.70028567e-01  2.18318373e-01 -7.09506214e-01  1.24130730e+01]
 [ 4.02388066e-01  9.09992456e-01 -9.99898314e-02  1.37194995e+02]
 [ 0.00000000e+00  0.00000000e+00  0.00000000e+00  1.00000000e+00]]
T_pred (Predicted Transformation):
[[-5.98136903e-01  6.67349100e-01  4.43708716e-01 -2.72855141e+01]
 [-7.96731804e-01 -4.35556775e-01 -4.18937618e-01  1.15667429e+01]
 [-8.63173047e-02 -6.04098895e-01  7.92220833e-01  1.31158949e+02]
 [ 0.00000000e+00  0.00000000e+00  0.00000000e+00  1.00000000e+00]]
T_pred_ICP (Predicted Transformation from ICP):
[[-5.98832400e-01  6.59833853e-01  4.53893208e-01 -2.73420777e+01]
 [-7.97491780e-01 -4.39255238e-01 -4.13596055e-01  1.16192374e+01]
 [-7.35297093e-02 -6.09650820e-01  7.89252342e-01  1.31261059e+02]
 [ 0.00000000e+00  0.00000000e+00  0.00000000e+00  1.00000000e+00]]
