Object ID: 11
Inlier ration of P_pred: 0.0
Num. of correspondences: 593
Avg. Euclidean Distance (ADD) [cm]: 7.096304656220099
Add Score thres: 0
Add Score thres (xyz direction): 0.0
Add-S Score: 1.0
Avg. Euclidean Distance (ADD) ICP: 7.059207397337588
Add Score ICP thres: 7.059207397337588
Add Score ICP thres (xyz direction): 0.0
Add-S Score ICP: 1.0
Error [cm]: 3.448158512469177
Error [deg]: 114.42682327296025
T_gt (Ground Truth Transformation):
[[ 9.70271170e-01 -2.22616509e-01 -9.49510261e-02 -2.53315598e+01]
 [-2.41291896e-01 -8.59379888e-01 -4.50826764e-01 -2.39020248e+01]
 [ 1.87624879e-02  4.60335135e-01 -8.87547076e-01  1.15457861e+02]
 [ 0.00000000e+00  0.00000000e+00  0.00000000e+00  1.00000000e+00]]
T_pred (Predicted Transformation):
[[-2.67830537e-01  8.49748841e-01 -4.54085576e-01 -2.51718079e+01]
 [ 1.86970105e-01 -4.16503973e-01 -8.89700298e-01 -2.07290095e+01]
 [-9.45150244e-01 -3.23189337e-01 -4.73251475e-02  1.14048621e+02]
 [ 0.00000000e+00  0.00000000e+00  0.00000000e+00  1.00000000e+00]]
T_pred_ICP (Predicted Transformation from ICP):
[[-2.72574739e-01  8.51218597e-01 -4.48475095e-01 -2.51752233e+01]
 [ 1.96033585e-01 -4.07212925e-01 -8.92047346e-01 -2.07443698e+01]
 [-9.41952146e-01 -3.31065753e-01 -5.58714762e-02  1.14081427e+02]
 [ 0.00000000e+00  0.00000000e+00  0.00000000e+00  1.00000000e+00]]
