Object ID: 11
Inlier ration of P_pred: 0.26883912086486816
Num. of correspondences: 982
Avg. Euclidean Distance (ADD) [cm]: 11.411313288079956
Add Score thres: 0
Add Score thres (xyz direction): 0.0
Add-S Score: 0.6666666666666666
Avg. Euclidean Distance (ADD) ICP: 11.264195581538287
Add Score ICP thres: 11.264195581538287
Add Score ICP thres (xyz direction): 0.0
Add-S Score ICP: 0.6666666666666666
Error [cm]: 7.000523075928693
Error [deg]: 147.42513669468394
T_gt (Ground Truth Transformation):
[[-4.98299301e-01 -8.66661370e-01  2.44201124e-02 -1.11478903e-06]
 [-8.57624888e-01  4.88580137e-01 -1.60527676e-01  4.06562467e-06]
 [ 1.27191931e-01 -1.00934088e-01 -9.86729503e-01  6.94833984e+01]
 [ 0.00000000e+00  0.00000000e+00  0.00000000e+00  1.00000000e+00]]
T_pred (Predicted Transformation):
[[-8.19328428e-02  9.68141251e-01 -2.36621062e-01  3.11852431e+00]
 [-4.68931597e-02  2.33411528e-01  9.71246668e-01 -4.98681847e+00]
 [ 9.95534048e-01  9.06729098e-02  2.62751323e-02  6.55713168e+01]
 [ 0.00000000e+00  0.00000000e+00  0.00000000e+00  1.00000000e+00]]
T_pred_ICP (Predicted Transformation from ICP):
[[-8.59852171e-02  9.62019609e-01 -2.59084571e-01  3.22905813e+00]
 [-3.56830128e-03  2.59748645e-01  9.65669668e-01 -4.98839945e+00]
 [ 9.96290023e-01  8.39578079e-02 -1.89017679e-02  6.57825431e+01]
 [ 0.00000000e+00  0.00000000e+00  0.00000000e+00  1.00000000e+00]]
