Object ID: 5
Inlier ration of P_pred: 0.6137624979019165
Num. of correspondences: 901
Avg. Euclidean Distance (ADD) [cm]: 6.528517972516721
Add Score thres: 0
Add Score thres (xyz direction): 0.0
Add-S Score: 1.0
Avg. Euclidean Distance (ADD) ICP: 6.559712772732958
Add Score ICP thres: 6.559712772732958
Add Score ICP thres (xyz direction): 0.0
Add-S Score ICP: 1.0
Error [cm]: 1.0273449576063518
Error [deg]: 83.06687319734047
T_gt (Ground Truth Transformation):
[[  0.76081717   0.6286276    0.16119726   8.56192017]
 [  0.62448066  -0.64158064  -0.44541919 -26.51109924]
 [ -0.17658176   0.43954715  -0.88069141 129.39962158]
 [  0.           0.           0.           1.        ]]
T_pred (Predicted Transformation):
[[-5.27377727e-01  8.43115032e-01  1.05022740e-01  8.43095664e+00]
 [ 7.28034072e-01  5.12157467e-01 -4.55698496e-01 -2.75551037e+01]
 [-4.37994432e-01 -1.63865104e-01 -8.83916911e-01  1.29974734e+02]
 [ 0.00000000e+00  0.00000000e+00  0.00000000e+00  1.00000000e+00]]
T_pred_ICP (Predicted Transformation from ICP):
[[-5.32038359e-01  8.31428165e-01  1.60194856e-01  8.43766204e+00]
 [ 7.11847241e-01  5.41658160e-01 -4.47079349e-01 -2.74271510e+01]
 [-4.58485213e-01 -1.23829096e-01 -8.80032763e-01  1.29847781e+02]
 [ 0.00000000e+00  0.00000000e+00  0.00000000e+00  1.00000000e+00]]
