Object ID: 12
Inlier ration of P_pred: 0.0
Num. of correspondences: 54
Avg. Euclidean Distance (ADD) [cm]: 3.5585625230337925
Add Score thres: 0
Add Score thres (xyz direction): 0.3333333333333333
Add-S Score: 1.0
Avg. Euclidean Distance (ADD) ICP: 3.5753627686552063
Add Score ICP thres: 3.5753627686552063
Add Score ICP thres (xyz direction): 0.3333333333333333
Add-S Score ICP: 1.0
Error [cm]: 0.7419151783481087
Error [deg]: 48.74186264773874
T_gt (Ground Truth Transformation):
[[ 0.94522828 -0.15513918  0.28718522 29.93337708]
 [ 0.2500827  -0.2212182  -0.94261414 10.37404556]
 [ 0.20976694  0.96280557 -0.17030407 97.83450317]
 [ 0.          0.          0.          1.        ]]
T_pred (Predicted Transformation):
[[ 0.79721017  0.57497053  0.18402401 29.90628833]
 [ 0.50200242 -0.46204309 -0.73110174 10.49417545]
 [-0.33533493  0.67522224 -0.65698205 97.1193792 ]
 [ 0.          0.          0.          1.        ]]
T_pred_ICP (Predicted Transformation from ICP):
[[ 0.78963373  0.58316838  0.19077005 29.94498714]
 [ 0.5099128  -0.45076858 -0.73266406 10.57452071]
 [-0.34127337  0.67581235 -0.65330709 97.12028118]
 [ 0.          0.          0.          1.        ]]
