Object ID: 6
Inlier ration of P_pred: 0.9958397746086121
Num. of correspondences: 1923
Avg. Euclidean Distance (ADD) [cm]: 0.3276206806240098
Add Score thres: 1
Add Score thres (xyz direction): 1.0
Add-S Score: 1.0
Avg. Euclidean Distance (ADD) ICP: 6.246956093024901e-07
Add Score ICP thres: 6.246956093024901e-07
Add Score ICP thres (xyz direction): 1.0
Add-S Score ICP: 1.0
Error [cm]: 2.7412653158706794e-07
Error [deg]: 0.0
T_gt (Ground Truth Transformation):
[[ 8.41390807e-03 -9.81839895e-01  1.89525127e-01  2.45794006e+01]
 [-7.98425257e-01 -1.20705366e-01 -5.89870811e-01  2.26896835e+01]
 [ 6.02035284e-01 -1.46358475e-01 -7.84941375e-01  1.15341333e+02]
 [ 0.00000000e+00  0.00000000e+00  0.00000000e+00  1.00000000e+00]]
T_pred (Predicted Transformation):
[[ 1.46562888e-02 -9.77231201e-01  2.11670435e-01  2.44530310e+01]
 [-8.21355781e-01 -1.32492787e-01 -5.54815593e-01  2.29472902e+01]
 [ 5.70227914e-01 -1.65725198e-01 -8.04596349e-01  1.15418297e+02]
 [ 0.00000000e+00  0.00000000e+00  0.00000000e+00  1.00000000e+00]]
T_pred_ICP (Predicted Transformation from ICP):
[[ 8.41400943e-03 -9.81839816e-01  1.89525144e-01  2.45794007e+01]
 [-7.98425173e-01 -1.20705321e-01 -5.89870721e-01  2.26896837e+01]
 [ 6.02035254e-01 -1.46358468e-01 -7.84941241e-01  1.15341333e+02]
 [ 0.00000000e+00  0.00000000e+00  0.00000000e+00  1.00000000e+00]]
