Object ID: 6
Inlier ration of P_pred: 0.7979381680488586
Num. of correspondences: 970
Avg. Euclidean Distance (ADD) [cm]: 1.7078294911662226
Add Score thres: 0
Add Score thres (xyz direction): 0.6666666666666666
Add-S Score: 1.0
Avg. Euclidean Distance (ADD) ICP: 1.6030770546698545
Add Score ICP thres: 1.6030770546698545
Add Score ICP thres (xyz direction): 1.0
Add-S Score ICP: 1.0
Error [cm]: 1.356236528039311
Error [deg]: 8.464077089924388
T_gt (Ground Truth Transformation):
[[-7.34249771e-01  5.32839000e-01  4.20666456e-01  4.18794746e+00]
 [ 9.29118991e-02  6.92689717e-01 -7.15226114e-01 -2.77591431e+01]
 [-6.72491670e-01 -4.86069560e-01 -5.58114409e-01  1.59265613e+02]
 [ 0.00000000e+00  0.00000000e+00  0.00000000e+00  1.00000000e+00]]
T_pred (Predicted Transformation):
[[-6.98823723e-01  5.96274862e-01  3.95097068e-01  3.94779457e+00]
 [ 4.66921902e-02  5.89204930e-01 -8.06633368e-01 -2.63283243e+01]
 [-7.13768340e-01 -5.45246586e-01 -4.39591762e-01  1.59117002e+02]
 [ 0.00000000e+00  0.00000000e+00  0.00000000e+00  1.00000000e+00]]
T_pred_ICP (Predicted Transformation from ICP):
[[-6.99193764e-01  6.01953646e-01  3.85719960e-01  3.95293142e+00]
 [ 6.21742586e-02  5.88672209e-01 -8.05977290e-01 -2.64316813e+01]
 [-7.12223590e-01 -5.39552443e-01 -4.49021959e-01  1.59117322e+02]
 [ 0.00000000e+00  0.00000000e+00  0.00000000e+00  1.00000000e+00]]
