Object ID: 12
Inlier ration of P_pred: 0.7687954902648926
Num. of correspondences: 1237
Avg. Euclidean Distance (ADD) [cm]: 1.1902935965949188
Add Score thres: 1
Add Score thres (xyz direction): 1.0
Add-S Score: 1.0
Avg. Euclidean Distance (ADD) ICP: 4.064153734674494e-07
Add Score ICP thres: 4.064153734674494e-07
Add Score ICP thres (xyz direction): 1.0
Add-S Score ICP: 1.0
Error [cm]: 8.91524179341311e-08
Error [deg]: 0.0
T_gt (Ground Truth Transformation):
[[ 0.52877116  0.83566976  0.14851663 12.55636673]
 [ 0.78629822 -0.41641232 -0.45643848 15.08224792]
 [-0.31958768  0.35812986 -0.87727243 82.68153076]
 [ 0.          0.          0.          1.        ]]
T_pred (Predicted Transformation):
[[ 3.59956926e-01  9.31589873e-01  5.07081741e-02  1.28571557e+01]
 [ 8.59159674e-01 -3.09802272e-01 -4.07267980e-01  1.46264957e+01]
 [-3.63697218e-01  1.90165349e-01 -9.11899925e-01  8.30251024e+01]
 [ 0.00000000e+00  0.00000000e+00  0.00000000e+00  1.00000000e+00]]
T_pred_ICP (Predicted Transformation from ICP):
[[ 0.52877118  0.83566971  0.1485166  12.55636673]
 [ 0.78629815 -0.41641227 -0.45643844 15.08224792]
 [-0.31958764  0.35812982 -0.87727235 82.68153085]
 [ 0.          0.          0.          1.        ]]
