Object ID: 6
Inlier ration of P_pred: 0.5641025900840759
Num. of correspondences: 273
Avg. Euclidean Distance (ADD) [cm]: 6.265618136838687
Add Score thres: 0
Add Score thres (xyz direction): 0.0
Add-S Score: 1.0
Avg. Euclidean Distance (ADD) ICP: 6.386644153842252
Add Score ICP thres: 6.386644153842252
Add Score ICP thres (xyz direction): 0.0
Add-S Score ICP: 1.0
Error [cm]: 3.38524483990322
Error [deg]: 114.08420045192904
T_gt (Ground Truth Transformation):
[[ 6.89482987e-01 -7.19631255e-01 -8.21219161e-02 -9.17503130e-06]
 [-5.09538233e-01 -4.01335359e-01 -7.61118054e-01 -5.42587542e-05]
 [ 5.14765918e-01  5.66622198e-01 -6.43393576e-01  1.44925427e+02]
 [ 0.00000000e+00  0.00000000e+00  0.00000000e+00  1.00000000e+00]]
T_pred (Predicted Transformation):
[[-9.21625263e-01 -3.72749134e-01 -1.08004430e-01 -7.96330649e-01]
 [-8.25426044e-02  4.60215984e-01 -8.83961519e-01 -1.48702782e+00]
 [ 3.79201256e-01 -8.05766301e-01 -4.54914362e-01  1.47521318e+02]
 [ 0.00000000e+00  0.00000000e+00  0.00000000e+00  1.00000000e+00]]
T_pred_ICP (Predicted Transformation from ICP):
[[-9.26521909e-01 -3.61715297e-01 -1.03533548e-01 -7.84149869e-01]
 [-8.27347029e-02  4.64318085e-01 -8.81795716e-01 -1.60300219e+00]
 [ 3.67031498e-01 -8.08437233e-01 -4.60127286e-01  1.47802155e+02]
 [ 0.00000000e+00  0.00000000e+00  0.00000000e+00  1.00000000e+00]]
