Object ID: 6
Inlier ration of P_pred: 0.10588235408067703
Num. of correspondences: 340
Avg. Euclidean Distance (ADD) [cm]: 6.863128234954376
Add Score thres: 0
Add Score thres (xyz direction): 0.3333333333333333
Add-S Score: 1.0
Avg. Euclidean Distance (ADD) ICP: 6.915263732941431
Add Score ICP thres: 6.915263732941431
Add Score ICP thres (xyz direction): 0.3333333333333333
Add-S Score ICP: 1.0
Error [cm]: 3.2049093066007477
Error [deg]: 136.9883719566564
T_gt (Ground Truth Transformation):
[[ 0.18770687 -0.9393034   0.28718534 27.30653381]
 [-0.11896564 -0.31197131 -0.94261408 13.20301971]
 [ 0.97499406  0.14277002 -0.17030407 69.9204834 ]
 [ 0.          0.          0.          1.        ]]
T_pred (Predicted Transformation):
[[ 0.22556665 -0.87870466  0.42071108 26.60399178]
 [-0.62478778  0.20086569  0.75451521 16.07867331]
 [-0.74750245 -0.43304861 -0.50369533 68.81002332]
 [ 0.          0.          0.          1.        ]]
T_pred_ICP (Predicted Transformation from ICP):
[[ 0.21990016 -0.87883634  0.42342721 26.56818379]
 [-0.60017091  0.22030316  0.76893523 16.1295251 ]
 [-0.76905058 -0.42321767 -0.47900731 68.84259233]
 [ 0.          0.          0.          1.        ]]
