Object ID: 12
Inlier ration of P_pred: 0.7006802558898926
Num. of correspondences: 441
Avg. Euclidean Distance (ADD) [cm]: 1.1873136452957291
Add Score thres: 1
Add Score thres (xyz direction): 1.0
Add-S Score: 1.0
Avg. Euclidean Distance (ADD) ICP: 0.7935918016891557
Add Score ICP thres: 0.7935918016891557
Add Score ICP thres (xyz direction): 1.0
Add-S Score ICP: 1.0
Error [cm]: 0.5566283249498551
Error [deg]: 7.1126507184702055
T_gt (Ground Truth Transformation):
[[-7.66059518e-01 -6.41699076e-01 -3.70869488e-02 -3.77376740e+01]
 [-6.25951827e-01  7.57884860e-01 -1.83833897e-01  9.43121338e-01]
 [ 1.46073669e-01 -1.17613032e-01 -9.82257605e-01  1.37078271e+02]
 [ 0.00000000e+00  0.00000000e+00  0.00000000e+00  1.00000000e+00]]
T_pred (Predicted Transformation):
[[-8.61429636e-01 -5.07875369e-01 -1.26200415e-03 -3.72592760e+01]
 [-5.03448088e-01  8.54242501e-01 -1.29652503e-01  2.77983074e-01]
 [ 6.69253703e-02 -1.11051155e-01 -9.91558690e-01  1.37464593e+02]
 [ 0.00000000e+00  0.00000000e+00  0.00000000e+00  1.00000000e+00]]
T_pred_ICP (Predicted Transformation from ICP):
[[-8.37426202e-01 -5.43696418e-01 -5.57813722e-02 -3.73682842e+01]
 [-5.30030216e-01  8.32776634e-01 -1.59846953e-01  5.33142217e-01]
 [ 1.33361639e-01 -1.04294214e-01 -9.85564503e-01  1.37151096e+02]
 [ 0.00000000e+00  0.00000000e+00  0.00000000e+00  1.00000000e+00]]
