Object ID: 6
Inlier ration of P_pred: 0.7744565606117249
Num. of correspondences: 368
Avg. Euclidean Distance (ADD) [cm]: 1.6411651035162176
Add Score thres: 0
Add Score thres (xyz direction): 1.0
Add-S Score: 1.0
Avg. Euclidean Distance (ADD) ICP: 1.5811456394039558
Add Score ICP thres: 1.5811456394039558
Add Score ICP thres (xyz direction): 1.0
Add-S Score ICP: 1.0
Error [cm]: 0.8895125263607843
Error [deg]: 21.01835643660927
T_gt (Ground Truth Transformation):
[[ 9.38110769e-01  2.53949821e-01 -2.35494420e-01  1.35830917e+01]
 [-8.47782269e-02 -4.90893424e-01 -8.67084980e-01 -5.29797592e+00]
 [-3.35798740e-01  8.33386600e-01 -4.38982993e-01  1.23182043e+02]
 [ 0.00000000e+00  0.00000000e+00  0.00000000e+00  1.00000000e+00]]
T_pred (Predicted Transformation):
[[  0.80670249   0.52449693  -0.27227571  13.51402225]
 [  0.12904996  -0.60596773  -0.78495173  -4.39434368]
 [ -0.57669506   0.59808534  -0.55652199 123.01079209]
 [  0.           0.           0.           1.        ]]
T_pred_ICP (Predicted Transformation from ICP):
[[ 8.10198710e-01  5.15635392e-01 -2.78743957e-01  1.35020412e+01]
 [ 1.13923040e-01 -6.05000574e-01 -7.88032897e-01 -4.42621161e+00]
 [-5.74977905e-01  6.06707877e-01 -5.48913436e-01  1.23024912e+02]
 [ 0.00000000e+00  0.00000000e+00  0.00000000e+00  1.00000000e+00]]
