Object ID: 5
Inlier ration of P_pred: 0.9635036587715149
Num. of correspondences: 137
Avg. Euclidean Distance (ADD) [cm]: 4.894054094755633
Add Score thres: 0
Add Score thres (xyz direction): 0.3333333333333333
Add-S Score: 1.0
Avg. Euclidean Distance (ADD) ICP: 4.8598570016344596
Add Score ICP thres: 4.8598570016344596
Add Score ICP thres (xyz direction): 0.3333333333333333
Add-S Score ICP: 1.0
Error [cm]: 1.6099479762126157
Error [deg]: 45.79246733983522
T_gt (Ground Truth Transformation):
[[-9.83064294e-01 -1.56746402e-01 -9.49502960e-02  1.95806076e+01]
 [-9.79214460e-02  8.87224078e-01 -4.50826824e-01 -9.61415482e+00]
 [ 1.54907674e-01 -4.33894008e-01 -8.87547195e-01  1.02217163e+02]
 [ 0.00000000e+00  0.00000000e+00  0.00000000e+00  1.00000000e+00]]
T_pred (Predicted Transformation):
[[-7.40976606e-01 -6.61871441e-01  1.13489493e-01  1.80365853e+01]
 [-6.57956203e-01  7.49364106e-01  7.44786661e-02 -9.86731005e+00]
 [-1.34340255e-01 -1.94841668e-02 -9.90743692e-01  1.02682843e+02]
 [ 0.00000000e+00  0.00000000e+00  0.00000000e+00  1.00000000e+00]]
T_pred_ICP (Predicted Transformation from ICP):
[[-7.47660192e-01 -6.54617790e-01  1.11712968e-01  1.80620899e+01]
 [-6.50673975e-01  7.55757971e-01  7.38462504e-02 -9.87706415e+00]
 [-1.32769035e-01 -1.74768193e-02 -9.90992908e-01  1.02682905e+02]
 [ 0.00000000e+00  0.00000000e+00  0.00000000e+00  1.00000000e+00]]
