Object ID: 8
Inlier ration of P_pred: 0.0
Num. of correspondences: 118
Avg. Euclidean Distance (ADD) [cm]: 14.038377582506827
Add Score thres: 0
Add Score thres (xyz direction): 0.0
Add-S Score: 0.6666666666666666
Avg. Euclidean Distance (ADD) ICP: 14.072038658979594
Add Score ICP thres: 14.072038658979594
Add Score ICP thres (xyz direction): 0.0
Add-S Score ICP: 0.6666666666666666
Error [cm]: 11.729106590891751
Error [deg]: 109.29121324992697
T_gt (Ground Truth Transformation):
[[ 9.95625198e-01 -7.50274360e-02 -5.56892753e-02 -2.57982452e+01]
 [-8.07200447e-02 -9.90845442e-01 -1.08213715e-01  5.69266014e+00]
 [-4.70604524e-02  1.12235539e-01 -9.92566943e-01  1.03363037e+02]
 [ 0.00000000e+00  0.00000000e+00  0.00000000e+00  1.00000000e+00]]
T_pred (Predicted Transformation):
[[-2.48679761e-02  6.15057825e-01  7.88089751e-01 -3.28085150e+01]
 [ 9.90924717e-01  1.19335036e-01 -6.18656132e-02 -3.14810202e-01]
 [-1.32097649e-01  7.79399141e-01 -6.12443622e-01  9.62661499e+01]
 [ 0.00000000e+00  0.00000000e+00  0.00000000e+00  1.00000000e+00]]
T_pred_ICP (Predicted Transformation from ICP):
[[-1.13360220e-02  5.77020120e-01  8.16651257e-01 -3.29599539e+01]
 [ 9.82890584e-01  1.56583485e-01 -9.69933635e-02 -1.90312161e-01]
 [-1.83841222e-01  8.01579312e-01 -5.68922677e-01  9.61746779e+01]
 [ 0.00000000e+00  0.00000000e+00  0.00000000e+00  1.00000000e+00]]
