Object ID: 11
Inlier ration of P_pred: 0.11728865653276443
Num. of correspondences: 1313
Avg. Euclidean Distance (ADD) [cm]: 4.958811522377779
Add Score thres: 0
Add Score thres (xyz direction): 0
Add-S Score: 0
Avg. Euclidean Distance (ADD) ICP: 4.823026657535034
Add Score ICP thres: 4.823026657535034
Add Score ICP thres (xyz direction): 0
Add-S Score ICP: 0
Error [cm]: 0.0882580048638289
Error [deg]: 175.71410472863465
T_gt (Ground Truth Transformation):
[[ 3.11945379e-01 -7.29780555e-01 -6.08367145e-01  6.65761327e-06]
 [-6.03817880e-01  3.42096150e-01 -7.19982147e-01  8.38408596e-06]
 [ 7.33549058e-01  5.91938078e-01 -3.33939254e-01  1.12545703e+02]
 [ 0.00000000e+00  0.00000000e+00  0.00000000e+00  1.00000000e+00]]
T_pred (Predicted Transformation):
[[-5.84128196e-02  6.12733080e-01 -7.88128235e-01  8.37075700e-01]
 [ 5.34276541e-01 -6.47707431e-01 -5.43160807e-01 -3.34109059e-02]
 [-8.43289108e-01 -4.52805982e-01 -2.89534493e-01  1.12484505e+02]
 [ 0.00000000e+00  0.00000000e+00  0.00000000e+00  1.00000000e+00]]
T_pred_ICP (Predicted Transformation from ICP):
[[-2.60551657e-01  7.38648998e-01 -6.21699680e-01 -7.16807906e-02]
 [ 5.71868765e-01 -4.00746242e-01 -7.15799249e-01  4.34266214e-02]
 [-7.77868208e-01 -5.42033309e-01 -3.17995193e-01  1.12573366e+02]
 [ 0.00000000e+00  0.00000000e+00  0.00000000e+00  1.00000000e+00]]
