Object ID: 11
Inlier ration of P_pred: 0.5660036206245422
Num. of correspondences: 553
Avg. Euclidean Distance (ADD) [cm]: 0.9692352552358855
Add Score thres: 1
Add Score thres (xyz direction): 0
Add-S Score: 0
Avg. Euclidean Distance (ADD) ICP: 4.829042225444995e-07
Add Score ICP thres: 4.829042225444995e-07
Add Score ICP thres (xyz direction): 0
Add-S Score ICP: 0
Error [cm]: 1.9213138783467864e-07
Error [deg]: 0.0
T_gt (Ground Truth Transformation):
[[ -0.93013924   0.21393959  -0.29844779  -8.72832565]
 [  0.30425113   0.90406841  -0.3001526    6.21348915]
 [  0.20560269  -0.36998674  -0.90600085 122.09460449]
 [  0.           0.           0.           1.        ]]
T_pred (Predicted Transformation):
[[-7.81266707e-01  5.56266334e-01 -2.83178562e-01 -8.96129843e+00]
 [ 6.23446917e-01  7.17644015e-01 -3.10324039e-01  6.28098528e+00]
 [ 3.05985847e-02 -4.18992642e-01 -9.07473908e-01  1.22091375e+02]
 [ 0.00000000e+00  0.00000000e+00  0.00000000e+00  1.00000000e+00]]
T_pred_ICP (Predicted Transformation from ICP):
[[ -0.93013912   0.21393959  -0.29844776  -8.72832559]
 [  0.30425113   0.90406841  -0.30015257   6.2134892 ]
 [  0.20560267  -0.36998672  -0.90600076 122.09460467]
 [  0.           0.           0.           1.        ]]
