Object ID: 11
Inlier ration of P_pred: 0.3035000264644623
Num. of correspondences: 2000
Avg. Euclidean Distance (ADD) [cm]: 4.135150914596779
Add Score thres: 0
Add Score thres (xyz direction): 0
Add-S Score: 0
Avg. Euclidean Distance (ADD) ICP: 4.1063204019626065
Add Score ICP thres: 4.1063204019626065
Add Score ICP thres (xyz direction): 0
Add-S Score ICP: 0
Error [cm]: 1.363194979726264
Error [deg]: 96.2756855839926
T_gt (Ground Truth Transformation):
[[-7.58933544e-01  6.49819613e-01  4.18908373e-02 -3.74931297e+00]
 [ 4.63595301e-01  5.84374666e-01 -6.66022301e-01  4.80707092e+00]
 [-4.57274228e-01 -4.86046135e-01 -7.44754910e-01  5.82497375e+01]
 [ 0.00000000e+00  0.00000000e+00  0.00000000e+00  1.00000000e+00]]
T_pred (Predicted Transformation):
[[ 0.63939493  0.75663804 -0.13664916 -2.11109276]
 [ 0.30509866 -0.41281333 -0.85819576  4.77642888]
 [-0.70575416  0.50703454 -0.4948     58.30206273]
 [ 0.          0.          0.          1.        ]]
T_pred_ICP (Predicted Transformation from ICP):
[[ 0.6906847   0.70529716 -0.15972028 -2.39597879]
 [ 0.28976799 -0.47228123 -0.83245718  4.96643838]
 [-0.66256257  0.52868361 -0.53056996 58.28700902]
 [ 0.          0.          0.          1.        ]]
