Object ID: 11
Inlier ration of P_pred: 0.22350001335144043
Num. of correspondences: 2000
Avg. Euclidean Distance (ADD) [cm]: 7.55755930599838
Add Score thres: 0
Add Score thres (xyz direction): 0
Add-S Score: 0
Avg. Euclidean Distance (ADD) ICP: 7.336069989296642
Add Score ICP thres: 7.336069989296642
Add Score ICP thres (xyz direction): 0
Add-S Score ICP: 0
Error [cm]: 4.992780587292754
Error [deg]: 129.39604440135278
T_gt (Ground Truth Transformation):
[[-1.80271178e-01  9.20595527e-01 -3.46419215e-01 -8.32202204e-06]
 [ 7.99874425e-01 -6.77667037e-02 -5.96329391e-01  9.90316403e-07]
 [-5.72453797e-01 -3.84592801e-01 -7.24144459e-01  6.02064453e+01]
 [ 0.00000000e+00  0.00000000e+00  0.00000000e+00  1.00000000e+00]]
T_pred (Predicted Transformation):
[[ 9.27932670e-01 -4.26791790e-02 -3.70296432e-01 -1.19171373e+00]
 [-3.71858430e-01 -3.74075502e-02 -9.27535435e-01  2.92644236e+00]
 [ 2.57345685e-02  9.98388283e-01 -5.05823005e-02  5.60928687e+01]
 [ 0.00000000e+00  0.00000000e+00  0.00000000e+00  1.00000000e+00]]
T_pred_ICP (Predicted Transformation from ICP):
[[ 0.92738782 -0.14642116 -0.34425671 -1.0945217 ]
 [-0.35649952 -0.06694813 -0.93189379  2.88892823]
 [ 0.11340162  0.9869543  -0.11428595 56.28420133]
 [ 0.          0.          0.          1.        ]]
