Object ID: 11
Inlier ration of P_pred: 0.3786408007144928
Num. of correspondences: 309
Avg. Euclidean Distance (ADD) [cm]: 6.105916805469645
Add Score thres: 0
Add Score thres (xyz direction): 0
Add-S Score: 0
Avg. Euclidean Distance (ADD) ICP: 6.078088208802331
Add Score ICP thres: 6.078088208802331
Add Score ICP thres (xyz direction): 0
Add-S Score ICP: 0
Error [cm]: 4.90672680391753
Error [deg]: 37.540867485734914
T_gt (Ground Truth Transformation):
[[-8.52193773e-01 -9.22424439e-03 -5.23144782e-01 -3.09760712e+01]
 [ 3.29187095e-01  7.67711878e-01 -5.49776614e-01  5.27782059e+00]
 [ 4.06695753e-01 -6.40728772e-01 -6.51202738e-01  1.55126160e+02]
 [ 0.00000000e+00  0.00000000e+00  0.00000000e+00  1.00000000e+00]]
T_pred (Predicted Transformation):
[[-8.65207903e-01  6.05519895e-02 -4.97743649e-01 -3.04608625e+01]
 [ 5.00001474e-01  1.78631145e-01 -8.47401581e-01  8.16681357e+00]
 [ 3.76006661e-02 -9.82051104e-01 -1.84829162e-01  1.51213990e+02]
 [ 0.00000000e+00  0.00000000e+00  0.00000000e+00  1.00000000e+00]]
T_pred_ICP (Predicted Transformation from ICP):
[[-8.69593496e-01  1.26256907e-02 -4.93606872e-01 -3.05562373e+01]
 [ 4.84010164e-01  2.19556303e-01 -8.47070948e-01  8.30735730e+00]
 [ 9.76796441e-02 -9.75518130e-01 -1.97035696e-01  1.51289284e+02]
 [ 0.00000000e+00  0.00000000e+00  0.00000000e+00  1.00000000e+00]]
