Object ID: 11
Inlier ration of P_pred: 0.15494635701179504
Num. of correspondences: 839
Avg. Euclidean Distance (ADD) [cm]: 5.357363235687253
Add Score thres: 0
Add Score thres (xyz direction): 0
Add-S Score: 0
Avg. Euclidean Distance (ADD) ICP: 5.325732593527413
Add Score ICP thres: 5.325732593527413
Add Score ICP thres (xyz direction): 0
Add-S Score ICP: 0
Error [cm]: 2.004717230346295
Error [deg]: 179.39735663211636
T_gt (Ground Truth Transformation):
[[ 2.25802302e-01 -9.09294188e-01 -3.49567801e-01  3.14548798e+01]
 [-6.60689116e-01  1.20756879e-01 -7.40883231e-01 -2.35822098e+01]
 [ 7.15893447e-01  3.98248821e-01 -5.73493600e-01  1.40548218e+02]
 [ 0.00000000e+00  0.00000000e+00  0.00000000e+00  1.00000000e+00]]
T_pred (Predicted Transformation):
[[-3.32513812e-01  9.15113736e-01 -2.28038187e-01  3.07532731e+01]
 [ 4.50793127e-01 -5.81631044e-02 -8.90731503e-01 -2.27022008e+01]
 [-8.28384042e-01 -3.98978575e-01 -3.93186947e-01  1.38831995e+02]
 [ 0.00000000e+00  0.00000000e+00  0.00000000e+00  1.00000000e+00]]
T_pred_ICP (Predicted Transformation from ICP):
[[-3.10394513e-01  9.17250950e-01 -2.49611579e-01  3.08314006e+01]
 [ 4.58572061e-01 -8.55285375e-02 -8.84531817e-01 -2.27645351e+01]
 [-8.32686563e-01 -3.89018719e-01 -3.94078070e-01  1.38827296e+02]
 [ 0.00000000e+00  0.00000000e+00  0.00000000e+00  1.00000000e+00]]
