Object ID: 11
Inlier ration of P_pred: 0.21801665425300598
Num. of correspondences: 1321
Avg. Euclidean Distance (ADD) [cm]: 7.938897420898694
Add Score thres: 0
Add Score thres (xyz direction): 0
Add-S Score: 0
Avg. Euclidean Distance (ADD) ICP: 7.852955791965527
Add Score ICP thres: 7.852955791965527
Add Score ICP thres (xyz direction): 0
Add-S Score ICP: 0
Error [cm]: 5.795163121490278
Error [deg]: 74.92393616996354
T_gt (Ground Truth Transformation):
[[-4.98299301e-01 -8.66661370e-01  2.44201124e-02 -1.11478903e-06]
 [-8.57624888e-01  4.88580137e-01 -1.60527676e-01  4.06562467e-06]
 [ 1.27191931e-01 -1.00934088e-01 -9.86729503e-01  6.94833984e+01]
 [ 0.00000000e+00  0.00000000e+00  0.00000000e+00  1.00000000e+00]]
T_pred (Predicted Transformation):
[[-0.51780415 -0.45821156 -0.72244102 -4.93357411]
 [ 0.15361662  0.7809414  -0.60541925  1.1569513 ]
 [ 0.8415942  -0.42446755 -0.33398578 66.60396073]
 [ 0.          0.          0.          1.        ]]
T_pred_ICP (Predicted Transformation from ICP):
[[-0.49934067 -0.48215048 -0.71985401 -4.96751937]
 [ 0.11071352  0.78853062 -0.60494791  1.18083263]
 [ 0.85930286 -0.38177267 -0.34036483 66.7423545 ]
 [ 0.          0.          0.          1.        ]]
