Object ID: 11
Inlier ration of P_pred: 0.44714173674583435
Num. of correspondences: 1277
Avg. Euclidean Distance (ADD) [cm]: 0.8880286524746416
Add Score thres: 1
Add Score thres (xyz direction): 0
Add-S Score: 0
Avg. Euclidean Distance (ADD) ICP: 4.12692161256032e-07
Add Score ICP thres: 4.12692161256032e-07
Add Score ICP thres (xyz direction): 0
Add-S Score ICP: 0
Error [cm]: 1.6993862892639414e-07
Error [deg]: 0.0
T_gt (Ground Truth Transformation):
[[-9.89659369e-01  1.28582463e-01 -6.35690540e-02 -2.01360580e+01]
 [ 1.42994523e-01  9.19244051e-01 -3.66801023e-01 -2.94740295e+00]
 [ 1.12712923e-02 -3.72098058e-01 -9.28125083e-01  8.50379028e+01]
 [ 0.00000000e+00  0.00000000e+00  0.00000000e+00  1.00000000e+00]]
T_pred (Predicted Transformation):
[[-9.73430922e-01 -2.13407683e-01 -8.30024110e-02 -1.99910424e+01]
 [-1.66140131e-01  9.07697541e-01 -3.85334440e-01 -2.82198322e+00]
 [ 1.57574414e-01 -3.61306428e-01 -9.19036435e-01  8.52566348e+01]
 [ 0.00000000e+00  0.00000000e+00  0.00000000e+00  1.00000000e+00]]
T_pred_ICP (Predicted Transformation from ICP):
[[-9.89659298e-01  1.28582461e-01 -6.35690482e-02 -2.01360580e+01]
 [ 1.42994514e-01  9.19244038e-01 -3.66800992e-01 -2.94740290e+00]
 [ 1.12712945e-02 -3.72098037e-01 -9.28124996e-01  8.50379030e+01]
 [ 0.00000000e+00  0.00000000e+00  0.00000000e+00  1.00000000e+00]]
