Object ID: 11
Inlier ration of P_pred: 0.1358024626970291
Num. of correspondences: 486
Avg. Euclidean Distance (ADD) [cm]: 3.8278381511580655
Add Score thres: 0
Add Score thres (xyz direction): 0
Add-S Score: 0
Avg. Euclidean Distance (ADD) ICP: 3.9756012424817304
Add Score ICP thres: 3.9756012424817304
Add Score ICP thres (xyz direction): 0
Add-S Score ICP: 0
Error [cm]: 1.0002831647031813
Error [deg]: 102.26053094325368
T_gt (Ground Truth Transformation):
[[-2.13513076e-01 -9.72186208e-01 -9.62607935e-02  4.74729614e+00]
 [-9.43917215e-01  2.30694011e-01 -2.36221448e-01 -2.67329865e+01]
 [ 2.51858026e-01  4.04258519e-02 -9.66919482e-01  1.43954492e+02]
 [ 0.00000000e+00  0.00000000e+00  0.00000000e+00  1.00000000e+00]]
T_pred (Predicted Transformation):
[[ 9.42751359e-01 -3.17406697e-01  1.02337009e-01  3.23430493e+00]
 [-3.08443015e-01 -9.46551095e-01 -9.43606419e-02 -2.74445117e+01]
 [ 1.26817907e-01  5.73934880e-02 -9.90264210e-01  1.44143898e+02]
 [ 0.00000000e+00  0.00000000e+00  0.00000000e+00  1.00000000e+00]]
T_pred_ICP (Predicted Transformation from ICP):
[[ 9.98609423e-01 -1.26722081e-02  5.11725978e-02  3.90565760e+00]
 [-6.80848614e-03 -9.93551705e-01 -1.13175329e-01 -2.72702864e+01]
 [ 5.22768031e-02  1.12669542e-01 -9.92256373e-01  1.44013819e+02]
 [ 0.00000000e+00  0.00000000e+00  0.00000000e+00  1.00000000e+00]]
