Object ID: 11
Inlier ration of P_pred: 0.2512873411178589
Num. of correspondences: 971
Avg. Euclidean Distance (ADD) [cm]: 5.482028378440308
Add Score thres: 0
Add Score thres (xyz direction): 0
Add-S Score: 0
Avg. Euclidean Distance (ADD) ICP: 5.372324597823404
Add Score ICP thres: 5.372324597823404
Add Score ICP thres (xyz direction): 0
Add-S Score ICP: 0
Error [cm]: 2.250662931394713
Error [deg]: 146.771866890357
T_gt (Ground Truth Transformation):
[[ -0.39846289  -0.89738935   0.18952546 -23.78968964]
 [ -0.77684855   0.22036108  -0.58987069  23.27472839]
 [  0.48757955  -0.38227409  -0.78494138  99.69656982]
 [  0.           0.           0.           1.        ]]
T_pred (Predicted Transformation):
[[-2.40912314e-01  9.70301727e-01  2.18132048e-02 -2.30883573e+01]
 [ 9.58943645e-01  2.41436947e-01 -1.48779318e-01  2.53462969e+01]
 [-1.49627343e-01 -1.49251358e-02 -9.88629809e-01  9.86304486e+01]
 [ 0.00000000e+00  0.00000000e+00  0.00000000e+00  1.00000000e+00]]
T_pred_ICP (Predicted Transformation from ICP):
[[-2.29002264e-01  9.72875381e-01  3.27330932e-02 -2.30484718e+01]
 [ 9.54396992e-01  2.31015062e-01 -1.89098978e-01  2.52203619e+01]
 [-1.91531578e-01 -1.20637285e-02 -9.81412309e-01  9.88418242e+01]
 [ 0.00000000e+00  0.00000000e+00  0.00000000e+00  1.00000000e+00]]
