Object ID: 11
Inlier ration of P_pred: 0.2950138449668884
Num. of correspondences: 722
Avg. Euclidean Distance (ADD) [cm]: 3.1687507120995155
Add Score thres: 0
Add Score thres (xyz direction): 0
Add-S Score: 0
Avg. Euclidean Distance (ADD) ICP: 2.50804762805971
Add Score ICP thres: 2.50804762805971
Add Score ICP thres (xyz direction): 0
Add-S Score ICP: 0
Error [cm]: 0.7820164812416963
Error [deg]: 58.15977360577916
T_gt (Ground Truth Transformation):
[[-2.42331728e-01  9.60985065e-01  1.33353561e-01 -2.77735235e-06]
 [ 8.78424406e-01  2.75679886e-01 -3.90347570e-01  1.16082068e-05]
 [-4.11881089e-01  2.25474387e-02 -9.10958707e-01  1.17402075e+02]
 [ 0.00000000e+00  0.00000000e+00  0.00000000e+00  1.00000000e+00]]
T_pred (Predicted Transformation):
[[ 8.13870954e-01  5.63286562e-01  1.42556371e-01 -5.43806991e-01]
 [ 5.80950154e-01 -7.93314481e-01 -1.82068812e-01 -1.31812738e+00]
 [ 1.05351177e-02  2.30998663e-01 -9.72897029e-01  1.17517279e+02]
 [ 0.00000000e+00  0.00000000e+00  0.00000000e+00  1.00000000e+00]]
T_pred_ICP (Predicted Transformation from ICP):
[[ 6.56490204e-01  7.34955696e-01  1.69884479e-01 -1.52936410e-01]
 [ 7.51601522e-01 -6.18153929e-01 -2.30175741e-01 -7.39200796e-01]
 [-6.41542139e-02  2.78793552e-01 -9.58205819e-01  1.17606345e+02]
 [ 0.00000000e+00  0.00000000e+00  0.00000000e+00  1.00000000e+00]]
