Object ID: 6
Inlier ration of P_pred: 0.4285714328289032
Num. of correspondences: 539
Avg. Euclidean Distance (ADD) [cm]: 2.744330901671135
Add Score thres: 0
Add Score thres (xyz direction): 0.6666666666666666
Add-S Score: 1.0
Avg. Euclidean Distance (ADD) ICP: 2.7324195962297324
Add Score ICP thres: 2.7324195962297324
Add Score ICP thres (xyz direction): 0.6666666666666666
Add-S Score ICP: 1.0
Error [cm]: 1.8341466525969232
Error [deg]: 28.639916801849257
T_gt (Ground Truth Transformation):
[[  0.7500873   -0.49341049  -0.44050289  45.45159619]
 [ -0.63912773  -0.36907989  -0.67484972 -10.65973814]
 [  0.17039966   0.78769071  -0.59215027 119.99676177]
 [  0.           0.           0.           1.        ]]
T_pred (Predicted Transformation):
[[  0.56880729  -0.81254385  -0.12740001  44.68037751]
 [ -0.58580164  -0.29151265  -0.75621215  -9.64078988]
 [  0.57731681   0.50477012  -0.64180404 121.35091829]
 [  0.           0.           0.           1.        ]]
T_pred_ICP (Predicted Transformation from ICP):
[[ 5.88537471e-01 -8.01304923e-01 -1.07396768e-01  4.46319723e+01]
 [-5.70067121e-01 -3.17115738e-01 -7.57932112e-01 -9.69445616e+00]
 [ 5.73277527e-01  5.07294814e-01 -6.43432085e-01  1.21323616e+02]
 [ 0.00000000e+00  0.00000000e+00  0.00000000e+00  1.00000000e+00]]
