Object ID: 11
Inlier ration of P_pred: 0.0
Num. of correspondences: 201
Avg. Euclidean Distance (ADD) [cm]: 10.315495136563776
Add Score thres: 0
Add Score thres (xyz direction): 0.0
Add-S Score: 0.6666666666666666
Avg. Euclidean Distance (ADD) ICP: 10.213567704361195
Add Score ICP thres: 10.213567704361195
Add Score ICP thres (xyz direction): 0.0
Add-S Score ICP: 0.6666666666666666
Error [cm]: 6.448035836757211
Error [deg]: 107.51669571466931
T_gt (Ground Truth Transformation):
[[ 9.95312770e-01  3.25833200e-02  9.15303000e-02 -2.57025425e+01]
 [ 5.56402800e-02 -9.63453820e-01 -2.62163780e-01  2.82163510e+01]
 [ 7.96457200e-02  2.66013390e-01 -9.60712480e-01  8.68090802e+01]
 [ 0.00000000e+00  0.00000000e+00  0.00000000e+00  1.00000000e+00]]
T_pred (Predicted Transformation):
[[ 3.59801122e-01 -1.10205883e-02  9.32963933e-01 -3.13365500e+01]
 [-9.06469409e-01 -2.41012529e-01  3.46736459e-01  2.50469525e+01]
 [ 2.21034757e-01 -9.70459431e-01 -9.67064044e-02  8.73583497e+01]
 [ 0.00000000e+00  0.00000000e+00  0.00000000e+00  1.00000000e+00]]
T_pred_ICP (Predicted Transformation from ICP):
[[ 3.37016904e-01 -4.03164632e-02  9.40634992e-01 -3.13537936e+01]
 [-9.15756137e-01 -2.46066149e-01  3.17556527e-01  2.51967760e+01]
 [ 2.18655674e-01 -9.68414185e-01 -1.19848500e-01  8.75320561e+01]
 [ 0.00000000e+00  0.00000000e+00  0.00000000e+00  1.00000000e+00]]
