Object ID: 6
Inlier ration of P_pred: 0.7181425094604492
Num. of correspondences: 926
Avg. Euclidean Distance (ADD) [cm]: 2.273153076849922
Add Score thres: 0
Add Score thres (xyz direction): 0.6666666666666666
Add-S Score: 1.0
Avg. Euclidean Distance (ADD) ICP: 1.2156682415703244
Add Score ICP thres: 1.2156682415703244
Add Score ICP thres (xyz direction): 1.0
Add-S Score ICP: 1.0
Error [cm]: 0.5679839877637678
Error [deg]: 13.210583799002341
T_gt (Ground Truth Transformation):
[[ 3.40389900e-01 -9.36531520e-01 -8.46736100e-02  1.17213288e+01]
 [-9.08838740e-01 -3.04524000e-01 -2.85350880e-01 -2.04700991e+01]
 [ 2.41448190e-01  1.74084150e-01 -9.54731700e-01  1.22116559e+02]
 [ 0.00000000e+00  0.00000000e+00  0.00000000e+00  1.00000000e+00]]
T_pred (Predicted Transformation):
[[ 3.75549126e-01 -9.18356996e-01  1.24833014e-01  1.05062385e+01]
 [-7.91134147e-01 -3.87815135e-01 -4.72975881e-01 -1.95568197e+01]
 [ 4.82772841e-01  7.88660184e-02 -8.72187213e-01  1.22882532e+02]
 [ 0.00000000e+00  0.00000000e+00  0.00000000e+00  1.00000000e+00]]
T_pred_ICP (Predicted Transformation from ICP):
[[ 4.51100082e-01 -8.87682403e-01  9.23507876e-02  1.13789402e+01]
 [-8.14227622e-01 -4.51711604e-01 -3.64677949e-01 -2.00343870e+01]
 [ 3.65434120e-01  8.93116903e-02 -9.26542673e-01  1.22241181e+02]
 [ 0.00000000e+00  0.00000000e+00  0.00000000e+00  1.00000000e+00]]
