Object ID: 8
Inlier ration of P_pred: 0.0
Num. of correspondences: 26
Avg. Euclidean Distance (ADD) [cm]: 16.334954126846572
Add Score thres: 0
Add Score thres (xyz direction): 0.0
Add-S Score: 0.6666666666666666
Avg. Euclidean Distance (ADD) ICP: 16.32888354629357
Add Score ICP thres: 16.32888354629357
Add Score ICP thres (xyz direction): 0.0
Add-S Score ICP: 0.6666666666666666
Error [cm]: 13.805336188152014
Error [deg]: 106.6055537719944
T_gt (Ground Truth Transformation):
[[ 5.45106900e-01  8.37095530e-01 -4.70118700e-02 -1.36855129e+01]
 [ 5.78836410e-01 -4.16319890e-01 -7.01227670e-01 -1.52519297e+00]
 [-6.06530360e-01  3.55006740e-01 -7.11460190e-01  9.04267031e+01]
 [ 0.00000000e+00  0.00000000e+00  0.00000000e+00  1.00000000e+00]]
T_pred (Predicted Transformation):
[[ 4.79718008e-01 -5.31221784e-01  6.98336630e-01 -2.34122031e+01]
 [-7.84500978e-04 -7.96154672e-01 -6.05092656e-01 -4.38716392e+00]
 [ 8.77422371e-01  2.89725998e-01 -3.82346477e-01  8.11312526e+01]
 [ 0.00000000e+00  0.00000000e+00  0.00000000e+00  1.00000000e+00]]
T_pred_ICP (Predicted Transformation from ICP):
[[ 4.93770566e-01 -5.18586540e-01  6.98039131e-01 -2.34944018e+01]
 [ 2.50991354e-02 -7.93886521e-01 -6.07547714e-01 -4.51064609e+00]
 [ 8.69229925e-01  3.17509357e-01 -3.78981723e-01  8.11822413e+01]
 [ 0.00000000e+00  0.00000000e+00  0.00000000e+00  1.00000000e+00]]
