Object ID: 11
Inlier ration of P_pred: 0.0
Num. of correspondences: 297
Avg. Euclidean Distance (ADD) [cm]: 4.974577850480797
Add Score thres: 0
Add Score thres (xyz direction): 0.0
Add-S Score: 1.0
Avg. Euclidean Distance (ADD) ICP: 4.738658204259512
Add Score ICP thres: 4.738658204259512
Add Score ICP thres (xyz direction): 0.0
Add-S Score ICP: 1.0
Error [cm]: 3.563158345842563
Error [deg]: 57.76074071794528
T_gt (Ground Truth Transformation):
[[  0.279324   0.950295   0.138644 -18.856   ]
 [  0.913598  -0.218457  -0.343294  -4.54727 ]
 [ -0.295906   0.222531  -0.929023 105.163   ]
 [  0.         0.         0.         1.      ]]
T_pred (Predicted Transformation):
[[ 8.08212564e-01  3.55696566e-01  4.69331869e-01 -2.17958614e+01]
 [ 4.13193492e-01 -9.10387612e-01 -2.15762556e-02 -5.49782609e+00]
 [ 4.19599319e-01  2.11363075e-01 -8.82758212e-01  1.07135586e+02]
 [ 0.00000000e+00  0.00000000e+00  0.00000000e+00  1.00000000e+00]]
T_pred_ICP (Predicted Transformation from ICP):
[[ 8.17431462e-01  3.95260848e-01  4.19016309e-01 -2.17241974e+01]
 [ 4.50571450e-01 -8.91947784e-01 -3.76100916e-02 -5.42528785e+00]
 [ 3.58874872e-01  2.19540458e-01 -9.07199434e-01  1.07086181e+02]
 [ 0.00000000e+00  0.00000000e+00  0.00000000e+00  1.00000000e+00]]
