Object ID: 11
Inlier ration of P_pred: 0.2280219942331314
Num. of correspondences: 1820
Avg. Euclidean Distance (ADD) [cm]: 10.774790010875122
Add Score thres: 0
Add Score thres (xyz direction): 0.0
Add-S Score: 1.0
Avg. Euclidean Distance (ADD) ICP: 10.57598776778539
Add Score ICP thres: 10.57598776778539
Add Score ICP thres (xyz direction): 0.0
Add-S Score ICP: 1.0
Error [cm]: 6.105791348814718
Error [deg]: 151.41826326303158
T_gt (Ground Truth Transformation):
[[ 2.38976950e-01  9.70890110e-01 -2.38145400e-02 -7.72225221e-01]
 [ 8.30985550e-01 -2.17120370e-01 -5.12394210e-01 -1.43922452e+01]
 [-5.02590600e-01  1.02641930e-01 -8.58511710e-01  1.10075075e+02]
 [ 0.00000000e+00  0.00000000e+00  0.00000000e+00  1.00000000e+00]]
T_pred (Predicted Transformation):
[[-4.15681709e-01 -8.16304092e-01 -4.01069005e-01  4.07211626e-01]
 [ 6.85443383e-01  8.67536609e-03 -7.28074246e-01 -1.27470879e+01]
 [ 5.97809406e-01 -5.77557242e-01  5.55924047e-01  1.04161066e+02]
 [ 0.00000000e+00  0.00000000e+00  0.00000000e+00  1.00000000e+00]]
T_pred_ICP (Predicted Transformation from ICP):
[[-4.45142692e-01 -7.99191232e-01 -4.03907611e-01  3.79814047e-01]
 [ 6.57246858e-01  1.47502585e-02 -7.53531019e-01 -1.26761166e+01]
 [ 6.08173125e-01 -6.00895835e-01  5.18699957e-01  1.04329782e+02]
 [ 0.00000000e+00  0.00000000e+00  0.00000000e+00  1.00000000e+00]]
