Object ID: 6
Inlier ration of P_pred: 0.0
Num. of correspondences: 23
Avg. Euclidean Distance (ADD) [cm]: 8.290908890522353
Add Score thres: 0
Add Score thres (xyz direction): 0.0
Add-S Score: 1.0
Avg. Euclidean Distance (ADD) ICP: 8.270345107406262
Add Score ICP thres: 8.270345107406262
Add Score ICP thres (xyz direction): 0.0
Add-S Score ICP: 1.0
Error [cm]: 4.267964174508073
Error [deg]: 106.72243707192378
T_gt (Ground Truth Transformation):
[[-3.85946760e-01 -9.07965180e-01  1.64109860e-01 -8.50323030e+00]
 [-6.00410790e-01  1.12021140e-01 -7.91933020e-01 -2.92991026e+01]
 [ 7.00607190e-01 -4.04112780e-01 -5.88341310e-01  1.13778772e+02]
 [ 0.00000000e+00  0.00000000e+00  0.00000000e+00  1.00000000e+00]]
T_pred (Predicted Transformation):
[[ 3.84488227e-01 -1.40291581e-01  9.12407297e-01 -1.08404567e+01]
 [-8.29202209e-01  3.81891593e-01  4.08145204e-01 -3.16443384e+01]
 [-4.05700012e-01 -9.13497172e-01  3.05027329e-02  1.16464633e+02]
 [ 0.00000000e+00  0.00000000e+00  0.00000000e+00  1.00000000e+00]]
T_pred_ICP (Predicted Transformation from ICP):
[[ 3.71688382e-01 -1.44971925e-01  9.16968313e-01 -1.08163232e+01]
 [-8.29136640e-01  3.92456713e-01  3.98133345e-01 -3.16160771e+01]
 [-4.17588528e-01 -9.08273565e-01  2.56700660e-02  1.16516792e+02]
 [ 0.00000000e+00  0.00000000e+00  0.00000000e+00  1.00000000e+00]]
