Object ID: 11
Inlier ration of P_pred: 0.0
Num. of correspondences: 172
Avg. Euclidean Distance (ADD) [cm]: 11.463265987089175
Add Score thres: 0
Add Score thres (xyz direction): 0.0
Add-S Score: 0.6666666666666666
Avg. Euclidean Distance (ADD) ICP: 11.439058073049111
Add Score ICP thres: 11.439058073049111
Add Score ICP thres (xyz direction): 0.0
Add-S Score ICP: 0.6666666666666666
Error [cm]: 5.76346953194118
Error [deg]: 164.92584934916866
T_gt (Ground Truth Transformation):
[[ 7.14924990e-01  6.99185090e-01 -1.05495100e-02 -6.31188118e+01]
 [ 2.21895520e-01 -2.41142160e-01 -9.44821970e-01  1.23953581e+01]
 [-6.63123010e-01  6.73096180e-01 -3.27528370e-01  1.08866428e+02]
 [ 0.00000000e+00  0.00000000e+00  0.00000000e+00  1.00000000e+00]]
T_pred (Predicted Transformation):
[[-7.43608402e-01  3.81840668e-01 -5.48857221e-01 -5.75358097e+01]
 [-5.09150800e-01  2.08684229e-01  8.34994824e-01  1.11199668e+01]
 [ 4.33372827e-01  9.00360260e-01  3.92351350e-02  1.10065012e+02]
 [ 0.00000000e+00  0.00000000e+00  0.00000000e+00  1.00000000e+00]]
T_pred_ICP (Predicted Transformation from ICP):
[[-7.62748267e-01  3.91051058e-01 -5.15067133e-01 -5.76624507e+01]
 [-4.68870107e-01  2.14139399e-01  8.56916064e-01  1.10254628e+01]
 [ 4.45394099e-01  8.95110824e-01  2.00176960e-02  1.10119062e+02]
 [ 0.00000000e+00  0.00000000e+00  0.00000000e+00  1.00000000e+00]]
