Object ID: 12
Inlier ration of P_pred: 0.8198198676109314
Num. of correspondences: 444
Avg. Euclidean Distance (ADD) [cm]: 1.6862532137532074
Add Score thres: 0
Add Score thres (xyz direction): 1.0
Add-S Score: 1.0
Avg. Euclidean Distance (ADD) ICP: 1.0076311993100344
Add Score ICP thres: 1.0076311993100344
Add Score ICP thres (xyz direction): 1.0
Add-S Score ICP: 1.0
Error [cm]: 0.6117852542753669
Error [deg]: 10.001865675318912
T_gt (Ground Truth Transformation):
[[ 6.60934e-01  7.50371e-01 -1.79572e-02  1.62207e+01]
 [ 6.74471e-01 -6.04271e-01 -4.24393e-01 -9.72542e+00]
 [-3.29271e-01  2.68358e-01 -9.05385e-01  8.11906e+01]
 [ 0.00000e+00  0.00000e+00  0.00000e+00  1.00000e+00]]
T_pred (Predicted Transformation):
[[ 5.32392168e-01  8.40666524e-01 -9.91885815e-02  1.67104325e+01]
 [ 8.10891110e-01 -5.40111612e-01 -2.25244433e-01 -1.06579132e+01]
 [-2.42928359e-01  3.94872329e-02 -9.69240203e-01  8.12967164e+01]
 [ 0.00000000e+00  0.00000000e+00  0.00000000e+00  1.00000000e+00]]
T_pred_ICP (Predicted Transformation from ICP):
[[ 5.27144136e-01  8.47571090e-01 -6.11744054e-02  1.67005634e+01]
 [ 7.67094234e-01 -5.05593746e-01 -3.94894164e-01 -1.00769050e+01]
 [-3.65630274e-01  1.61239609e-01 -9.16687674e-01  8.13336755e+01]
 [ 0.00000000e+00  0.00000000e+00  0.00000000e+00  1.00000000e+00]]
