Object ID: 5
Inlier ration of P_pred: 0.8222591280937195
Num. of correspondences: 602
Avg. Euclidean Distance (ADD) [cm]: 9.96046718412728
Add Score thres: 0
Add Score thres (xyz direction): 0.0
Add-S Score: 1.0
Avg. Euclidean Distance (ADD) ICP: 9.893390912234004
Add Score ICP thres: 9.893390912234004
Add Score ICP thres (xyz direction): 0.0
Add-S Score ICP: 1.0
Error [cm]: 1.6188680695812327
Error [deg]: 180.0
T_gt (Ground Truth Transformation):
[[  0.94532754   0.31782707   0.0733068  -16.64565751]
 [  0.31493282  -0.83091895  -0.45872465 -10.36782232]
 [ -0.0848783    0.45671853  -0.88557055  68.62951686]
 [  0.           0.           0.           1.        ]]
T_pred (Predicted Transformation):
[[-9.02107490e-01 -4.28800749e-01  4.82907188e-02 -1.57995912e+01]
 [-3.60016956e-01  6.86220240e-01 -6.32051876e-01 -1.06452828e+01]
 [ 2.37886249e-01 -5.87564209e-01 -7.73419959e-01  6.89888520e+01]
 [ 0.00000000e+00  0.00000000e+00  0.00000000e+00  1.00000000e+00]]
T_pred_ICP (Predicted Transformation from ICP):
[[ -0.94490422  -0.31848715   0.07564358 -16.08706242]
 [ -0.31541463   0.82399705  -0.47068298 -11.69187759]
 [  0.0875764   -0.46860943  -0.8790538   69.37489125]
 [  0.           0.           0.           1.        ]]
