Object ID: 11
Inlier ration of P_pred: 0.0
Num. of correspondences: 134
Avg. Euclidean Distance (ADD) [cm]: 4.646386774894803
Add Score thres: 0
Add Score thres (xyz direction): 0.0
Add-S Score: 1.0
Avg. Euclidean Distance (ADD) ICP: 4.623110917472201
Add Score ICP thres: 4.623110917472201
Add Score ICP thres (xyz direction): 0.0
Add-S Score ICP: 1.0
Error [cm]: 1.847707161721027
Error [deg]: 94.78150750070111
T_gt (Ground Truth Transformation):
[[ 5.72345120e-01  7.59986450e-01  3.08422650e-01  7.19619222e+00]
 [ 3.90387190e-01  7.83397700e-02 -9.17405980e-01 -1.40534346e+00]
 [-7.21291870e-01  6.45435620e-01 -2.51793590e-01  9.97470302e+01]
 [ 0.00000000e+00  0.00000000e+00  0.00000000e+00  1.00000000e+00]]
T_pred (Predicted Transformation):
[[-0.82850643  0.34604135  0.4402641   5.97116925]
 [ 0.10298659  0.86696267 -0.48761613 -0.70392632]
 [-0.55042788 -0.3586518  -0.75392177 98.50485983]
 [ 0.          0.          0.          1.        ]]
T_pred_ICP (Predicted Transformation from ICP):
[[-8.28759807e-01  3.46780301e-01  4.39204514e-01  5.94097928e+00]
 [ 9.54936901e-02  8.60974989e-01 -4.99602866e-01 -7.38764285e-01]
 [-5.51396534e-01 -3.72109515e-01 -7.46656796e-01  9.85662955e+01]
 [ 0.00000000e+00  0.00000000e+00  0.00000000e+00  1.00000000e+00]]
