Object ID: 6
Inlier ration of P_pred: 0.0
Num. of correspondences: 43
Avg. Euclidean Distance (ADD) [cm]: 10.028718522489283
Add Score thres: 0
Add Score thres (xyz direction): 0.0
Add-S Score: 1.0
Avg. Euclidean Distance (ADD) ICP: 10.06109614928451
Add Score ICP thres: 10.06109614928451
Add Score ICP thres (xyz direction): 0.0
Add-S Score ICP: 1.0
Error [cm]: 7.340102726385286
Error [deg]: 172.80593370831986
T_gt (Ground Truth Transformation):
[[  0.41669618  -0.88985035  -0.18650125  20.68868907]
 [ -0.68875935  -0.17508862  -0.70369905 -18.56727134]
 [  0.59352739   0.42162432  -0.68575507 123.63973509]
 [  0.           0.           0.           1.        ]]
T_pred (Predicted Transformation):
[[-3.81274832e-02  7.96939167e-01  6.02855089e-01  2.35944645e+01]
 [-6.43347961e-02  6.00084455e-01 -7.97345396e-01 -1.30211616e+01]
 [-9.97199744e-01 -6.91853324e-02  2.83912088e-02  1.27396692e+02]
 [ 0.00000000e+00  0.00000000e+00  0.00000000e+00  1.00000000e+00]]
T_pred_ICP (Predicted Transformation from ICP):
[[-7.42719114e-02  8.02013760e-01  5.92669901e-01  2.36414881e+01]
 [-5.95724668e-02  5.89681764e-01 -8.05435620e-01 -1.30382705e+01]
 [-9.95457083e-01 -9.51280511e-02  3.98114636e-03  1.27459190e+02]
 [ 0.00000000e+00  0.00000000e+00  0.00000000e+00  1.00000000e+00]]
