Object ID: 8
Inlier ration of P_pred: 0.37926676869392395
Num. of correspondences: 791
Avg. Euclidean Distance (ADD) [cm]: 6.797096964479998
Add Score thres: 0
Add Score thres (xyz direction): 0.3333333333333333
Add-S Score: 1.0
Avg. Euclidean Distance (ADD) ICP: 6.788996384701047
Add Score ICP thres: 6.788996384701047
Add Score ICP thres (xyz direction): 0.3333333333333333
Add-S Score ICP: 1.0
Error [cm]: 2.7478772012675616
Error [deg]: 64.0366566509251
T_gt (Ground Truth Transformation):
[[ 9.86301660e-01  1.49911930e-01  6.99911100e-02  5.13097894e+00]
 [ 1.63902960e-01 -9.42893480e-01 -2.90338550e-01 -1.93840787e+01]
 [ 2.24675400e-02  2.97804080e-01 -9.54449550e-01  9.71169692e+01]
 [ 0.00000000e+00  0.00000000e+00  0.00000000e+00  1.00000000e+00]]
T_pred (Predicted Transformation):
[[ 3.43025434e-01  9.29990078e-01  1.32106044e-01  3.80950733e+00]
 [ 9.11909038e-01 -3.63434513e-01  1.90623351e-01 -2.17838255e+01]
 [ 2.25289721e-01  5.50800374e-02 -9.72733638e-01  9.71927523e+01]
 [ 0.00000000e+00  0.00000000e+00  0.00000000e+00  1.00000000e+00]]
T_pred_ICP (Predicted Transformation from ICP):
[[ 3.40465144e-01  9.28802826e-01  1.46317447e-01  3.75103963e+00]
 [ 9.11955989e-01 -3.64086860e-01  1.89148174e-01 -2.17517395e+01]
 [ 2.28953619e-01  6.90367121e-02 -9.70986186e-01  9.73189069e+01]
 [ 0.00000000e+00  0.00000000e+00  0.00000000e+00  1.00000000e+00]]
