Object ID: 5
Inlier ration of P_pred: 0.9597700834274292
Num. of correspondences: 174
Avg. Euclidean Distance (ADD) [cm]: 13.871178365976233
Add Score thres: 0
Add Score thres (xyz direction): 0.0
Add-S Score: 1.0
Avg. Euclidean Distance (ADD) ICP: 13.604749912552121
Add Score ICP thres: 13.604749912552121
Add Score ICP thres (xyz direction): 0.0
Add-S Score ICP: 1.0
Error [cm]: 10.876003982611001
Error [deg]: 143.62371888401384
T_gt (Ground Truth Transformation):
[[ 9.53807880e-01  9.59419300e-02 -2.84754720e-01  2.48896418e+01]
 [-2.55424880e-01 -2.40267880e-01 -9.36515580e-01  3.43031744e+00]
 [-1.58264400e-01  9.65976880e-01 -2.04659230e-01  9.76449650e+01]
 [ 0.00000000e+00  0.00000000e+00  0.00000000e+00  1.00000000e+00]]
T_pred (Predicted Transformation):
[[-2.87302282e-01  8.35974778e-01 -4.67550606e-01  2.75746770e+01]
 [ 9.55192398e-01  2.13787639e-01 -2.04700583e-01 -4.45941335e+00]
 [-7.11679842e-02 -5.05411729e-01 -8.59938429e-01  1.05184192e+02]
 [ 0.00000000e+00  0.00000000e+00  0.00000000e+00  1.00000000e+00]]
T_pred_ICP (Predicted Transformation from ICP):
[[-3.92120048e-01  7.63203412e-01 -5.13578057e-01  2.80856523e+01]
 [ 9.19471172e-01  3.07842597e-01 -2.44552037e-01 -4.08801137e+00]
 [-2.85417464e-02 -5.68113974e-01 -8.22454790e-01  1.04824638e+02]
 [ 0.00000000e+00  0.00000000e+00  0.00000000e+00  1.00000000e+00]]
