Object ID: 6
Inlier ration of P_pred: 0.3154362440109253
Num. of correspondences: 447
Avg. Euclidean Distance (ADD) [cm]: 5.0286987548386035
Add Score thres: 0
Add Score thres (xyz direction): 0.3333333333333333
Add-S Score: 1.0
Avg. Euclidean Distance (ADD) ICP: 4.982645585140083
Add Score ICP thres: 4.982645585140083
Add Score ICP thres (xyz direction): 0.3333333333333333
Add-S Score ICP: 1.0
Error [cm]: 3.047169740123386
Error [deg]: 42.29312772240345
T_gt (Ground Truth Transformation):
[[ 8.36258290e-01 -3.56313460e-01 -4.16948620e-01  4.17366482e+01]
 [-5.48445900e-01 -5.35817530e-01 -6.42052970e-01 -1.08631830e+01]
 [ 5.37351000e-03  7.65552690e-01 -6.43451020e-01  1.13411295e+02]
 [ 0.00000000e+00  0.00000000e+00  0.00000000e+00  1.00000000e+00]]
T_pred (Predicted Transformation):
[[ 8.97829644e-01  1.57653906e-01 -4.11153471e-01  4.12949531e+01]
 [-4.02201448e-01 -8.65141668e-02 -9.11454494e-01 -9.69096978e+00]
 [-1.79264961e-01  9.83697385e-01 -1.42663543e-02  1.10553834e+02]
 [ 0.00000000e+00  0.00000000e+00  0.00000000e+00  1.00000000e+00]]
T_pred_ICP (Predicted Transformation from ICP):
[[ 9.04410192e-01  1.40168475e-01 -4.02982635e-01  4.13711573e+01]
 [-3.96601004e-01 -7.20741643e-02 -9.15157341e-01 -9.74385183e+00]
 [-1.57320845e-01  9.87500944e-01 -9.59365093e-03  1.10600823e+02]
 [ 0.00000000e+00  0.00000000e+00  0.00000000e+00  1.00000000e+00]]
