Object ID: 6
Inlier ration of P_pred: 0.125
Num. of correspondences: 48
Avg. Euclidean Distance (ADD) [cm]: 7.6389782332096825
Add Score thres: 0
Add Score thres (xyz direction): 0.0
Add-S Score: 1.0
Avg. Euclidean Distance (ADD) ICP: 7.635178667269672
Add Score ICP thres: 7.635178667269672
Add Score ICP thres (xyz direction): 0.0
Add-S Score ICP: 1.0
Error [cm]: 2.7656064530804594
Error [deg]: 177.7735068624698
T_gt (Ground Truth Transformation):
[[-8.39537900e-02 -9.93135330e-01 -8.30926600e-02  1.19493819e+01]
 [-9.55668970e-01  1.03830690e-01 -2.75997530e-01 -4.49088219e+01]
 [ 2.82751800e-01  5.62065400e-02 -9.57682870e-01  1.17959208e+02]
 [ 0.00000000e+00  0.00000000e+00  0.00000000e+00  1.00000000e+00]]
T_pred (Predicted Transformation):
[[ 2.20373781e-01 -6.55062189e-01  7.22723270e-01  1.16267359e+01]
 [ 9.01919951e-01  4.19004882e-01  1.04763121e-01 -4.32021026e+01]
 [-3.71450938e-01  6.28751491e-01  6.83151348e-01  1.20136624e+02]
 [ 0.00000000e+00  0.00000000e+00  0.00000000e+00  1.00000000e+00]]
T_pred_ICP (Predicted Transformation from ICP):
[[ 2.14854889e-01 -6.53255970e-01  7.26012407e-01  1.16503166e+01]
 [ 8.99385353e-01  4.22123043e-01  1.13657917e-01 -4.31933288e+01]
 [-3.80714280e-01  6.28544966e-01  6.78224051e-01  1.20107748e+02]
 [ 0.00000000e+00  0.00000000e+00  0.00000000e+00  1.00000000e+00]]
