Object ID: 11
Inlier ration of P_pred: 0.20326678454875946
Num. of correspondences: 551
Avg. Euclidean Distance (ADD) [cm]: 5.206588255394675
Add Score thres: 0
Add Score thres (xyz direction): 0.0
Add-S Score: 1.0
Avg. Euclidean Distance (ADD) ICP: 5.221904825002866
Add Score ICP thres: 5.221904825002866
Add Score ICP thres (xyz direction): 0.0
Add-S Score ICP: 1.0
Error [cm]: 2.2635929337314873
Error [deg]: 63.42351298566407
T_gt (Ground Truth Transformation):
[[ 8.36565060e-01  5.40686020e-01 -8.86986800e-02 -4.25598632e+01]
 [ 1.11642510e-01 -3.26712370e-01 -9.38529230e-01  6.57277395e+00]
 [-5.36413730e-01  7.75222980e-01 -3.33657610e-01  1.00879608e+02]
 [ 0.00000000e+00  0.00000000e+00  0.00000000e+00  1.00000000e+00]]
T_pred (Predicted Transformation):
[[ 7.05793931e-01  3.62510308e-02  7.07489074e-01 -4.19552452e+01]
 [ 6.46979455e-01  3.73826159e-01 -6.64583771e-01  6.94079197e+00]
 [-2.88569769e-01  9.26790087e-01  2.40390562e-01  1.03021210e+02]
 [ 0.00000000e+00  0.00000000e+00  0.00000000e+00  1.00000000e+00]]
T_pred_ICP (Predicted Transformation from ICP):
[[ 7.03455961e-01  2.30445863e-02  7.10365158e-01 -4.18668499e+01]
 [ 6.53405505e-01  3.72305544e-01 -6.59128082e-01  6.94106600e+00]
 [-2.79662220e-01  9.27824083e-01  2.46843094e-01  1.03002800e+02]
 [ 0.00000000e+00  0.00000000e+00  0.00000000e+00  1.00000000e+00]]
