Object ID: 5
Inlier ration of P_pred: 0.6182795763015747
Num. of correspondences: 558
Avg. Euclidean Distance (ADD) [cm]: 8.319388637821953
Add Score thres: 0
Add Score thres (xyz direction): 0.0
Add-S Score: 1.0
Avg. Euclidean Distance (ADD) ICP: 8.275443951244059
Add Score ICP thres: 8.275443951244059
Add Score ICP thres (xyz direction): 0.0
Add-S Score ICP: 1.0
Error [cm]: 2.990473042324015
Error [deg]: 99.88295862141045
T_gt (Ground Truth Transformation):
[[  0.83099305  -0.48106516  -0.28242178  18.40881343]
 [ -0.5257756   -0.50593114  -0.68509395 -13.33143644]
 [  0.18646175   0.71705801  -0.67275378  92.38929694]
 [  0.           0.           0.           1.        ]]
T_pred (Predicted Transformation):
[[-6.31329128e-01 -7.73739822e-01 -5.24425319e-02  1.55869077e+01]
 [-4.69343110e-01  4.35039606e-01 -7.68412381e-01 -1.23290890e+01]
 [ 6.17365837e-01 -4.60507578e-01 -6.37802629e-01  9.21598650e+01]
 [ 0.00000000e+00  0.00000000e+00  0.00000000e+00  1.00000000e+00]]
T_pred_ICP (Predicted Transformation from ICP):
[[-6.22501554e-01 -7.81016669e-01 -5.00477584e-02  1.55900173e+01]
 [-4.83775245e-01  4.34279253e-01 -7.59844091e-01 -1.23534950e+01]
 [ 6.15185604e-01 -4.48792261e-01 -6.48176040e-01  9.21869405e+01]
 [ 0.00000000e+00  0.00000000e+00  0.00000000e+00  1.00000000e+00]]
