Object ID: 6
Inlier ration of P_pred: 0.0
Num. of correspondences: 44
Avg. Euclidean Distance (ADD) [cm]: 8.687324507399886
Add Score thres: 0
Add Score thres (xyz direction): 0.0
Add-S Score: 0.6666666666666666
Avg. Euclidean Distance (ADD) ICP: 8.641330274598598
Add Score ICP thres: 8.641330274598598
Add Score ICP thres (xyz direction): 0.0
Add-S Score ICP: 0.6666666666666666
Error [cm]: 6.2157738976406165
Error [deg]: 92.71836680986023
T_gt (Ground Truth Transformation):
[[-4.98806890e-01 -8.64092560e-01 -6.95810600e-02 -1.51805948e+01]
 [-4.61649980e-01  3.32692170e-01 -8.22420410e-01 -2.01731456e+01]
 [ 7.33737170e-01 -3.78044000e-01 -5.64816130e-01  1.35213119e+02]
 [ 0.00000000e+00  0.00000000e+00  0.00000000e+00  1.00000000e+00]]
T_pred (Predicted Transformation):
[[-9.43786361e-01  1.93154070e-01  2.68251393e-01 -1.71008093e+01]
 [-3.30119148e-01 -5.09044548e-01 -7.94918233e-01 -1.42574799e+01]
 [-1.69897824e-02 -8.38787908e-01  5.44193158e-01  1.35827620e+02]
 [ 0.00000000e+00  0.00000000e+00  0.00000000e+00  1.00000000e+00]]
T_pred_ICP (Predicted Transformation from ICP):
[[-9.59079239e-01  1.82597583e-01  2.16391162e-01 -1.69639916e+01]
 [-2.80989201e-01 -5.19848975e-01 -8.06723071e-01 -1.42462148e+01]
 [-3.48149590e-02 -8.34514929e-01  5.49884308e-01  1.35784812e+02]
 [ 0.00000000e+00  0.00000000e+00  0.00000000e+00  1.00000000e+00]]
