Object ID: 12
Inlier ration of P_pred: 0.7837837934494019
Num. of correspondences: 37
Avg. Euclidean Distance (ADD) [cm]: 5.738684388687813
Add Score thres: 0
Add Score thres (xyz direction): 0.3333333333333333
Add-S Score: 1.0
Avg. Euclidean Distance (ADD) ICP: 5.76039116831043
Add Score ICP thres: 5.76039116831043
Add Score ICP thres (xyz direction): 0.3333333333333333
Add-S Score ICP: 1.0
Error [cm]: 0.6320426390953084
Error [deg]: 83.3152856403055
T_gt (Ground Truth Transformation):
[[ 6.27782e-01  7.78086e-01  2.42303e-02  9.87869e+00]
 [ 7.42625e-01 -5.89276e-01 -3.18337e-01 -3.68259e+00]
 [-2.33405e-01  2.17829e-01 -9.47708e-01  7.86084e+01]
 [ 0.00000e+00  0.00000e+00  0.00000e+00  1.00000e+00]]
T_pred (Predicted Transformation):
[[ 8.53604076e-01 -5.20865396e-01  7.70199943e-03  9.67682476e+00]
 [-4.73430006e-01 -7.81864381e-01 -4.05650244e-01 -3.18709455e+00]
 [ 2.17311094e-01  3.42618344e-01 -9.13995930e-01  7.86929923e+01]
 [ 0.00000000e+00  0.00000000e+00  0.00000000e+00  1.00000000e+00]]
T_pred_ICP (Predicted Transformation from ICP):
[[ 8.46262973e-01 -5.32389312e-01 -2.00150084e-02  9.76559299e+00]
 [-5.05758128e-01 -7.90987035e-01 -3.44308329e-01 -3.06892964e+00]
 [ 1.67474462e-01  3.01498144e-01 -9.38643262e-01  7.85078618e+01]
 [ 0.00000000e+00  0.00000000e+00  0.00000000e+00  1.00000000e+00]]
