Object ID: 11
Inlier ration of P_pred: 0.45510202646255493
Num. of correspondences: 490
Avg. Euclidean Distance (ADD) [cm]: 5.980427304979837
Add Score thres: 0
Add Score thres (xyz direction): 0.0
Add-S Score: 1.0
Avg. Euclidean Distance (ADD) ICP: 6.007090869594305
Add Score ICP thres: 6.007090869594305
Add Score ICP thres (xyz direction): 0.0
Add-S Score ICP: 1.0
Error [cm]: 2.838978028199978
Error [deg]: 142.40383304588832
T_gt (Ground Truth Transformation):
[[  0.89819677   0.41369324  -0.14897293 -35.68428873]
 [  0.11047259  -0.54027523  -0.83425022  21.37189788]
 [ -0.42558877   0.73282321  -0.53095084  97.13706581]
 [  0.           0.           0.           1.        ]]
T_pred (Predicted Transformation):
[[-2.98535326e-01 -7.43461440e-01 -5.98449451e-01 -3.45739164e+01]
 [-6.70792179e-02  6.41837758e-01 -7.63900956e-01  2.30947425e+01]
 [ 9.52038359e-01 -1.87907900e-01 -2.41482056e-01  9.52318931e+01]
 [ 0.00000000e+00  0.00000000e+00  0.00000000e+00  1.00000000e+00]]
T_pred_ICP (Predicted Transformation from ICP):
[[-2.69727884e-01 -7.53379780e-01 -5.99721415e-01 -3.45887443e+01]
 [-7.25814450e-02  6.36939292e-01 -7.67489591e-01  2.31480095e+01]
 [ 9.60197273e-01 -1.63484696e-01 -2.26481680e-01  9.52122265e+01]
 [ 0.00000000e+00  0.00000000e+00  0.00000000e+00  1.00000000e+00]]
