Object ID: 12
Inlier ration of P_pred: 0.0
Num. of correspondences: 74
Avg. Euclidean Distance (ADD) [cm]: 6.538412131312967
Add Score thres: 0
Add Score thres (xyz direction): 0.0
Add-S Score: 1.0
Avg. Euclidean Distance (ADD) ICP: 6.528941304765533
Add Score ICP thres: 6.528941304765533
Add Score ICP thres (xyz direction): 0.0
Add-S Score ICP: 1.0
Error [cm]: 5.986268454348223
Error [deg]: 69.59746475298135
T_gt (Ground Truth Transformation):
[[ 3.99940e-01  7.62417e-01 -5.08716e-01  3.53667e+00]
 [-1.90716e-02 -5.47997e-01 -8.36278e-01  1.15405e+01]
 [-9.16354e-01  3.44160e-01 -2.04628e-01  1.07927e+02]
 [ 0.00000e+00  0.00000e+00  0.00000e+00  1.00000e+00]]
T_pred (Predicted Transformation):
[[-2.14389285e-03  9.99997676e-01  2.25598648e-04  9.51821635e-01]
 [ 8.96183318e-01  2.02141917e-03 -4.43679361e-01  1.68868183e+01]
 [-4.43678786e-01 -7.49023263e-04 -8.96185569e-01  1.07136424e+02]
 [ 0.00000000e+00  0.00000000e+00  0.00000000e+00  1.00000000e+00]]
T_pred_ICP (Predicted Transformation from ICP):
[[ 2.08428260e-02  9.99641227e-01  1.68224122e-02  1.02919804e+00]
 [ 9.02801069e-01 -1.15890909e-02 -4.29902225e-01  1.69235503e+01]
 [-4.29553031e-01  2.41476690e-02 -9.02718718e-01  1.07171511e+02]
 [ 0.00000000e+00  0.00000000e+00  0.00000000e+00  1.00000000e+00]]
