Object ID: 8
Inlier ration of P_pred: 0.0
Num. of correspondences: 537
Avg. Euclidean Distance (ADD) [cm]: 13.391920120697588
Add Score thres: 0
Add Score thres (xyz direction): 0.0
Add-S Score: 1.0
Avg. Euclidean Distance (ADD) ICP: 13.488605522929479
Add Score ICP thres: 13.488605522929479
Add Score ICP thres (xyz direction): 0.0
Add-S Score ICP: 1.0
Error [cm]: 8.92709561982382
Error [deg]: 120.36932583247757
T_gt (Ground Truth Transformation):
[[-2.36663610e-01  9.68205020e-01 -8.96448700e-02 -9.25591400e-01]
 [ 4.80683110e-01  3.62946300e-02 -8.76858190e-01 -4.86784885e+00]
 [-8.45228360e-01 -2.50455630e-01 -4.73675170e-01  9.54138917e+01]
 [ 0.00000000e+00  0.00000000e+00  0.00000000e+00  1.00000000e+00]]
T_pred (Predicted Transformation):
[[ 8.87412251e-01  2.15439192e-01  4.07535829e-01 -1.11497946e+00]
 [ 1.96723335e-01 -9.76514765e-01  8.78569481e-02 -5.54501950e+00]
 [ 4.16892585e-01  2.20647551e-03 -9.08953082e-01  1.04148161e+02]
 [ 0.00000000e+00  0.00000000e+00  0.00000000e+00  1.00000000e+00]]
T_pred_ICP (Predicted Transformation from ICP):
[[ 8.95203180e-01  1.89174264e-01  4.03515012e-01 -1.06854839e+00]
 [ 1.68114192e-01 -9.81888774e-01  8.73616235e-02 -5.59585786e+00]
 [ 4.12733431e-01 -1.03698029e-02 -9.10792832e-01  1.04310105e+02]
 [ 0.00000000e+00  0.00000000e+00  0.00000000e+00  1.00000000e+00]]
