Object ID: 12
Inlier ration of P_pred: 0.026402641087770462
Num. of correspondences: 303
Avg. Euclidean Distance (ADD) [cm]: 7.130295368140774
Add Score thres: 0
Add Score thres (xyz direction): 0.0
Add-S Score: 1.0
Avg. Euclidean Distance (ADD) ICP: 7.125593753698331
Add Score ICP thres: 7.125593753698331
Add Score ICP thres (xyz direction): 0.0
Add-S Score ICP: 1.0
Error [cm]: 5.744411256985504
Error [deg]: 85.33534028258185
T_gt (Ground Truth Transformation):
[[ 9.89721e-01  1.39089e-01  6.37444e-02  2.58315e+01]
 [ 9.06036e-02 -1.96390e-01 -9.77761e-01  1.07216e+01]
 [-1.23384e-01  9.72037e-01 -2.06573e-01  1.07587e+02]
 [ 0.00000e+00  0.00000e+00  0.00000e+00  1.00000e+00]]
T_pred (Predicted Transformation):
[[ 2.86056742e-02  9.91768822e-01  1.24805127e-01  2.61339558e+01]
 [ 8.05598296e-01  5.10428445e-02 -5.90259277e-01  1.51074964e+01]
 [-5.91771156e-01  1.17427562e-01 -7.97507158e-01  1.03898163e+02]
 [ 0.00000000e+00  0.00000000e+00  0.00000000e+00  1.00000000e+00]]
T_pred_ICP (Predicted Transformation from ICP):
[[ 2.69505425e-02  9.90799456e-01  1.32627697e-01  2.61342347e+01]
 [ 8.10821346e-01  5.59334238e-02 -5.82614964e-01  1.51290766e+01]
 [-5.84672911e-01  1.23239157e-01 -8.01853913e-01  1.03915384e+02]
 [ 0.00000000e+00  0.00000000e+00  0.00000000e+00  1.00000000e+00]]
