Object ID: 6
Inlier ration of P_pred: 0.6603325605392456
Num. of correspondences: 421
Avg. Euclidean Distance (ADD) [cm]: 2.122379636266327
Add Score thres: 0
Add Score thres (xyz direction): 0.6666666666666666
Add-S Score: 1.0
Avg. Euclidean Distance (ADD) ICP: 2.365084529040012
Add Score ICP thres: 2.365084529040012
Add Score ICP thres (xyz direction): 0.6666666666666666
Add-S Score ICP: 1.0
Error [cm]: 0.7202131078858377
Error [deg]: 32.25089144875632
T_gt (Ground Truth Transformation):
[[ 1.62120860e-01 -9.65493650e-01  2.03983500e-01  9.35533804e+00]
 [-7.55789090e-01 -2.54395650e-01 -6.03425290e-01 -3.60563398e+01]
 [ 6.34487900e-01 -5.63258600e-02 -7.70925470e-01  1.28655677e+02]
 [ 0.00000000e+00  0.00000000e+00  0.00000000e+00  1.00000000e+00]]
T_pred (Predicted Transformation):
[[ 1.37277654e-01 -9.89120560e-01  5.28711972e-02  9.35754569e+00]
 [-9.63374035e-01 -1.45736717e-01 -2.25102815e-01 -3.68044134e+01]
 [ 2.30359097e-01 -2.00331523e-02 -9.72899460e-01  1.28221302e+02]
 [ 0.00000000e+00  0.00000000e+00  0.00000000e+00  1.00000000e+00]]
T_pred_ICP (Predicted Transformation from ICP):
[[ 2.07236445e-01 -9.75931102e-01  6.79083237e-02  9.54771482e+00]
 [-9.70295386e-01 -2.13903570e-01 -1.13013832e-01 -3.67048321e+01]
 [ 1.24819547e-01 -4.24705483e-02 -9.91270061e-01  1.28902974e+02]
 [ 0.00000000e+00  0.00000000e+00  0.00000000e+00  1.00000000e+00]]
