Object ID: 6
Inlier ration of P_pred: 0.23260869085788727
Num. of correspondences: 460
Avg. Euclidean Distance (ADD) [cm]: 12.6333297855463
Add Score thres: 0
Add Score thres (xyz direction): 0.0
Add-S Score: 0.6666666666666666
Avg. Euclidean Distance (ADD) ICP: 12.48200189396423
Add Score ICP thres: 12.48200189396423
Add Score ICP thres (xyz direction): 0.0
Add-S Score ICP: 0.6666666666666666
Error [cm]: 8.181507340335024
Error [deg]: 169.00360979673798
T_gt (Ground Truth Transformation):
[[-2.37341910e-01 -9.31905130e-01 -2.74500680e-01 -9.80760622e-01]
 [-6.48016510e-01  3.62390640e-01 -6.69978850e-01 -8.54027817e+00]
 [ 7.23805070e-01  1.88785800e-02 -6.89843620e-01  1.34824090e+02]
 [ 0.00000000e+00  0.00000000e+00  0.00000000e+00  1.00000000e+00]]
T_pred (Predicted Transformation):
[[  0.26216818  -0.69871893   0.6656273   -3.21961271]
 [  0.82974287   0.51540096   0.21421631 -10.61157171]
 [ -0.49274194   0.49613881   0.71487877 127.02734883]
 [  0.           0.           0.           1.        ]]
T_pred_ICP (Predicted Transformation from ICP):
[[  0.27371979  -0.73252572   0.62328449  -2.88012965]
 [  0.77394754   0.55249418   0.30944368 -11.1233704 ]
 [ -0.5710365    0.39768863   0.71816506 127.29699922]
 [  0.           0.           0.           1.        ]]
