Object ID: 5
Inlier ration of P_pred: 1.0
Num. of correspondences: 26
Avg. Euclidean Distance (ADD) [cm]: 13.171638862268578
Add Score thres: 0
Add Score thres (xyz direction): 0.0
Add-S Score: 1.0
Avg. Euclidean Distance (ADD) ICP: 13.134089444183571
Add Score ICP thres: 13.134089444183571
Add Score ICP thres (xyz direction): 0.0
Add-S Score ICP: 1.0
Error [cm]: 4.20046563850651
Error [deg]: 172.56267490897164
T_gt (Ground Truth Transformation):
[[ 7.25724180e-01 -3.15225640e-01 -6.12072760e-01  1.28761897e+01]
 [-6.88149450e-01 -3.04959120e-01 -6.58879920e-01 -8.08036997e+00]
 [ 2.10505900e-02  8.99055310e-01 -4.38076950e-01  7.27600874e+01]
 [ 0.00000000e+00  0.00000000e+00  0.00000000e+00  1.00000000e+00]]
T_pred (Predicted Transformation):
[[ -0.61296921   0.58470362   0.5314042   10.03262642]
 [ -0.25064291  -0.78173325   0.5710265  -10.39827554]
 [  0.74929759   0.21682897   0.62573023  70.5574424 ]
 [  0.           0.           0.           1.        ]]
T_pred_ICP (Predicted Transformation from ICP):
[[ -0.62928491   0.56585993   0.53273168   9.98439549]
 [ -0.2521126   -0.79703517   0.54879338 -10.33335033]
 [  0.73514607   0.21103902   0.64422262  70.70935159]
 [  0.           0.           0.           1.        ]]
