Object ID: 6
Inlier ration of P_pred: 0.9090908765792847
Num. of correspondences: 297
Avg. Euclidean Distance (ADD) [cm]: 2.857000404500158
Add Score thres: 0
Add Score thres (xyz direction): 0.3333333333333333
Add-S Score: 1.0
Avg. Euclidean Distance (ADD) ICP: 2.690980976095798
Add Score ICP thres: 2.690980976095798
Add Score ICP thres (xyz direction): 0.6666666666666666
Add-S Score ICP: 1.0
Error [cm]: 1.4589326603144885
Error [deg]: 32.198303613851586
T_gt (Ground Truth Transformation):
[[ 1.95095140e-01 -9.80640980e-01 -1.77418300e-02  1.55273494e+00]
 [-7.69302970e-01 -1.41785480e-01 -6.22971480e-01 -1.82879930e+01]
 [ 6.08387230e-01  1.35180560e-01 -7.82056300e-01  1.31532575e+02]
 [ 0.00000000e+00  0.00000000e+00  0.00000000e+00  1.00000000e+00]]
T_pred (Predicted Transformation):
[[ 5.49638872e-01 -8.34858423e-01 -3.01417156e-02  1.06687760e+00]
 [-5.12408919e-01 -3.08415015e-01 -8.01446991e-01 -1.70514328e+01]
 [ 6.59798613e-01  4.55951304e-01 -5.97305783e-01  1.29981067e+02]
 [ 0.00000000e+00  0.00000000e+00  0.00000000e+00  1.00000000e+00]]
T_pred_ICP (Predicted Transformation from ICP):
[[ 6.52445762e-01 -7.56536411e-01 -4.43529864e-02  1.06069281e+00]
 [-4.84775158e-01 -3.71658465e-01 -7.91746823e-01 -1.75390763e+01]
 [ 5.82501137e-01  5.38073085e-01 -6.09237048e-01  1.30381271e+02]
 [ 0.00000000e+00  0.00000000e+00  0.00000000e+00  1.00000000e+00]]
