Object ID: 11
Inlier ration of P_pred: 0.0
Num. of correspondences: 361
Avg. Euclidean Distance (ADD) [cm]: 6.939443530073206
Add Score thres: 0
Add Score thres (xyz direction): 0.0
Add-S Score: 1.0
Avg. Euclidean Distance (ADD) ICP: 6.503147247232024
Add Score ICP thres: 6.503147247232024
Add Score ICP thres (xyz direction): 0.0
Add-S Score ICP: 1.0
Error [cm]: 3.922756121054037
Error [deg]: 92.74637909341739
T_gt (Ground Truth Transformation):
[[ 8.86546280e-01  4.61338280e-01  3.83042900e-02 -5.27607834e+00]
 [ 4.52666580e-01 -8.46680970e-01 -2.80182410e-01 -7.41757665e-01]
 [-9.68114500e-02  2.65709760e-01 -9.59264440e-01  9.27837807e+01]
 [ 0.00000000e+00  0.00000000e+00  0.00000000e+00  1.00000000e+00]]
T_pred (Predicted Transformation):
[[ 0.11703614  0.81908912  0.56160088 -7.87927234]
 [ 0.59787189  0.39342559 -0.69840211  2.60754315]
 [-0.79300173  0.41750367 -0.44366535 91.47512933]
 [ 0.          0.          0.          1.        ]]
T_pred_ICP (Predicted Transformation from ICP):
[[-0.1428679   0.82126125  0.55237553 -7.91048974]
 [ 0.55577217  0.52837153 -0.64182616  2.11834121]
 [-0.81896646  0.21529859 -0.53192148 92.26635775]
 [ 0.          0.          0.          1.        ]]
