Object ID: 8
Inlier ration of P_pred: 0.18263089656829834
Num. of correspondences: 1566
Avg. Euclidean Distance (ADD) [cm]: 8.737781723272974
Add Score thres: 0
Add Score thres (xyz direction): 0.0
Add-S Score: 1.0
Avg. Euclidean Distance (ADD) ICP: 8.732997306371828
Add Score ICP thres: 8.732997306371828
Add Score ICP thres (xyz direction): 0.0
Add-S Score ICP: 1.0
Error [cm]: 5.257972630497219
Error [deg]: 91.59248242500502
T_gt (Ground Truth Transformation):
[[ 9.83199030e-01 -1.51368910e-01 -1.02797010e-01 -2.26503621e+00]
 [-1.82142360e-01 -8.63284330e-01 -4.70930670e-01 -2.40599731e+01]
 [-1.74541500e-02  4.81702290e-01 -8.76257460e-01  7.63608893e+01]
 [ 0.00000000e+00  0.00000000e+00  0.00000000e+00  1.00000000e+00]]
T_pred (Predicted Transformation):
[[-1.37792206e-01 -9.35426656e-01  3.25561482e-01 -6.24007028e+00]
 [-9.01499360e-01 -1.77022292e-02 -4.32418240e-01 -2.07842093e+01]
 [ 4.10258712e-01 -3.53077331e-01 -8.40847303e-01  7.54673976e+01]
 [ 0.00000000e+00  0.00000000e+00  0.00000000e+00  1.00000000e+00]]
T_pred_ICP (Predicted Transformation from ICP):
[[-1.21271521e-01 -9.34784010e-01  3.33874337e-01 -6.25414971e+00]
 [-9.01227792e-01 -3.72847729e-02 -4.31738708e-01 -2.07526178e+01]
 [ 4.16030870e-01 -3.53254442e-01 -8.37931748e-01  7.54694575e+01]
 [ 0.00000000e+00  0.00000000e+00  0.00000000e+00  1.00000000e+00]]
