Object ID: 8
Inlier ration of P_pred: 0.0
Num. of correspondences: 1484
Avg. Euclidean Distance (ADD) [cm]: 15.883528052366414
Add Score thres: 0
Add Score thres (xyz direction): 0.0
Add-S Score: 0.6666666666666666
Avg. Euclidean Distance (ADD) ICP: 15.8710123124507
Add Score ICP thres: 15.8710123124507
Add Score ICP thres (xyz direction): 0.0
Add-S Score ICP: 0.6666666666666666
Error [cm]: 12.33929364820602
Error [deg]: 157.53841093064773
T_gt (Ground Truth Transformation):
[[  0.8521016    0.44010519   0.2833872   16.02342662]
 [  0.47403426  -0.41919279  -0.77436814 -16.92373121]
 [ -0.22199385   0.79414296  -0.56579699  92.08933702]
 [  0.           0.           0.           1.        ]]
T_pred (Predicted Transformation):
[[  0.09577377  -0.8108688   -0.577338    21.91476507]
 [  0.92547569   0.2860909   -0.24828764 -22.07757884]
 [  0.36649985  -0.51053284   0.77783936  82.56751891]
 [  0.           0.           0.           1.        ]]
T_pred_ICP (Predicted Transformation from ICP):
[[  0.10539467  -0.81668672  -0.56737533  21.77400118]
 [  0.92774897   0.2861623   -0.23956833 -22.17180534]
 [  0.3580137   -0.50113265   0.78784025  82.51610465]
 [  0.           0.           0.           1.        ]]
