Object ID: 12
Inlier ration of P_pred: 0.8206278681755066
Num. of correspondences: 223
Avg. Euclidean Distance (ADD) [cm]: 3.7072107135504475
Add Score thres: 0
Add Score thres (xyz direction): 0.3333333333333333
Add-S Score: 1.0
Avg. Euclidean Distance (ADD) ICP: 3.6893443323171438
Add Score ICP thres: 3.6893443323171438
Add Score ICP thres (xyz direction): 0.3333333333333333
Add-S Score ICP: 1.0
Error [cm]: 1.8800781397008695
Error [deg]: 42.66232529917726
T_gt (Ground Truth Transformation):
[[ -0.97199703   0.21553393  -0.10033646 -15.98638521]
 [  0.18175785   0.40152079  -0.89836854   3.45014204]
 [ -0.15321242  -0.89083907  -0.42910219  94.08246869]
 [  0.           0.           0.           1.        ]]
T_pred (Predicted Transformation):
[[-5.74497519e-01  8.18418149e-01 -1.20138996e-02 -1.65589478e+01]
 [ 3.18405999e-01  2.09938680e-01 -9.24415150e-01  2.65041761e+00]
 [-7.54035954e-01 -5.34899508e-01 -3.81198499e-01  9.57261077e+01]
 [ 0.00000000e+00  0.00000000e+00  0.00000000e+00  1.00000000e+00]]
T_pred_ICP (Predicted Transformation from ICP):
[[-5.72362730e-01  8.18894478e-01 -4.25762742e-02 -1.64465590e+01]
 [ 3.65837484e-01  2.08542743e-01 -9.07013153e-01  2.82069244e+00]
 [-7.33869090e-01 -5.34716521e-01 -4.18944389e-01  9.57932367e+01]
 [ 0.00000000e+00  0.00000000e+00  0.00000000e+00  1.00000000e+00]]
