Object ID: 12
Inlier ration of P_pred: 0.7916666865348816
Num. of correspondences: 24
Avg. Euclidean Distance (ADD) [cm]: 2.1695343973249224
Add Score thres: 0
Add Score thres (xyz direction): 0.6666666666666666
Add-S Score: 1.0
Avg. Euclidean Distance (ADD) ICP: 1.779182096425153
Add Score ICP thres: 1.779182096425153
Add Score ICP thres (xyz direction): 1.0
Add-S Score ICP: 1.0
Error [cm]: 1.0588138032661336
Error [deg]: 17.7434643545349
T_gt (Ground Truth Transformation):
[[ 3.62778770e-01  9.29230160e-01  7.84882200e-02  7.73397263e+00]
 [ 9.15145530e-01 -3.38541950e-01 -2.21800710e-01  2.58387841e+01]
 [-1.79411810e-01  1.52276810e-01 -9.72576590e-01  9.04173678e+01]
 [ 0.00000000e+00  0.00000000e+00  0.00000000e+00  1.00000000e+00]]
T_pred (Predicted Transformation):
[[-2.32912355e-02  9.99647580e-01 -1.27371183e-02  8.81176166e+00]
 [ 9.76929329e-01  2.00528008e-02 -2.12619311e-01  2.55156439e+01]
 [-2.12288965e-01 -1.73954309e-02 -9.77052094e-01  9.08538364e+01]
 [ 0.00000000e+00  0.00000000e+00  0.00000000e+00  1.00000000e+00]]
T_pred_ICP (Predicted Transformation from ICP):
[[ 7.76652514e-02  9.96624747e-01 -2.65936582e-02  8.74144349e+00]
 [ 9.75942103e-01 -8.14501280e-02 -2.02244627e-01  2.55387615e+01]
 [-2.03728057e-01 -1.02464909e-02 -9.78973896e-01  9.05441574e+01]
 [ 0.00000000e+00  0.00000000e+00  0.00000000e+00  1.00000000e+00]]
