Object ID: 8
Inlier ration of P_pred: 0.010484273545444012
Num. of correspondences: 2003
Avg. Euclidean Distance (ADD) [cm]: 9.642945838856193
Add Score thres: 0
Add Score thres (xyz direction): 0.0
Add-S Score: 1.0
Avg. Euclidean Distance (ADD) ICP: 9.644882816963143
Add Score ICP thres: 9.644882816963143
Add Score ICP thres (xyz direction): 0.0
Add-S Score ICP: 1.0
Error [cm]: 4.201026216924844
Error [deg]: 97.34222008667365
T_gt (Ground Truth Transformation):
[[ 0.15461091  0.82693789  0.5408129  22.05420741]
 [ 0.61871517  0.34576057 -0.70555529 -1.2514335 ]
 [-0.77035581  0.44365776 -0.45812978 87.51191436]
 [ 0.          0.          0.          1.        ]]
T_pred (Predicted Transformation):
[[ 9.32589287e-01 -7.02096513e-02 -3.54044950e-01  2.27989873e+01]
 [-3.51062020e-01 -4.04345404e-01 -8.44547365e-01 -5.30558250e+00]
 [-8.38610721e-02  9.11907561e-01 -4.01736134e-01  8.68292964e+01]
 [ 0.00000000e+00  0.00000000e+00  0.00000000e+00  1.00000000e+00]]
T_pred_ICP (Predicted Transformation from ICP):
[[ 9.36243458e-01 -1.06622110e-01 -3.34783383e-01  2.27803519e+01]
 [-3.48144204e-01 -4.09981831e-01 -8.43036483e-01 -5.33510972e+00]
 [-4.73687762e-02  9.05840286e-01 -4.20962677e-01  8.68448882e+01]
 [ 0.00000000e+00  0.00000000e+00  0.00000000e+00  1.00000000e+00]]
