Object ID: 12
Inlier ration of P_pred: 0.0
Num. of correspondences: 141
Avg. Euclidean Distance (ADD) [cm]: 7.011977096817905
Add Score thres: 0
Add Score thres (xyz direction): 0.0
Add-S Score: 1.0
Avg. Euclidean Distance (ADD) ICP: 7.018991427334816
Add Score ICP thres: 7.018991427334816
Add Score ICP thres (xyz direction): 0.0
Add-S Score ICP: 1.0
Error [cm]: 4.893535456393182
Error [deg]: 75.27693819774588
T_gt (Ground Truth Transformation):
[[ -0.51115249   0.57858993  -0.63662683 -11.94989412]
 [  0.66928391  -0.19775198  -0.71709554  15.1197994 ]
 [ -0.54043532  -0.79208359  -0.28590477  97.91855886]
 [  0.           0.           0.           1.        ]]
T_pred (Predicted Transformation):
[[ 2.45815475e-02  9.05978277e-01 -4.22609878e-01 -9.53654482e+00]
 [-3.57065800e-01 -3.86896198e-01 -8.50185477e-01  1.81638044e+01]
 [-9.33755729e-01  1.71798409e-01  3.13983351e-01  9.49781002e+01]
 [ 0.00000000e+00  0.00000000e+00  0.00000000e+00  1.00000000e+00]]
T_pred_ICP (Predicted Transformation from ICP):
[[ 1.85447088e-02  8.97465572e-01 -4.40694499e-01 -9.48436939e+00]
 [-3.59843311e-01 -4.05242767e-01 -8.40411263e-01  1.81965001e+01]
 [-9.32828433e-01  1.74166150e-01  3.15431873e-01  9.50199747e+01]
 [ 0.00000000e+00  0.00000000e+00  0.00000000e+00  1.00000000e+00]]
