Object ID: 6
Inlier ration of P_pred: 0.34982332587242126
Num. of correspondences: 283
Avg. Euclidean Distance (ADD) [cm]: 11.446602533532928
Add Score thres: 0
Add Score thres (xyz direction): 0.0
Add-S Score: 0.6666666666666666
Avg. Euclidean Distance (ADD) ICP: 11.398461718857344
Add Score ICP thres: 11.398461718857344
Add Score ICP thres (xyz direction): 0.0
Add-S Score ICP: 0.6666666666666666
Error [cm]: 6.458689840759123
Error [deg]: 137.17942293143486
T_gt (Ground Truth Transformation):
[[ 7.92080420e-01 -3.69399180e-01 -4.86089470e-01  5.50413046e+01]
 [-6.08585850e-01 -4.14075040e-01 -6.76970450e-01 -2.31052613e+01]
 [ 4.88028900e-02  8.31995460e-01 -5.52751530e-01  1.07628276e+02]
 [ 0.00000000e+00  0.00000000e+00  0.00000000e+00  1.00000000e+00]]
T_pred (Predicted Transformation):
[[  0.14489933   0.84990389   0.50662369  49.74130671]
 [ -0.72319506   0.44041786  -0.53199719 -23.9119382 ]
 [ -0.6752726   -0.28930171   0.67846255 103.92433295]
 [  0.           0.           0.           1.        ]]
T_pred_ICP (Predicted Transformation from ICP):
[[  0.14333749   0.85376495   0.50053948  49.80098822]
 [ -0.72117253   0.43646997  -0.53796296 -23.79479541]
 [ -0.67776437  -0.28386507   0.67827434 103.91636302]
 [  0.           0.           0.           1.        ]]
