Object ID: 6
Inlier ration of P_pred: 0.44676804542541504
Num. of correspondences: 526
Avg. Euclidean Distance (ADD) [cm]: 1.9552640469245286
Add Score thres: 0
Add Score thres (xyz direction): 1.0
Add-S Score: 1.0
Avg. Euclidean Distance (ADD) ICP: 1.9019373668481707
Add Score ICP thres: 1.9019373668481707
Add Score ICP thres (xyz direction): 1.0
Add-S Score ICP: 1.0
Error [cm]: 1.051523883284864
Error [deg]: 24.727122946840055
T_gt (Ground Truth Transformation):
[[ 3.57627510e-01 -8.36601850e-01 -4.15011210e-01  1.76256142e+01]
 [-6.44944890e-01  1.00145850e-01 -7.57652220e-01 -2.89336939e+01]
 [ 6.75404760e-01  5.38609700e-01 -5.03734630e-01  1.26594239e+02]
 [ 0.00000000e+00  0.00000000e+00  0.00000000e+00  1.00000000e+00]]
T_pred (Predicted Transformation):
[[ 5.71904462e-01 -5.50642183e-01 -6.08044794e-01  1.78227064e+01]
 [-7.33558878e-01 -1.15173603e-02 -6.79528310e-01 -2.78866479e+01]
 [ 3.67173881e-01  8.34661929e-01 -4.10515292e-01  1.26459101e+02]
 [ 0.00000000e+00  0.00000000e+00  0.00000000e+00  1.00000000e+00]]
T_pred_ICP (Predicted Transformation from ICP):
[[ 5.61407149e-01 -5.55426362e-01 -6.13452174e-01  1.77319334e+01]
 [-7.35547711e-01  4.76251468e-03 -6.77456185e-01 -2.78889935e+01]
 [ 3.79198599e-01  8.31552088e-01 -4.05868880e-01  1.26539467e+02]
 [ 0.00000000e+00  0.00000000e+00  0.00000000e+00  1.00000000e+00]]
