Object ID: 6
Inlier ration of P_pred: 0.0
Num. of correspondences: 430
Avg. Euclidean Distance (ADD) [cm]: 2.7456912406002423
Add Score thres: 0
Add Score thres (xyz direction): 0.6666666666666666
Add-S Score: 1.0
Avg. Euclidean Distance (ADD) ICP: 2.7117457170622803
Add Score ICP thres: 2.7117457170622803
Add Score ICP thres (xyz direction): 0.6666666666666666
Add-S Score ICP: 1.0
Error [cm]: 1.569319081264511
Error [deg]: 30.938726853412135
T_gt (Ground Truth Transformation):
[[-6.55031810e-01 -7.30097410e-01  1.95042410e-01 -3.22405702e+01]
 [-7.52892830e-01  6.52702970e-01 -8.52244700e-02 -2.51759239e+01]
 [-6.50793900e-02 -2.02649790e-01 -9.77139590e-01  8.42309250e+01]
 [ 0.00000000e+00  0.00000000e+00  0.00000000e+00  1.00000000e+00]]
T_pred (Predicted Transformation):
[[-7.58255240e-01 -3.51349494e-01  5.49183507e-01 -3.22690961e+01]
 [-4.64052160e-01  8.82533000e-01 -7.60992601e-02 -2.39932350e+01]
 [-4.57935131e-01 -3.12552455e-01 -8.32229763e-01  8.53048552e+01]
 [ 0.00000000e+00  0.00000000e+00  0.00000000e+00  1.00000000e+00]]
T_pred_ICP (Predicted Transformation from ICP):
[[ -0.77437894  -0.34862947   0.52801018 -32.2808034 ]
 [ -0.4657842    0.87890655  -0.10280246 -23.94221429]
 [ -0.42823164  -0.32554686  -0.84299283  85.19999897]
 [  0.           0.           0.           1.        ]]
