Object ID: 5
Inlier ration of P_pred: 0.07203389704227448
Num. of correspondences: 1180
Avg. Euclidean Distance (ADD) [cm]: 13.97578778925969
Add Score thres: 0
Add Score thres (xyz direction): 0.0
Add-S Score: 0.6666666666666666
Avg. Euclidean Distance (ADD) ICP: 13.974223970537237
Add Score ICP thres: 13.974223970537237
Add Score ICP thres (xyz direction): 0.0
Add-S Score ICP: 0.6666666666666666
Error [cm]: 8.16672342754622
Error [deg]: 138.68380350058527
T_gt (Ground Truth Transformation):
[[ 6.65318470e-01 -7.47306470e-01 -2.41774800e-02  1.76933439e+01]
 [-1.93537510e-01 -1.40837350e-01 -9.71834710e-01 -4.52176093e+00]
 [ 7.22254420e-01  6.50584410e-01 -2.38043690e-01  1.09961091e+02]
 [ 0.00000000e+00  0.00000000e+00  0.00000000e+00  1.00000000e+00]]
T_pred (Predicted Transformation):
[[-8.06069993e-01 -5.91712904e-01  1.12697079e-02  2.15279617e+01]
 [ 5.80390012e-01 -7.86634055e-01  2.10604600e-01 -3.81368148e-01]
 [-1.15752323e-01  1.76302874e-01  9.77506366e-01  1.04065109e+02]
 [ 0.00000000e+00  0.00000000e+00  0.00000000e+00  1.00000000e+00]]
T_pred_ICP (Predicted Transformation from ICP):
[[-8.01098391e-01 -5.98317619e-01  1.60435549e-02  2.15434880e+01]
 [ 5.86422928e-01 -7.79243551e-01  2.21105490e-01 -3.70018200e-01]
 [-1.19789474e-01  1.86535561e-01  9.75117924e-01  1.04075958e+02]
 [ 0.00000000e+00  0.00000000e+00  0.00000000e+00  1.00000000e+00]]
