Object ID: 5
Inlier ration of P_pred: 0.30158731341362
Num. of correspondences: 819
Avg. Euclidean Distance (ADD) [cm]: 10.386292485534934
Add Score thres: 0
Add Score thres (xyz direction): 0.0
Add-S Score: 1.0
Avg. Euclidean Distance (ADD) ICP: 10.35033545936546
Add Score ICP thres: 10.35033545936546
Add Score ICP thres (xyz direction): 0.0
Add-S Score ICP: 1.0
Error [cm]: 1.9882373452300492
Error [deg]: 170.3707508448669
T_gt (Ground Truth Transformation):
[[ 8.56150010e-01  5.16503430e-01 -1.62744600e-02 -1.22834516e+01]
 [ 4.80381840e-01 -8.07096540e-01 -3.43313620e-01 -7.62756392e+00]
 [-1.90450520e-01  2.86098090e-01 -9.39100050e-01  8.72057377e+01]
 [ 0.00000000e+00  0.00000000e+00  0.00000000e+00  1.00000000e+00]]
T_pred (Predicted Transformation):
[[ -0.73837282  -0.59677167   0.31411646 -14.26669318]
 [ -0.6573606    0.53286741  -0.53285023  -6.78644345]
 [  0.15060749  -0.59992991  -0.785749    86.96598044]
 [  0.           0.           0.           1.        ]]
T_pred_ICP (Predicted Transformation from ICP):
[[ -0.74170106  -0.59098289   0.31720461 -14.12269784]
 [ -0.65118457   0.52113315  -0.55170545  -6.99345697]
 [  0.16074264  -0.61575926  -0.77136395  86.79565317]
 [  0.           0.           0.           1.        ]]
