Object ID: 8
Inlier ration of P_pred: 0.5039370059967041
Num. of correspondences: 1016
Avg. Euclidean Distance (ADD) [cm]: 20.21203541803778
Add Score thres: 0
Add Score thres (xyz direction): 0.0
Add-S Score: 1.0
Avg. Euclidean Distance (ADD) ICP: 20.247031726699433
Add Score ICP thres: 20.247031726699433
Add Score ICP thres (xyz direction): 0.0
Add-S Score ICP: 1.0
Error [cm]: 17.705261262145534
Error [deg]: 160.43045198347914
T_gt (Ground Truth Transformation):
[[-4.60683330e-01  8.86590470e-01 -4.19063300e-02  1.13719498e+01]
 [ 8.29830000e-01  4.13475740e-01 -3.74764850e-01 -2.73515534e+00]
 [-3.14932890e-01 -2.07418790e-01 -9.26185050e-01  9.70285254e+01]
 [ 0.00000000e+00  0.00000000e+00  0.00000000e+00  1.00000000e+00]]
T_pred (Predicted Transformation):
[[ 5.43862909e-02  8.70052779e-01  4.89949277e-01  8.67835868e+00]
 [-6.36393378e-01 -3.47904612e-01  6.88451777e-01 -1.62384383e+01]
 [ 7.69444994e-01 -3.49242814e-01  5.34774586e-01  8.59510695e+01]
 [ 0.00000000e+00  0.00000000e+00  0.00000000e+00  1.00000000e+00]]
T_pred_ICP (Predicted Transformation from ICP):
[[ 4.49440138e-02  8.68849964e-01  4.93031212e-01  8.64791919e+00]
 [-6.52422550e-01 -3.48215275e-01  6.73120300e-01 -1.61684235e+01]
 [ 7.56521547e-01 -3.51917409e-01  5.51207117e-01  8.58212403e+01]
 [ 0.00000000e+00  0.00000000e+00  0.00000000e+00  1.00000000e+00]]
