Object ID: 11
Inlier ration of P_pred: 0.27659574151039124
Num. of correspondences: 705
Avg. Euclidean Distance (ADD) [cm]: 6.526111355036503
Add Score thres: 0
Add Score thres (xyz direction): 0.3333333333333333
Add-S Score: 1.0
Avg. Euclidean Distance (ADD) ICP: 6.569521873376282
Add Score ICP thres: 6.569521873376282
Add Score ICP thres (xyz direction): 0.3333333333333333
Add-S Score ICP: 1.0
Error [cm]: 4.198690733804546
Error [deg]: 164.81447262043562
T_gt (Ground Truth Transformation):
[[ 2.71603910e-01  9.62441660e-01 -1.55136300e-02  7.38098875e+00]
 [ 9.05516140e-01 -2.60948870e-01 -3.34936040e-01 -1.50218738e+01]
 [-3.26365550e-01  7.69051700e-02 -9.42196930e-01  9.79851515e+01]
 [ 0.00000000e+00  0.00000000e+00  0.00000000e+00  1.00000000e+00]]
T_pred (Predicted Transformation):
[[ -0.48483701  -0.7032136    0.5200228    5.39741203]
 [ -0.86837857   0.31623264  -0.38198898 -11.42732082]
 [  0.10417166  -0.63677905  -0.7639769   97.4789175 ]
 [  0.           0.           0.           1.        ]]
T_pred_ICP (Predicted Transformation from ICP):
[[ -0.47649933  -0.71129197   0.51673215   5.30094369]
 [ -0.86933501   0.29350618  -0.39763144 -11.42074204]
 [  0.13116797  -0.63868447  -0.75820651  97.40699374]
 [  0.           0.           0.           1.        ]]
