Object ID: 11
Inlier ration of P_pred: 0.9217081665992737
Num. of correspondences: 281
Avg. Euclidean Distance (ADD) [cm]: 7.178979214458274
Add Score thres: 0
Add Score thres (xyz direction): 0.3333333333333333
Add-S Score: 0.6666666666666666
Avg. Euclidean Distance (ADD) ICP: 7.074180258935329
Add Score ICP thres: 7.074180258935329
Add Score ICP thres (xyz direction): 0.3333333333333333
Add-S Score ICP: 0.6666666666666666
Error [cm]: 4.495659584256421
Error [deg]: 178.0037345833577
T_gt (Ground Truth Transformation):
[[-2.32748180e-01  9.59899490e-01 -1.57196710e-01  1.04208714e+00]
 [ 2.44649710e-01 -9.86832100e-02 -9.64663240e-01  2.51768582e+00]
 [-9.41391550e-01 -2.62980380e-01 -2.11829380e-01  9.98044177e+01]
 [ 0.00000000e+00  0.00000000e+00  0.00000000e+00  1.00000000e+00]]
T_pred (Predicted Transformation):
[[ 2.92333189e-01 -9.54406897e-01 -6.04051443e-02 -2.64312393e-01]
 [ 2.64853727e-01  1.41494207e-01 -9.53851085e-01  2.89119784e+00]
 [ 9.18909033e-01  2.62843802e-01  2.94141676e-01  9.53934386e+01]
 [ 0.00000000e+00  0.00000000e+00  0.00000000e+00  1.00000000e+00]]
T_pred_ICP (Predicted Transformation from ICP):
[[ 3.25021018e-01 -9.44032165e-01 -5.62548678e-02 -2.83605021e-01]
 [ 2.50117234e-01  1.43174564e-01 -9.57571101e-01  2.89413273e+00]
 [ 9.12032185e-01  2.97160422e-01  2.82653457e-01  9.55251908e+01]
 [ 0.00000000e+00  0.00000000e+00  0.00000000e+00  1.00000000e+00]]
