Object ID: 12
Inlier ration of P_pred: 0.0
Num. of correspondences: 8
Avg. Euclidean Distance (ADD) [cm]: 7.6203742167703075
Add Score thres: 0
Add Score thres (xyz direction): 0.0
Add-S Score: 1.0
Avg. Euclidean Distance (ADD) ICP: 7.617867671508492
Add Score ICP thres: 7.617867671508492
Add Score ICP thres (xyz direction): 0.0
Add-S Score ICP: 1.0
Error [cm]: 3.226487312022754
Error [deg]: 135.32634428424214
T_gt (Ground Truth Transformation):
[[-0.299236  0.881502 -0.365283  2.34743 ]
 [ 0.486442 -0.188412 -0.85317  11.1737  ]
 [-0.820888 -0.43298  -0.372418 94.4043  ]
 [ 0.        0.        0.        1.      ]]
T_pred (Predicted Transformation):
[[ 8.55206889e-01 -5.16561816e-01 -4.22500652e-02  4.06837372e+00]
 [-5.15282645e-01 -8.56184370e-01  3.78433725e-02  1.25328280e+01]
 [-5.57222866e-02 -1.05931876e-02 -9.98390110e-01  9.67720169e+01]
 [ 0.00000000e+00  0.00000000e+00  0.00000000e+00  1.00000000e+00]]
T_pred_ICP (Predicted Transformation from ICP):
[[ 8.53378747e-01 -5.20976522e-01 -1.81156672e-02  4.11789338e+00]
 [-5.19714390e-01 -8.52984296e-01  4.81117857e-02  1.25325624e+01]
 [-4.05174905e-02 -3.16426025e-02 -9.98677665e-01  9.67343586e+01]
 [ 0.00000000e+00  0.00000000e+00  0.00000000e+00  1.00000000e+00]]
