Object ID: 11
Inlier ration of P_pred: 0.0
Num. of correspondences: 255
Avg. Euclidean Distance (ADD) [cm]: 6.450329672131346
Add Score thres: 0
Add Score thres (xyz direction): 0.0
Add-S Score: 1.0
Avg. Euclidean Distance (ADD) ICP: 6.40695186792616
Add Score ICP thres: 6.40695186792616
Add Score ICP thres (xyz direction): 0.0
Add-S Score ICP: 1.0
Error [cm]: 2.4626258907139675
Error [deg]: 114.6050799160311
T_gt (Ground Truth Transformation):
[[ 9.93658820e-01  3.22992700e-02 -1.08105810e-01 -2.72804053e+01]
 [-2.34672600e-02 -8.78101150e-01 -4.77976130e-01  1.48865225e+01]
 [-1.10355200e-01  4.77456330e-01 -8.71738270e-01  8.59801712e+01]
 [ 0.00000000e+00  0.00000000e+00  0.00000000e+00  1.00000000e+00]]
T_pred (Predicted Transformation):
[[ -0.12912497   0.77904735   0.61352422 -28.61294091]
 [  0.43736229   0.60001667  -0.66984642  16.94662328]
 [ -0.88996683   0.18183846  -0.41820307  85.44893292]
 [  0.           0.           0.           1.        ]]
T_pred_ICP (Predicted Transformation from ICP):
[[ -0.13372464   0.7801861    0.61108703 -28.63710735]
 [  0.44600034   0.59802927  -0.66591642  16.87222123]
 [ -0.88498667   0.1834956   -0.42793452  85.45018392]
 [  0.           0.           0.           1.        ]]
