Object ID: 5
Inlier ration of P_pred: 0.006339144427329302
Num. of correspondences: 631
Avg. Euclidean Distance (ADD) [cm]: 6.645847694421692
Add Score thres: 0
Add Score thres (xyz direction): 0.0
Add-S Score: 1.0
Avg. Euclidean Distance (ADD) ICP: 6.64638885482566
Add Score ICP thres: 6.64638885482566
Add Score ICP thres (xyz direction): 0.0
Add-S Score ICP: 1.0
Error [cm]: 4.158541009958535
Error [deg]: 64.92380425799512
T_gt (Ground Truth Transformation):
[[ 8.99599520e-01  4.29042670e-01 -8.19331200e-02  6.40236215e+00]
 [ 1.63619650e-01 -5.04921880e-01 -8.47548260e-01  4.87213765e+00]
 [-4.04993480e-01  7.49021830e-01 -5.24407490e-01  9.49789596e+01]
 [ 0.00000000e+00  0.00000000e+00  0.00000000e+00  1.00000000e+00]]
T_pred (Predicted Transformation):
[[-4.12094173e-03  9.98618758e-01  5.23793278e-02  6.91913341e+00]
 [ 3.29492143e-01  5.08107123e-02 -9.42790114e-01  6.29059357e+00]
 [-9.44149324e-01  1.33733938e-02 -3.29246422e-01  9.87808581e+01]
 [ 0.00000000e+00  0.00000000e+00  0.00000000e+00  1.00000000e+00]]
T_pred_ICP (Predicted Transformation from ICP):
[[ 1.21615432e-02  9.99641355e-01  2.38591479e-02  6.86547029e+00]
 [ 3.14538850e-01  1.88251868e-02 -9.49057914e-01  6.54104498e+00]
 [-9.49166692e-01  1.90466378e-02 -3.14197098e-01  9.87596662e+01]
 [ 0.00000000e+00  0.00000000e+00  0.00000000e+00  1.00000000e+00]]
