Object ID: 6
Inlier ration of P_pred: 0.4861111044883728
Num. of correspondences: 144
Avg. Euclidean Distance (ADD) [cm]: 12.408884372588213
Add Score thres: 0
Add Score thres (xyz direction): 0.0
Add-S Score: 0.6666666666666666
Avg. Euclidean Distance (ADD) ICP: 12.445294931699832
Add Score ICP thres: 12.445294931699832
Add Score ICP thres (xyz direction): 0.0
Add-S Score ICP: 0.6666666666666666
Error [cm]: 8.001074949166957
Error [deg]: 151.40761946004378
T_gt (Ground Truth Transformation):
[[ 8.09616200e-02 -9.92740450e-01 -9.03878400e-02  1.34672508e+01]
 [-9.51467450e-01 -4.99513300e-02 -3.04115010e-01 -2.44543755e+01]
 [ 2.97414200e-01  1.10585290e-01 -9.48461560e-01  1.23320304e+02]
 [ 0.00000000e+00  0.00000000e+00  0.00000000e+00  1.00000000e+00]]
T_pred (Predicted Transformation):
[[-4.63034645e-01  7.97042813e-01  3.87713389e-01  7.30836248e+00]
 [-6.40420575e-01  1.55051267e-03 -7.68022841e-01 -2.22474239e+01]
 [-6.12748240e-01 -6.03920815e-01  5.09724675e-01  1.18768428e+02]
 [ 0.00000000e+00  0.00000000e+00  0.00000000e+00  1.00000000e+00]]
T_pred_ICP (Predicted Transformation from ICP):
[[-4.59219680e-01  7.98712725e-01  3.88812638e-01  7.28865686e+00]
 [-6.49443361e-01 -3.23375330e-03 -7.60403093e-01 -2.22651511e+01]
 [-6.06086303e-01 -6.01703852e-01  5.20203680e-01  1.18732334e+02]
 [ 0.00000000e+00  0.00000000e+00  0.00000000e+00  1.00000000e+00]]
