Object ID: 8
Inlier ration of P_pred: 0.8068181872367859
Num. of correspondences: 88
Avg. Euclidean Distance (ADD) [cm]: 14.165055233433472
Add Score thres: 0
Add Score thres (xyz direction): 0.0
Add-S Score: 1.0
Avg. Euclidean Distance (ADD) ICP: 14.145729710143566
Add Score ICP thres: 14.145729710143566
Add Score ICP thres (xyz direction): 0.0
Add-S Score ICP: 1.0
Error [cm]: 6.583080472675486
Error [deg]: 117.16898822937057
T_gt (Ground Truth Transformation):
[[ 4.30137e-01  8.67648e-01 -2.49732e-01  3.11432e+01]
 [ 6.71839e-01 -4.92399e-01 -5.53491e-01 -1.46266e+01]
 [-6.03138e-01  7.02789e-02 -7.94639e-01  8.86325e+01]
 [ 0.00000e+00  0.00000e+00  0.00000e+00  1.00000e+00]]
T_pred (Predicted Transformation):
[[-1.68590944e-02  9.80021454e-01  1.98175985e-01  2.99515217e+01]
 [-8.59888585e-01  8.69274310e-02 -5.03026087e-01 -1.29949124e+01]
 [-5.10203286e-01 -1.78889831e-01  8.41243743e-01  8.23462032e+01]
 [ 0.00000000e+00  0.00000000e+00  0.00000000e+00  1.00000000e+00]]
T_pred_ICP (Predicted Transformation from ICP):
[[-2.97156022e-02  9.80107007e-01  1.96232613e-01  2.99835725e+01]
 [-8.57767437e-01  7.57872259e-02 -5.08420417e-01 -1.30047390e+01]
 [-5.13178339e-01 -1.83429964e-01  8.38451812e-01  8.23586033e+01]
 [ 0.00000000e+00  0.00000000e+00  0.00000000e+00  1.00000000e+00]]
