Object ID: 8
Inlier ration of P_pred: 0.44859811663627625
Num. of correspondences: 107
Avg. Euclidean Distance (ADD) [cm]: 12.194715054828665
Add Score thres: 0
Add Score thres (xyz direction): 0.0
Add-S Score: 1.0
Avg. Euclidean Distance (ADD) ICP: 12.148281806222005
Add Score ICP thres: 12.148281806222005
Add Score ICP thres (xyz direction): 0.0
Add-S Score ICP: 1.0
Error [cm]: 6.50122235196397
Error [deg]: 108.39746572292769
T_gt (Ground Truth Transformation):
[[  0.75725639   0.64761822  -0.0856661   18.10043675]
 [  0.61347308  -0.75009402  -0.24737879 -18.82278839]
 [ -0.22444039   0.13475399  -0.9652129   77.01798175]
 [  0.           0.           0.           1.        ]]
T_pred (Predicted Transformation):
[[-6.48160988e-01  5.90206926e-01  4.81189275e-01  1.57809738e+01]
 [ 6.00393973e-01  7.38587891e-03  7.99670261e-01 -2.43783013e+01]
 [ 4.68416921e-01  8.07218207e-01 -3.59143919e-01  7.45377185e+01]
 [ 0.00000000e+00  0.00000000e+00  0.00000000e+00  1.00000000e+00]]
T_pred_ICP (Predicted Transformation from ICP):
[[-6.52426816e-01  5.94749993e-01  4.69693193e-01  1.58347495e+01]
 [ 6.01392451e-01  2.91747706e-02  7.98420912e-01 -2.43700069e+01]
 [ 4.61157641e-01  8.03381154e-01 -3.76712558e-01  7.44958952e+01]
 [ 0.00000000e+00  0.00000000e+00  0.00000000e+00  1.00000000e+00]]
