Object ID: 5
Inlier ration of P_pred: 0.0
Num. of correspondences: 37
Avg. Euclidean Distance (ADD) [cm]: 10.37710518899765
Add Score thres: 0
Add Score thres (xyz direction): 0.0
Add-S Score: 1.0
Avg. Euclidean Distance (ADD) ICP: 10.431054464174872
Add Score ICP thres: 10.431054464174872
Add Score ICP thres (xyz direction): 0.0
Add-S Score ICP: 1.0
Error [cm]: 6.624745545290156
Error [deg]: 91.44510776529918
T_gt (Ground Truth Transformation):
[[  0.41801457  -0.90068207  -0.12522304  15.63652443]
 [ -0.67421238  -0.21443382  -0.70799479 -31.45226683]
 [  0.61029424   0.37993638  -0.69625778 111.89188552]
 [  0.           0.           0.           1.        ]]
T_pred (Predicted Transformation):
[[ 6.84703007e-01 -4.40665234e-01  5.80513516e-01  1.99315908e+01]
 [-7.28483088e-01 -4.38091733e-01  5.26676393e-01 -2.67903266e+01]
 [ 2.22301964e-02 -7.83511190e-01 -6.20979898e-01  1.13691104e+02]
 [ 0.00000000e+00  0.00000000e+00  0.00000000e+00  1.00000000e+00]]
T_pred_ICP (Predicted Transformation from ICP):
[[ 6.89504538e-01 -4.27783849e-01  5.84452282e-01  1.99135026e+01]
 [-7.23700363e-01 -4.39231838e-01  5.32290501e-01 -2.67479223e+01]
 [ 2.90047708e-02 -7.89985045e-01 -6.12439673e-01  1.13753029e+02]
 [ 0.00000000e+00  0.00000000e+00  0.00000000e+00  1.00000000e+00]]
