Object ID: 11
Inlier ration of P_pred: 0.0
Num. of correspondences: 204
Avg. Euclidean Distance (ADD) [cm]: 5.262257165350833
Add Score thres: 0
Add Score thres (xyz direction): 0.0
Add-S Score: 1.0
Avg. Euclidean Distance (ADD) ICP: 5.1752988229245
Add Score ICP thres: 5.1752988229245
Add Score ICP thres (xyz direction): 0.0
Add-S Score ICP: 1.0
Error [cm]: 3.287585826226651
Error [deg]: 44.03336791883358
T_gt (Ground Truth Transformation):
[[ 6.27842680e-01  7.78395730e-01 -1.42120600e-02  2.35937335e+00]
 [ 6.74198510e-01 -5.52780930e-01 -4.90032050e-01 -1.51875640e+01]
 [-3.89246420e-01  2.98053480e-01 -8.71679290e-01  8.27941243e+01]
 [ 0.00000000e+00  0.00000000e+00  0.00000000e+00  1.00000000e+00]]
T_pred (Predicted Transformation):
[[ 4.08434983e-01  6.77617217e-01  6.11568289e-01  3.93497423e+00]
 [ 7.91038679e-01  7.15469389e-02 -6.07567975e-01 -1.24587702e+01]
 [-4.55454359e-01  7.31926187e-01 -5.06799155e-01  8.13181250e+01]
 [ 0.00000000e+00  0.00000000e+00  0.00000000e+00  1.00000000e+00]]
T_pred_ICP (Predicted Transformation from ICP):
[[ 5.22668680e-01  6.26257266e-01  5.78462867e-01  4.03521930e+00]
 [ 7.42441154e-01 -8.49883251e-04 -6.69910749e-01 -1.26832963e+01]
 [-4.19044848e-01  7.79616005e-01 -4.65403374e-01  8.14794364e+01]
 [ 0.00000000e+00  0.00000000e+00  0.00000000e+00  1.00000000e+00]]
