Object ID: 8
Inlier ration of P_pred: 0.22178217768669128
Num. of correspondences: 505
Avg. Euclidean Distance (ADD) [cm]: 17.366740959143105
Add Score thres: 0
Add Score thres (xyz direction): 0.0
Add-S Score: 0.6666666666666666
Avg. Euclidean Distance (ADD) ICP: 17.43727634369364
Add Score ICP thres: 17.43727634369364
Add Score ICP thres (xyz direction): 0.0
Add-S Score ICP: 0.6666666666666666
Error [cm]: 13.774479999048411
Error [deg]: 161.0716459261908
T_gt (Ground Truth Transformation):
[[ -0.37853214   0.91486604  -0.14057423  24.96873613]
 [  0.81027648   0.25410988  -0.52811676 -12.24211432]
 [ -0.44743059  -0.31380803  -0.83746885  95.43784883]
 [  0.           0.           0.           1.        ]]
T_pred (Predicted Transformation):
[[-8.23505159e-02 -1.90552062e-01  9.78216900e-01  1.66990845e+01]
 [-8.22725398e-01 -5.40948784e-01 -1.74634855e-01 -2.11547658e+01]
 [ 5.62442275e-01 -8.19185159e-01 -1.12224609e-01  8.91466585e+01]
 [ 0.00000000e+00  0.00000000e+00  0.00000000e+00  1.00000000e+00]]
T_pred_ICP (Predicted Transformation from ICP):
[[-8.86782150e-02 -1.69176061e-01  9.81588322e-01  1.66485015e+01]
 [-8.22996893e-01 -5.42671592e-01 -1.67879889e-01 -2.11300629e+01]
 [ 5.61081356e-01 -8.22731428e-01 -9.11082248e-02  8.89946846e+01]
 [ 0.00000000e+00  0.00000000e+00  0.00000000e+00  1.00000000e+00]]
