Object ID: 6
Inlier ration of P_pred: 0.12195122241973877
Num. of correspondences: 779
Avg. Euclidean Distance (ADD) [cm]: 5.740069293874593
Add Score thres: 0
Add Score thres (xyz direction): 0.0
Add-S Score: 1.0
Avg. Euclidean Distance (ADD) ICP: 5.821923821582661
Add Score ICP thres: 5.821923821582661
Add Score ICP thres (xyz direction): 0.0
Add-S Score ICP: 1.0
Error [cm]: 1.9633679938558004
Error [deg]: 103.95220051113837
T_gt (Ground Truth Transformation):
[[ 7.51118370e-01 -4.95436180e-01 -4.36454810e-01  3.03508680e+01]
 [-5.43419180e-01 -8.83488400e-02 -8.34869760e-01 -1.19403843e+01]
 [ 3.75057450e-01  8.64215450e-01 -3.35568920e-01  1.24570926e+02]
 [ 0.00000000e+00  0.00000000e+00  0.00000000e+00  1.00000000e+00]]
T_pred (Predicted Transformation):
[[-4.30597182e-01 -5.68260689e-01 -7.01188887e-01  3.03518672e+01]
 [ 2.88278832e-01  6.49611214e-01 -7.03491710e-01 -1.09915130e+01]
 [ 8.55266848e-01 -5.05059462e-01 -1.15903230e-01  1.23095255e+02]
 [ 0.00000000e+00  0.00000000e+00  0.00000000e+00  1.00000000e+00]]
T_pred_ICP (Predicted Transformation from ICP):
[[ -0.50597826  -0.55622515  -0.65924167  30.20311398]
 [  0.24416196   0.6406741   -0.72795716 -10.84903172]
 [  0.82726715  -0.52929224  -0.18835814 122.94552349]
 [  0.           0.           0.           1.        ]]
