Object ID: 8
Inlier ration of P_pred: 0.09090909361839294
Num. of correspondences: 33
Avg. Euclidean Distance (ADD) [cm]: 14.615485233370116
Add Score thres: 0
Add Score thres (xyz direction): 0.0
Add-S Score: 0.6666666666666666
Avg. Euclidean Distance (ADD) ICP: 14.582104504918338
Add Score ICP thres: 14.582104504918338
Add Score ICP thres (xyz direction): 0.0
Add-S Score ICP: 0.6666666666666666
Error [cm]: 14.388424687686538
Error [deg]: 71.37491839173352
T_gt (Ground Truth Transformation):
[[ -0.22274396   0.93445931  -0.27828899 -11.2036307 ]
 [  0.52308028  -0.12637284  -0.84303041   3.25401609]
 [ -0.82285243  -0.33328842  -0.46055786  99.49420459]
 [  0.           0.           0.           1.        ]]
T_pred (Predicted Transformation):
[[-4.44063496e-01 -2.74279962e-02 -8.95575411e-01 -8.85937960e-01]
 [ 6.61388835e-01 -6.84342627e-01 -3.06985305e-01 -5.52868966e+00]
 [-6.04460438e-01 -7.28644545e-01  3.22032150e-01  9.45698437e+01]
 [ 0.00000000e+00  0.00000000e+00  0.00000000e+00  1.00000000e+00]]
T_pred_ICP (Predicted Transformation from ICP):
[[-4.47472863e-01 -1.26141098e-02 -8.94208545e-01 -8.34425204e-01]
 [ 6.66448945e-01 -6.71455206e-01 -3.24027330e-01 -5.40744027e+00]
 [-5.96333666e-01 -7.40937778e-01  3.08864643e-01  9.45459204e+01]
 [ 0.00000000e+00  0.00000000e+00  0.00000000e+00  1.00000000e+00]]
