Object ID: 8
Inlier ration of P_pred: 0.14549653232097626
Num. of correspondences: 866
Avg. Euclidean Distance (ADD) [cm]: 21.480560136919845
Add Score thres: 0
Add Score thres (xyz direction): 0.0
Add-S Score: 0.6666666666666666
Avg. Euclidean Distance (ADD) ICP: 21.480560136919845
Add Score ICP thres: 21.480560136919845
Add Score ICP thres (xyz direction): 0.0
Add-S Score ICP: 0.6666666666666666
Error [cm]: 19.638595544510732
Error [deg]: 170.7217621275858
T_gt (Ground Truth Transformation):
[[ 9.57612210e-01  2.81675240e-01  6.17084200e-02  1.40852679e+01]
 [ 2.74134720e-01 -8.23012130e-01 -4.97698430e-01 -1.37459794e+01]
 [-8.93903400e-02  4.93476970e-01 -8.65250430e-01  1.07630363e+02]
 [ 0.00000000e+00  0.00000000e+00  0.00000000e+00  1.00000000e+00]]
T_pred (Predicted Transformation):
[[-7.20180195e-01 -6.92333152e-01 -4.48920196e-02  1.03428089e+01]
 [ 6.92579665e-01 -7.13604517e-01 -1.05366029e-01 -1.83292277e+01]
 [ 4.09132471e-02 -1.06973827e-01  9.93419703e-01  8.89043842e+01]
 [ 0.00000000e+00  0.00000000e+00  0.00000000e+00  1.00000000e+00]]
T_pred_ICP (Predicted Transformation from ICP):
[[-7.20180195e-01 -6.92333152e-01 -4.48920196e-02  1.03428089e+01]
 [ 6.92579665e-01 -7.13604517e-01 -1.05366029e-01 -1.83292277e+01]
 [ 4.09132471e-02 -1.06973827e-01  9.93419703e-01  8.89043842e+01]
 [ 0.00000000e+00  0.00000000e+00  0.00000000e+00  1.00000000e+00]]
