Object ID: 8
Inlier ration of P_pred: 0.0
Num. of correspondences: 95
Avg. Euclidean Distance (ADD) [cm]: 12.10639853218544
Add Score thres: 0
Add Score thres (xyz direction): 0.0
Add-S Score: 1.0
Avg. Euclidean Distance (ADD) ICP: 12.15759236437273
Add Score ICP thres: 12.15759236437273
Add Score ICP thres (xyz direction): 0.0
Add-S Score ICP: 1.0
Error [cm]: 9.402712435428763
Error [deg]: 55.78429600537429
T_gt (Ground Truth Transformation):
[[ 4.31005880e-01  9.02324720e-01 -1.57991100e-02  1.24679726e+01]
 [ 2.25434070e-01 -1.24618370e-01 -9.66344930e-01 -5.56102941e+00]
 [-8.73827770e-01  4.12904600e-01 -2.57095760e-01  7.79883465e+01]
 [ 0.00000000e+00  0.00000000e+00  0.00000000e+00  1.00000000e+00]]
T_pred (Predicted Transformation):
[[ 0.23355404  0.55777283  0.79645589 14.16749513]
 [ 0.6798775   0.49191296 -0.54386416 -6.72085021]
 [-0.69513963  0.66851411 -0.26432894 68.757906  ]
 [ 0.          0.          0.          1.        ]]
T_pred_ICP (Predicted Transformation from ICP):
[[ 0.22063095  0.54589278  0.80828402 14.11678818]
 [ 0.69008275  0.49827543 -0.52488799 -6.75779703]
 [-0.68928063  0.67358939 -0.26677621 68.80901338]
 [ 0.          0.          0.          1.        ]]
