Object ID: 12
Inlier ration of P_pred: 0.07615230232477188
Num. of correspondences: 499
Avg. Euclidean Distance (ADD) [cm]: 4.279856378592736
Add Score thres: 0
Add Score thres (xyz direction): 0.0
Add-S Score: 1.0
Avg. Euclidean Distance (ADD) ICP: 4.291635035896302
Add Score ICP thres: 4.291635035896302
Add Score ICP thres (xyz direction): 0.0
Add-S Score ICP: 1.0
Error [cm]: 0.8854912500692518
Error [deg]: 56.86982015931722
T_gt (Ground Truth Transformation):
[[ 6.77658e-01  7.30554e-01 -8.53405e-02  2.52896e+01]
 [ 7.15055e-01 -6.81537e-01 -1.56261e-01  1.90834e+01]
 [-1.72295e-01  4.48633e-02 -9.84125e-01  1.00101e+02]
 [ 0.00000e+00  0.00000e+00  0.00000e+00  1.00000e+00]]
T_pred (Predicted Transformation):
[[ 9.95520923e-01 -3.98053034e-02 -8.57533088e-02  2.58812252e+01]
 [-8.07342069e-02 -8.29912024e-01 -5.52021757e-01  1.94955606e+01]
 [-4.91943086e-02  5.56472435e-01 -8.29408434e-01  1.00636514e+02]
 [ 0.00000000e+00  0.00000000e+00  0.00000000e+00  1.00000000e+00]]
T_pred_ICP (Predicted Transformation from ICP):
[[ 9.95042152e-01 -4.34473785e-02 -8.94619563e-02  2.58498345e+01]
 [-8.56415589e-02 -8.31649160e-01 -5.48657634e-01  1.95378385e+01]
 [-5.05632249e-02  5.53599134e-01 -8.31246870e-01  1.00614535e+02]
 [ 0.00000000e+00  0.00000000e+00  0.00000000e+00  1.00000000e+00]]
