Object ID: 12
Inlier ration of P_pred: 0.7046632170677185
Num. of correspondences: 386
Avg. Euclidean Distance (ADD) [cm]: 3.681330146511206
Add Score thres: 0
Add Score thres (xyz direction): 0.3333333333333333
Add-S Score: 1.0
Avg. Euclidean Distance (ADD) ICP: 3.6464912535156864
Add Score ICP thres: 3.6464912535156864
Add Score ICP thres (xyz direction): 0.3333333333333333
Add-S Score ICP: 1.0
Error [cm]: 1.5503575495147317
Error [deg]: 47.59502325277874
T_gt (Ground Truth Transformation):
[[-3.64008e-01  9.28122e-01  7.86297e-02 -1.06961e+01]
 [ 7.85706e-01  3.51297e-01 -5.09259e-01  2.05918e+01]
 [-5.00264e-01 -1.23589e-01 -8.57065e-01  9.68742e+01]
 [ 0.00000e+00  0.00000e+00  0.00000e+00  1.00000e+00]]
T_pred (Predicted Transformation):
[[ -0.81314664   0.40878535   0.4143514  -10.68247495]
 [  0.13623025   0.82576035  -0.54732182  22.15047436]
 [ -0.56589209  -0.3886057   -0.72715318  96.88830761]
 [  0.           0.           0.           1.        ]]
T_pred_ICP (Predicted Transformation from ICP):
[[ -0.80584872   0.41793919   0.41944568 -10.70296728]
 [  0.1412426    0.82360778  -0.54929114  22.14210721]
 [ -0.57502902  -0.38340196  -0.72273409  96.88463676]
 [  0.           0.           0.           1.        ]]
