Object ID: 12
Inlier ration of P_pred: 0.9442059993743896
Num. of correspondences: 233
Avg. Euclidean Distance (ADD) [cm]: 5.012710644337379
Add Score thres: 0
Add Score thres (xyz direction): 0.0
Add-S Score: 1.0
Avg. Euclidean Distance (ADD) ICP: 5.073389183049616
Add Score ICP thres: 5.073389183049616
Add Score ICP thres (xyz direction): 0.0
Add-S Score ICP: 1.0
Error [cm]: 2.5725440256469874
Error [deg]: 60.13558531949595
T_gt (Ground Truth Transformation):
[[ 1.70009e-01 -9.83032e-01 -7.67973e-02 -1.85162e+01]
 [-3.50765e-01  1.25651e-02 -9.36967e-01 -2.37291e+00]
 [ 9.21487e-01  1.86151e-01 -3.42431e-01  8.82692e+01]
 [ 0.00000e+00  0.00000e+00  0.00000e+00  1.00000e+00]]
T_pred (Predicted Transformation):
[[ 5.43480242e-01 -7.72766819e-01  3.27811944e-01 -1.93629659e+01]
 [-7.23261845e-01 -6.29300386e-01 -2.84382362e-01 -4.07386639e+00]
 [ 4.26053436e-01 -8.25376761e-02 -9.00925081e-01  9.00184053e+01]
 [ 0.00000000e+00  0.00000000e+00  0.00000000e+00  1.00000000e+00]]
T_pred_ICP (Predicted Transformation from ICP):
[[ 5.59535924e-01 -7.58723527e-01  3.33553833e-01 -1.93791349e+01]
 [-7.12927441e-01 -6.45848681e-01 -2.73155532e-01 -4.02726342e+00]
 [ 4.22674832e-01 -8.49593478e-02 -9.02290361e-01  9.00402000e+01]
 [ 0.00000000e+00  0.00000000e+00  0.00000000e+00  1.00000000e+00]]
