Object ID: 6
Inlier ration of P_pred: 0.5651312470436096
Num. of correspondences: 2019
Avg. Euclidean Distance (ADD) [cm]: 1.521373951395907
Add Score thres: 1
Add Score thres (xyz direction): 1.0
Add-S Score: 1.0
Avg. Euclidean Distance (ADD) ICP: 0.0001497650129030134
Add Score ICP thres: 0.0001497650129030134
Add Score ICP thres (xyz direction): 1.0
Add-S Score ICP: 1.0
Error [cm]: 4.674066055388803e-05
Error [deg]: 0.0
T_gt (Ground Truth Transformation):
[[ -0.36568208  -0.90270989   0.22686761  -8.95007519]
 [ -0.87578413   0.25115569  -0.41229563 -36.14416816]
 [  0.31520388  -0.34943217  -0.88238407  99.78164308]
 [  0.           0.           0.           1.        ]]
T_pred (Predicted Transformation):
[[-1.42613209e-01 -9.89689942e-01 -1.32397929e-02 -8.92640462e+00]
 [-9.41150300e-01  1.39735694e-01 -3.07749979e-01 -3.56300506e+01]
 [ 3.06427130e-01 -3.14285771e-02 -9.51375141e-01  9.94465643e+01]
 [ 0.00000000e+00  0.00000000e+00  0.00000000e+00  1.00000000e+00]]
T_pred_ICP (Predicted Transformation from ICP):
[[ -0.36566436  -0.90267784   0.22685301  -8.95008865]
 [ -0.87575512   0.25114663  -0.4122843  -36.1441562 ]
 [  0.31518653  -0.34942536  -0.88236011  99.78168621]
 [  0.           0.           0.           1.        ]]
