Object ID: 8
Inlier ration of P_pred: 0.0
Num. of correspondences: 127
Avg. Euclidean Distance (ADD) [cm]: 11.938501417587124
Add Score thres: 0
Add Score thres (xyz direction): 0.0
Add-S Score: 1.0
Avg. Euclidean Distance (ADD) ICP: 11.926312678542093
Add Score ICP thres: 11.926312678542093
Add Score ICP thres (xyz direction): 0.0
Add-S Score ICP: 1.0
Error [cm]: 7.225631844454116
Error [deg]: 137.4113067891591
T_gt (Ground Truth Transformation):
[[-0.15945076  0.93021023 -0.33087435 19.01436376]
 [ 0.39643347 -0.24664431 -0.8844096  -9.76080257]
 [-0.90419962 -0.27218248 -0.32941044 66.07459303]
 [ 0.          0.          0.          1.        ]]
T_pred (Predicted Transformation):
[[ 7.66449243e-01 -6.42279726e-01 -5.68433128e-03  1.85277875e+01]
 [-6.27062482e-01 -7.50148038e-01  2.09929904e-01 -1.49802071e+01]
 [-1.39097811e-01 -1.57336185e-01 -9.77699915e-01  7.11003596e+01]
 [ 0.00000000e+00  0.00000000e+00  0.00000000e+00  1.00000000e+00]]
T_pred_ICP (Predicted Transformation from ICP):
[[ 7.72979009e-01 -6.34423515e-01  3.20243117e-03  1.85439310e+01]
 [-6.22820954e-01 -7.57861881e-01  1.94266384e-01 -1.49579851e+01]
 [-1.20820162e-01 -1.52158378e-01 -9.80943585e-01  7.10723667e+01]
 [ 0.00000000e+00  0.00000000e+00  0.00000000e+00  1.00000000e+00]]
