Object ID: 11
Inlier ration of P_pred: 0.0
Num. of correspondences: 1024
Avg. Euclidean Distance (ADD) [cm]: 4.423821742409004
Add Score thres: 0
Add Score thres (xyz direction): 0.0
Add-S Score: 1.0
Avg. Euclidean Distance (ADD) ICP: 4.415245178306327
Add Score ICP thres: 4.415245178306327
Add Score ICP thres (xyz direction): 0.0
Add-S Score ICP: 1.0
Error [cm]: 2.19584057763399
Error [deg]: 99.66437249992093
T_gt (Ground Truth Transformation):
[[  0.86377558   0.48591243  -0.13433019 -15.68900517]
 [  0.17168317  -0.53412841  -0.82791417 -10.7908837 ]
 [ -0.47398333   0.69202532  -0.54467593 112.28823849]
 [  0.           0.           0.           1.        ]]
T_pred (Predicted Transformation):
[[-6.04548642e-01  7.95774714e-01 -3.55463747e-02 -1.68122890e+01]
 [ 4.40216832e-01  2.96575166e-01 -8.47497677e-01 -9.04702167e+00]
 [-6.63875049e-01 -5.28001682e-01 -5.29607537e-01  1.13401366e+02]
 [ 0.00000000e+00  0.00000000e+00  0.00000000e+00  1.00000000e+00]]
T_pred_ICP (Predicted Transformation from ICP):
[[-6.26228331e-01  7.79518687e-01  1.37365866e-02 -1.67378199e+01]
 [ 4.17443515e-01  3.50130967e-01 -8.38539932e-01 -9.08994565e+00]
 [-6.58467151e-01 -5.19383213e-01 -5.44666952e-01  1.13198466e+02]
 [ 0.00000000e+00  0.00000000e+00  0.00000000e+00  1.00000000e+00]]
