Object ID: 5
Inlier ration of P_pred: 0.3751890957355499
Num. of correspondences: 661
Avg. Euclidean Distance (ADD) [cm]: 3.7175066808978365
Add Score thres: 0
Add Score thres (xyz direction): 0.6666666666666666
Add-S Score: 1.0
Avg. Euclidean Distance (ADD) ICP: 3.6969323369870777
Add Score ICP thres: 3.6969323369870777
Add Score ICP thres (xyz direction): 0.6666666666666666
Add-S Score ICP: 1.0
Error [cm]: 2.3029396864955842
Error [deg]: 28.983149757491805
T_gt (Ground Truth Transformation):
[[  0.88000557   0.3872823    0.27501817   0.3266024 ]
 [  0.43993565  -0.44622249  -0.77934752 -18.42810409]
 [ -0.17910167   0.80680253  -0.56304449  88.83035405]
 [  0.           0.           0.           1.        ]]
T_pred (Predicted Transformation):
[[ 9.32508307e-01  3.03053632e-01 -1.96435115e-01  2.28812998e+00]
 [-3.04107345e-02 -4.76094830e-01 -8.78867965e-01 -1.75688520e+01]
 [-3.59865871e-01  8.25525414e-01 -4.34746300e-01  8.80990555e+01]
 [ 0.00000000e+00  0.00000000e+00  0.00000000e+00  1.00000000e+00]]
T_pred_ICP (Predicted Transformation from ICP):
[[ 9.39394230e-01  2.88583548e-01 -1.85089213e-01  2.30967624e+00]
 [-2.97562170e-02 -4.69204535e-01 -8.82588053e-01 -1.75694240e+01]
 [-3.41545089e-01  8.34605680e-01 -4.32180878e-01  8.80343529e+01]
 [ 0.00000000e+00  0.00000000e+00  0.00000000e+00  1.00000000e+00]]
