Object ID: 5
Inlier ration of P_pred: 0.9414893388748169
Num. of correspondences: 188
Avg. Euclidean Distance (ADD) [cm]: 7.728212613242647
Add Score thres: 0
Add Score thres (xyz direction): 0.3333333333333333
Add-S Score: 1.0
Avg. Euclidean Distance (ADD) ICP: 7.718376177584933
Add Score ICP thres: 7.718376177584933
Add Score ICP thres (xyz direction): 0.3333333333333333
Add-S Score ICP: 1.0
Error [cm]: 4.236160582382876
Error [deg]: 95.05233590729426
T_gt (Ground Truth Transformation):
[[ 6.49561260e-01  7.58604300e-01 -5.12294500e-02  4.05365523e+00]
 [ 7.03921850e-01 -6.25478460e-01 -3.36565250e-01  8.68580192e+00]
 [-2.87365050e-01  1.82561630e-01 -9.40269430e-01  9.36639966e+01]
 [ 0.00000000e+00  0.00000000e+00  0.00000000e+00  1.00000000e+00]]
T_pred (Predicted Transformation):
[[ 0.64887649 -0.66855444 -0.36331015  8.00509347]
 [-0.75401192 -0.62904761 -0.18911674  7.18723876]
 [-0.10210455  0.39665359 -0.91227221 93.22828804]
 [ 0.          0.          0.          1.        ]]
T_pred_ICP (Predicted Transformation from ICP):
[[ 0.65044358 -0.66701623 -0.36333523  7.99993488]
 [-0.75235193 -0.63150204 -0.18754133  7.20499843]
 [-0.10435383  0.39534101 -0.9125874  93.24073018]
 [ 0.          0.          0.          1.        ]]
