Object ID: 11
Inlier ration of P_pred: 0.1682242900133133
Num. of correspondences: 1605
Avg. Euclidean Distance (ADD) [cm]: 5.4692642780235925
Add Score thres: 0
Add Score thres (xyz direction): 0.0
Add-S Score: 1.0
Avg. Euclidean Distance (ADD) ICP: 5.482236490496819
Add Score ICP thres: 5.482236490496819
Add Score ICP thres (xyz direction): 0.0
Add-S Score ICP: 1.0
Error [cm]: 3.6561835777546166
Error [deg]: 114.51233142640164
T_gt (Ground Truth Transformation):
[[  0.9038524   -0.38597327  -0.18480488 -22.49600271]
 [ -0.31293267  -0.30155807  -0.90067341   8.99138791]
 [  0.2919084    0.87186925  -0.39333029  62.87347169]
 [  0.           0.           0.           1.        ]]
T_pred (Predicted Transformation):
[[ 5.46954071e-02  9.42865283e-01  3.28654028e-01 -2.10733668e+01]
 [ 8.20342130e-01  1.45215832e-01 -5.53128512e-01  1.19034778e+01]
 [-5.69251440e-01  2.99862335e-01 -7.65529476e-01  6.10299472e+01]
 [ 0.00000000e+00  0.00000000e+00  0.00000000e+00  1.00000000e+00]]
T_pred_ICP (Predicted Transformation from ICP):
[[ 2.62951958e-02  9.43054171e-01  3.31598241e-01 -2.11862757e+01]
 [ 8.14008508e-01  1.72345902e-01 -5.54695448e-01  1.19048552e+01]
 [-5.80257453e-01  2.84509615e-01 -7.63122249e-01  6.10947076e+01]
 [ 0.00000000e+00  0.00000000e+00  0.00000000e+00  1.00000000e+00]]
