Object ID: 8
Inlier ration of P_pred: 0.0
Num. of correspondences: 228
Avg. Euclidean Distance (ADD) [cm]: 8.693466822143137
Add Score thres: 0
Add Score thres (xyz direction): 0.3333333333333333
Add-S Score: 1.0
Avg. Euclidean Distance (ADD) ICP: 8.646279794228413
Add Score ICP thres: 8.646279794228413
Add Score ICP thres (xyz direction): 0.3333333333333333
Add-S Score ICP: 1.0
Error [cm]: 3.8037433066847077
Error [deg]: 99.69543500599349
T_gt (Ground Truth Transformation):
[[ 0.38938823  0.88431427 -0.25799685 15.61001314]
 [ 0.21062015 -0.35816712 -0.90969044 -0.13028597]
 [-0.89675907  0.29985517 -0.32568538 94.91623357]
 [ 0.          0.          0.          1.        ]]
T_pred (Predicted Transformation):
[[-0.50625632  0.35323308  0.78672163 11.89501114]
 [-0.45335385  0.66702626 -0.59122436  0.38847627]
 [-0.73360399 -0.65597436 -0.17754669 94.47511525]
 [ 0.          0.          0.          1.        ]]
T_pred_ICP (Predicted Transformation from ICP):
[[-0.5011973   0.36436143  0.78488344 11.85248196]
 [-0.44089685  0.6729416  -0.59393566  0.36209192]
 [-0.74458797 -0.64373159 -0.17663071 94.58914555]
 [ 0.          0.          0.          1.        ]]
