Object ID: 11
Inlier ration of P_pred: 0.0
Num. of correspondences: 141
Avg. Euclidean Distance (ADD) [cm]: 7.179267220400845
Add Score thres: 0
Add Score thres (xyz direction): 0.0
Add-S Score: 1.0
Avg. Euclidean Distance (ADD) ICP: 7.16569712091769
Add Score ICP thres: 7.16569712091769
Add Score ICP thres (xyz direction): 0.0
Add-S Score ICP: 1.0
Error [cm]: 3.504375740032727
Error [deg]: 134.8508031141885
T_gt (Ground Truth Transformation):
[[ 8.66467160e-01  4.87300110e-01 -1.09714240e-01 -1.44841512e+01]
 [ 9.38125900e-02 -3.74564550e-01 -9.22543730e-01 -5.36103805e+00]
 [-4.90587970e-01  7.89013730e-01 -3.70181630e-01  1.13799865e+02]
 [ 0.00000000e+00  0.00000000e+00  0.00000000e+00  1.00000000e+00]]
T_pred (Predicted Transformation):
[[ -0.86807681   0.40235301   0.29078292 -14.89933336]
 [  0.46508312   0.86398953   0.19292429  -3.78570935]
 [ -0.17360973   0.30271133  -0.93713687 110.68267752]
 [  0.           0.           0.           1.        ]]
T_pred_ICP (Predicted Transformation from ICP):
[[ -0.88225124   0.38414028   0.27215622 -14.95677779]
 [  0.43976288   0.87882122   0.18515365  -3.80712479]
 [ -0.16805168   0.28303624  -0.94427174 110.69460673]
 [  0.           0.           0.           1.        ]]
