Object ID: 4
Inlier ration of P_pred: 0.03087649494409561
Num. of correspondences: 1004
Avg. Euclidean Distance (ADD) [cm]: 8.542754676466286
Add Score thres: 0
Add Score thres (xyz direction): 0.0
Add-S Score: 1.0
Avg. Euclidean Distance (ADD) ICP: 8.54066158977289
Add Score ICP thres: 8.54066158977289
Add Score ICP thres (xyz direction): 0.0
Add-S Score ICP: 1.0
Error [cm]: 2.673429467574966
Error [deg]: 109.56966816456912
T_gt (Ground Truth Transformation):
[[ 7.46802330e-01 -6.57504439e-01  9.98709872e-02 -1.63231705e+01]
 [-2.91236073e-01 -4.58336592e-01 -8.39707971e-01  4.13317490e+00]
 [ 5.97886205e-01  5.98009884e-01 -5.33775866e-01  1.29552478e+02]
 [ 0.00000000e+00  0.00000000e+00  0.00000000e+00  1.00000000e+00]]
T_pred (Predicted Transformation):
[[ 5.16655940e-01  5.66150998e-01  6.42292524e-01 -1.78595119e+01]
 [ 4.28495347e-01  4.78490109e-01 -7.66445662e-01  3.42857564e+00]
 [-7.41254597e-01  6.71208062e-01  4.62168865e-03  1.27416981e+02]
 [ 0.00000000e+00  0.00000000e+00  0.00000000e+00  1.00000000e+00]]
T_pred_ICP (Predicted Transformation from ICP):
[[ 5.14365770e-01  5.64818138e-01  6.45297083e-01 -1.78569420e+01]
 [ 4.31676408e-01  4.79658443e-01 -7.63926212e-01  3.47145055e+00]
 [-7.41001575e-01  6.71497021e-01  2.90122010e-03  1.27465161e+02]
 [ 0.00000000e+00  0.00000000e+00  0.00000000e+00  1.00000000e+00]]
