Object ID: 9
Inlier ration of P_pred: 0.0
Num. of correspondences: 571
Avg. Euclidean Distance (ADD) [cm]: 7.50868211256171
Add Score thres: 0
Add Score thres (xyz direction): 0.0
Add-S Score: 0.6666666666666666
Avg. Euclidean Distance (ADD) ICP: 7.60909663695088
Add Score ICP thres: 7.60909663695088
Add Score ICP thres (xyz direction): 0.0
Add-S Score ICP: 0.6666666666666666
Error [cm]: 4.433540265501826
Error [deg]: 158.24865671098013
T_gt (Ground Truth Transformation):
[[-8.17995310e-01  5.74519098e-01 -2.84959879e-02  3.27577759e+01]
 [ 3.99993837e-01  5.32508612e-01 -7.45948792e-01 -1.30411530e+01]
 [-4.13387418e-01 -6.21580660e-01 -6.65393770e-01  1.56004370e+02]
 [ 0.00000000e+00  0.00000000e+00  0.00000000e+00  1.00000000e+00]]
T_pred (Predicted Transformation):
[[-1.98434368e-01 -8.07075673e-01 -5.56104900e-01  3.03734442e+01]
 [ 2.27554043e-01 -5.89820944e-01  7.74809919e-01 -1.24063300e+01]
 [-9.53332554e-01  2.72049981e-02  3.00694079e-01  1.52605367e+02]
 [ 0.00000000e+00  0.00000000e+00  0.00000000e+00  1.00000000e+00]]
T_pred_ICP (Predicted Transformation from ICP):
[[-2.02150945e-01 -8.06980217e-01 -5.54903527e-01  3.01654103e+01]
 [ 3.53675199e-01 -5.88518196e-01  7.27021449e-01 -1.18340852e+01]
 [-9.13262749e-01 -4.92875429e-02  4.04378398e-01  1.52616316e+02]
 [ 0.00000000e+00  0.00000000e+00  0.00000000e+00  1.00000000e+00]]
