Object ID: 5
Inlier ration of P_pred: 0.04000000283122063
Num. of correspondences: 2000
Avg. Euclidean Distance (ADD) [cm]: 13.264990017490788
Add Score thres: 0
Add Score thres (xyz direction): 0.0
Add-S Score: 1.0
Avg. Euclidean Distance (ADD) ICP: 13.269235779992455
Add Score ICP thres: 13.269235779992455
Add Score ICP thres (xyz direction): 0.0
Add-S Score ICP: 1.0
Error [cm]: 9.81781347016962
Error [deg]: 135.79373099832404
T_gt (Ground Truth Transformation):
[[ 3.69837582e-01 -9.28151548e-01  4.18910272e-02 -1.64666672e+01]
 [-6.82123780e-01 -3.01863730e-01 -6.66022003e-01 -8.74227524e-01]
 [ 6.30814731e-01  2.17745066e-01 -7.44754791e-01  6.12107239e+01]
 [ 0.00000000e+00  0.00000000e+00  0.00000000e+00  1.00000000e+00]]
T_pred (Predicted Transformation):
[[ 2.82787843e-01  8.96272176e-01  3.41653657e-01 -2.22818255e+01]
 [ 9.48050500e-01 -3.15283100e-01  4.23888759e-02  2.39538437e+00]
 [ 1.45709594e-01  3.11917862e-01 -9.38869513e-01  6.83982214e+01]
 [ 0.00000000e+00  0.00000000e+00  0.00000000e+00  1.00000000e+00]]
T_pred_ICP (Predicted Transformation from ICP):
[[ 2.83073255e-01  8.96287173e-01  3.41377850e-01 -2.22901079e+01]
 [ 9.48465333e-01 -3.14455846e-01  3.91284103e-02  2.41860112e+00]
 [ 1.42418553e-01  3.12708850e-01 -9.39111352e-01  6.83964235e+01]
 [ 0.00000000e+00  0.00000000e+00  0.00000000e+00  1.00000000e+00]]
