Object ID: 12
Inlier ration of P_pred: 0.03400000184774399
Num. of correspondences: 2000
Avg. Euclidean Distance (ADD) [cm]: 7.996057110887179
Add Score thres: 0
Add Score thres (xyz direction): 0.0
Add-S Score: 1.0
Avg. Euclidean Distance (ADD) ICP: 7.9472722878031705
Add Score ICP thres: 7.9472722878031705
Add Score ICP thres (xyz direction): 0.0
Add-S Score ICP: 1.0
Error [cm]: 4.503104181212212
Error [deg]: 121.39604641993371
T_gt (Ground Truth Transformation):
[[  0.81819099  -0.28578678   0.49888828 -15.42281342]
 [  0.20964119  -0.65968156  -0.72171426  -0.55168309]
 [  0.53536355   0.69508761  -0.47983292  86.74519653]
 [  0.           0.           0.           1.        ]]
T_pred (Predicted Transformation):
[[-4.78804286e-02  9.77268625e-01  2.06527237e-01 -1.23938176e+01]
 [ 1.95895574e-01 -1.93561558e-01  9.61331809e-01  2.58681079e+00]
 [ 9.79455149e-01  8.64867506e-02 -1.82174788e-01  8.53755826e+01]
 [ 0.00000000e+00  0.00000000e+00  0.00000000e+00  1.00000000e+00]]
T_pred_ICP (Predicted Transformation from ICP):
[[-4.86131271e-02  9.75269823e-01  2.15605045e-01 -1.23769478e+01]
 [ 2.13480010e-01 -2.00726942e-01  9.56104063e-01  2.49677092e+00]
 [ 9.75737182e-01  9.25065756e-02 -1.98442647e-01  8.54384533e+01]
 [ 0.00000000e+00  0.00000000e+00  0.00000000e+00  1.00000000e+00]]
