Object ID: 8
Inlier ration of P_pred: 0.0
Num. of correspondences: 1506
Avg. Euclidean Distance (ADD) [cm]: 18.23010391987088
Add Score thres: 0
Add Score thres (xyz direction): 0.0
Add-S Score: 1.0
Avg. Euclidean Distance (ADD) ICP: 18.224614572746216
Add Score ICP thres: 18.224614572746216
Add Score ICP thres (xyz direction): 0.0
Add-S Score ICP: 1.0
Error [cm]: 5.845124132226937
Error [deg]: 172.2006412531701
T_gt (Ground Truth Transformation):
[[ 7.22138822e-01  6.91160977e-01 -2.84957681e-02  2.97132507e+01]
 [ 4.44905192e-01 -4.95600581e-01 -7.45948851e-01 -2.41630585e+01]
 [-5.29693246e-01  5.26000738e-01 -6.65393531e-01  1.59412683e+02]
 [ 0.00000000e+00  0.00000000e+00  0.00000000e+00  1.00000000e+00]]
T_pred (Predicted Transformation):
[[-5.12558626e-01  7.72212940e-01  3.75460824e-01  2.91106993e+01]
 [-4.91634764e-01 -6.22427653e-01  6.08998420e-01 -1.85495930e+01]
 [ 7.03973660e-01  1.27557800e-01  6.98677389e-01  1.57776683e+02]
 [ 0.00000000e+00  0.00000000e+00  0.00000000e+00  1.00000000e+00]]
T_pred_ICP (Predicted Transformation from ICP):
[[-5.17081752e-01  7.69716878e-01  3.74382677e-01  2.92051984e+01]
 [-4.85854126e-01 -6.24046073e-01  6.11974074e-01 -1.85691928e+01]
 [ 7.04678813e-01  1.34545257e-01  6.96652958e-01  1.57795270e+02]
 [ 0.00000000e+00  0.00000000e+00  0.00000000e+00  1.00000000e+00]]
