Object ID: 4
Inlier ration of P_pred: 0.01100000087171793
Num. of correspondences: 2000
Avg. Euclidean Distance (ADD) [cm]: 11.06395681749773
Add Score thres: 0
Add Score thres (xyz direction): 0.0
Add-S Score: 1.0
Avg. Euclidean Distance (ADD) ICP: 11.003052824894061
Add Score ICP thres: 11.003052824894061
Add Score ICP thres (xyz direction): 0.0
Add-S Score ICP: 1.0
Error [cm]: 6.34813918519904
Error [deg]: 130.20434913642097
T_gt (Ground Truth Transformation):
[[ 8.74854922e-01 -4.82570231e-01  4.18908931e-02  4.95557724e-06]
 [-3.35576624e-01 -6.66185081e-01 -6.66022241e-01 -5.35876825e-06]
 [ 3.49309623e-01  5.68615198e-01 -7.44754553e-01  6.76147095e+01]
 [ 0.00000000e+00  0.00000000e+00  0.00000000e+00  1.00000000e+00]]
T_pred (Predicted Transformation):
[[-7.68044011e-01 -3.50546118e-01 -5.35934526e-01  2.72627633e+00]
 [-5.73418893e-01  3.83626986e-03  8.19253353e-01 -1.75295484e+00]
 [-2.85130093e-01  9.36537614e-01 -2.03956191e-01  6.20754005e+01]
 [ 0.00000000e+00  0.00000000e+00  0.00000000e+00  1.00000000e+00]]
T_pred_ICP (Predicted Transformation from ICP):
[[-7.62262552e-01 -3.48312263e-01 -5.45558769e-01  2.67329009e+00]
 [-5.76358893e-01 -1.83169296e-02  8.16991381e-01 -1.59472537e+00]
 [-2.94561078e-01  9.37199583e-01 -1.86790561e-01  6.20821435e+01]
 [ 0.00000000e+00  0.00000000e+00  0.00000000e+00  1.00000000e+00]]
