Object ID: 11
Inlier ration of P_pred: 0.26327943801879883
Num. of correspondences: 433
Avg. Euclidean Distance (ADD) [cm]: 4.064495467292397
Add Score thres: 0
Add Score thres (xyz direction): 0.3333333333333333
Add-S Score: 1.0
Avg. Euclidean Distance (ADD) ICP: 4.053389295490328
Add Score ICP thres: 4.053389295490328
Add Score ICP thres (xyz direction): 0.3333333333333333
Add-S Score ICP: 1.0
Error [cm]: 2.6123155590128104
Error [deg]: 48.09921099348863
T_gt (Ground Truth Transformation):
[[ -0.54680884  -0.72097063  -0.42567796  -4.52973747]
 [ -0.3440558    0.6570009   -0.67080212  -9.88484879]
 [  0.76329941  -0.22034349  -0.60730803 145.24484863]
 [  0.           0.           0.           1.        ]]
T_pred (Predicted Transformation):
[[ 9.26621588e-02 -9.95590777e-01  1.45852236e-02 -5.50945817e+00]
 [-6.79292538e-01 -7.39198282e-02 -7.30135266e-01 -7.74420216e+00]
 [ 7.27994074e-01  5.77482764e-02 -6.83146957e-01  1.46304970e+02]
 [ 0.00000000e+00  0.00000000e+00  0.00000000e+00  1.00000000e+00]]
T_pred_ICP (Predicted Transformation from ICP):
[[ 6.19470017e-02 -9.97975793e-01  1.43835297e-02 -5.53505712e+00]
 [-6.73964080e-01 -5.24554503e-02 -7.36899481e-01 -7.68669987e+00]
 [ 7.36162338e-01  3.59547310e-02 -6.75849295e-01  1.46235639e+02]
 [ 0.00000000e+00  0.00000000e+00  0.00000000e+00  1.00000000e+00]]
