Object ID: 2
Inlier ration of P_pred: 0.08300000429153442
Num. of correspondences: 2000
Avg. Euclidean Distance (ADD) [cm]: 11.132463912779963
Add Score thres: 0
Add Score thres (xyz direction): 0.0
Add-S Score: 1.0
Avg. Euclidean Distance (ADD) ICP: 11.099209764580158
Add Score ICP thres: 11.099209764580158
Add Score ICP thres (xyz direction): 0.0
Add-S Score ICP: 1.0
Error [cm]: 8.615952849492132
Error [deg]: 82.78485624561692
T_gt (Ground Truth Transformation):
[[-2.84245729e-01  9.57473755e-01 -4.94831353e-02  6.07486801e+00]
 [ 9.54246700e-01  2.77535498e-01 -1.11298509e-01  1.37048080e+01]
 [-9.28320661e-02 -7.88552314e-02 -9.92554486e-01  1.22810400e+02]
 [ 0.00000000e+00  0.00000000e+00  0.00000000e+00  1.00000000e+00]]
T_pred (Predicted Transformation):
[[ -0.51387125   0.68415381   0.5175615    4.17485851]
 [  0.51694656  -0.23451876   0.82326618  14.54668385]
 [  0.68461857   0.69060446  -0.23315852 131.25119741]
 [  0.           0.           0.           1.        ]]
T_pred_ICP (Predicted Transformation from ICP):
[[ -0.51723889   0.70333135   0.48763608   4.11475353]
 [  0.50373351  -0.21043877   0.83783535  14.52479502]
 [  0.6918934    0.67899966  -0.24544446 131.16026363]
 [  0.           0.           0.           1.        ]]
