Object ID: 15
Inlier ration of P_pred: 0.029000001028180122
Num. of correspondences: 2000
Avg. Euclidean Distance (ADD) [cm]: 16.732123658913697
Add Score thres: 0
Add Score thres (xyz direction): 0.0
Add-S Score: 0.6666666666666666
Avg. Euclidean Distance (ADD) ICP: 16.474179598145923
Add Score ICP thres: 16.474179598145923
Add Score ICP thres (xyz direction): 0.0
Add-S Score ICP: 0.6666666666666666
Error [cm]: 10.81608791419346
Error [deg]: 147.77297408221787
T_gt (Ground Truth Transformation):
[[  0.60237646   0.78816336   0.126258   -46.33106995]
 [  0.6021772   -0.34488863  -0.72002387  20.73946991]
 [ -0.52395153   0.50975513  -0.68236685 109.48234863]
 [  0.           0.           0.           1.        ]]
T_pred (Predicted Transformation):
[[-9.67091054e-01 -2.21293055e-01  1.25555869e-01 -4.48598437e+01]
 [ 8.01776236e-02  2.03271775e-01  9.75834071e-01  1.46017820e+01]
 [-2.41467267e-01  9.53787172e-01 -1.78839564e-01  1.18575708e+02]
 [ 0.00000000e+00  0.00000000e+00  0.00000000e+00  1.00000000e+00]]
T_pred_ICP (Predicted Transformation from ICP):
[[ -0.97503066  -0.1583137    0.15573046 -44.91526826]
 [  0.13115291   0.15538174   0.97910951  14.59243786]
 [ -0.17920412   0.9750863   -0.13073865 118.26854578]
 [  0.           0.           0.           1.        ]]
