Object ID: 5
Inlier ration of P_pred: 0.018147684633731842
Num. of correspondences: 1598
Avg. Euclidean Distance (ADD) [cm]: 12.635396267364989
Add Score thres: 0
Add Score thres (xyz direction): 0.0
Add-S Score: 1.0
Avg. Euclidean Distance (ADD) ICP: 12.760989128569628
Add Score ICP thres: 12.760989128569628
Add Score ICP thres (xyz direction): 0.0
Add-S Score ICP: 1.0
Error [cm]: 4.107817280979425
Error [deg]: 143.67666510058578
T_gt (Ground Truth Transformation):
[[ 7.78846085e-01 -6.26567423e-01 -2.84956582e-02 -2.85997467e+01]
 [-4.33821499e-01 -5.05330861e-01 -7.45948792e-01 -8.39232941e+00]
 [ 4.52987492e-01  5.93341291e-01 -6.65393353e-01  1.45302124e+02]
 [ 0.00000000e+00  0.00000000e+00  0.00000000e+00  1.00000000e+00]]
T_pred (Predicted Transformation):
[[ 3.19579122e-01 -8.22473391e-01 -4.70538740e-01 -2.51711653e+01]
 [ 3.16064950e-01 -3.75614519e-01  8.71215634e-01 -8.91806522e+00]
 [-8.93292859e-01 -4.27143131e-01  1.39916453e-01  1.43454765e+02]
 [ 0.00000000e+00  0.00000000e+00  0.00000000e+00  1.00000000e+00]]
T_pred_ICP (Predicted Transformation from ICP):
[[  0.30087869  -0.8362213   -0.45848222 -25.06319571]
 [  0.33632639  -0.35682679   0.87152694  -8.94009595]
 [ -0.89238813  -0.41642355   0.17388171 143.285463  ]
 [  0.           0.           0.           1.        ]]
