Object ID: 5
Inlier ration of P_pred: 0.04700000211596489
Num. of correspondences: 2000
Avg. Euclidean Distance (ADD) [cm]: 11.402128795635655
Add Score thres: 0
Add Score thres (xyz direction): 0.0
Add-S Score: 0.6666666666666666
Avg. Euclidean Distance (ADD) ICP: 11.48889862207794
Add Score ICP thres: 11.48889862207794
Add Score ICP thres (xyz direction): 0.0
Add-S Score ICP: 0.6666666666666666
Error [cm]: 6.742383619561717
Error [deg]: 109.52086709081934
T_gt (Ground Truth Transformation):
[[ 9.89408612e-01 -1.64437890e-02 -1.44222632e-01 -1.03375046e+01]
 [-9.10318494e-02 -8.44193637e-01 -5.28252542e-01 -1.35426788e+01]
 [-1.13065332e-01  5.35786450e-01 -8.36749375e-01  8.67806946e+01]
 [ 0.00000000e+00  0.00000000e+00  0.00000000e+00  1.00000000e+00]]
T_pred (Predicted Transformation):
[[ -0.18774384   0.51160803  -0.8384566   -5.09912387]
 [  0.80719393  -0.40600768  -0.42848071 -10.03681552]
 [ -0.55963399  -0.7572417   -0.33674146  88.85195024]
 [  0.           0.           0.           1.        ]]
T_pred_ICP (Predicted Transformation from ICP):
[[-0.20726176  0.52184545 -0.82747803 -5.12377316]
 [ 0.80928998 -0.38375977 -0.44472257 -9.83497239]
 [-0.54962923 -0.76184366 -0.34278557 88.90899309]
 [ 0.          0.          0.          1.        ]]
