Object ID: 5
Inlier ration of P_pred: 0.004922644235193729
Num. of correspondences: 1422
Avg. Euclidean Distance (ADD) [cm]: 13.84262998306892
Add Score thres: 0
Add Score thres (xyz direction): 0.0
Add-S Score: 0.6666666666666666
Avg. Euclidean Distance (ADD) ICP: 14.079229054835285
Add Score ICP thres: 14.079229054835285
Add Score ICP thres (xyz direction): 0.0
Add-S Score ICP: 0.6666666666666666
Error [cm]: 10.477280638739579
Error [deg]: 111.51722048363352
T_gt (Ground Truth Transformation):
[[ 8.19300532e-01  3.84115905e-01 -4.25677925e-01  1.31733923e+00]
 [-8.19622015e-04 -7.41636038e-01 -6.70802236e-01 -2.10913574e+01]
 [-5.73363781e-01  5.49937487e-01 -6.07308030e-01  1.51802441e+02]
 [ 0.00000000e+00  0.00000000e+00  0.00000000e+00  1.00000000e+00]]
T_pred (Predicted Transformation):
[[-3.85096160e-01  7.51420195e-01  5.35787867e-01 -7.90585453e+00]
 [ 9.04300346e-01  4.23137218e-01  5.65312172e-02 -1.87934635e+01]
 [-1.84233089e-01  5.06283108e-01 -8.42458060e-01  1.55798750e+02]
 [ 0.00000000e+00  0.00000000e+00  0.00000000e+00  1.00000000e+00]]
T_pred_ICP (Predicted Transformation from ICP):
[[-3.93296746e-01  7.19105277e-01  5.72892023e-01 -8.12561008e+00]
 [ 8.88607062e-01  4.57246936e-01  3.60933302e-02 -1.86433478e+01]
 [-2.35998218e-01  5.23271287e-01 -8.18835760e-01  1.55624923e+02]
 [ 0.00000000e+00  0.00000000e+00  0.00000000e+00  1.00000000e+00]]
