Object ID: 15
Inlier ration of P_pred: 0.10400000214576721
Num. of correspondences: 2000
Avg. Euclidean Distance (ADD) [cm]: 10.378218057083876
Add Score thres: 0
Add Score thres (xyz direction): 0.3333333333333333
Add-S Score: 1.0
Avg. Euclidean Distance (ADD) ICP: 10.351217580826109
Add Score ICP thres: 10.351217580826109
Add Score ICP thres (xyz direction): 0.3333333333333333
Add-S Score ICP: 1.0
Error [cm]: 4.421933186597898
Error [deg]: 143.90127884487651
T_gt (Ground Truth Transformation):
[[-9.27222446e-02 -8.61691952e-01  4.98888493e-01  4.91008118e+01]
 [-5.94922781e-01 -3.53830040e-01 -7.21714258e-01  2.22092728e+01]
 [ 7.98416972e-01 -3.63719016e-01 -4.79832381e-01  1.09807031e+02]
 [ 0.00000000e+00  0.00000000e+00  0.00000000e+00  1.00000000e+00]]
T_pred (Predicted Transformation):
[[ 6.87871244e-01  7.24725137e-01 -4.00827672e-02  4.63952331e+01]
 [ 3.50835703e-01 -3.80323081e-01 -8.55726979e-01  2.23788717e+01]
 [-6.35411254e-01  5.74567516e-01 -5.15872764e-01  1.06291795e+02]
 [ 0.00000000e+00  0.00000000e+00  0.00000000e+00  1.00000000e+00]]
T_pred_ICP (Predicted Transformation from ICP):
[[ 7.00673007e-01  7.11861858e-01 -4.80628040e-02  4.64404488e+01]
 [ 3.34695301e-01 -3.87431584e-01 -8.58996987e-01  2.24555153e+01]
 [-6.30108239e-01  5.85789607e-01 -5.09719671e-01  1.06283492e+02]
 [ 0.00000000e+00  0.00000000e+00  0.00000000e+00  1.00000000e+00]]
