Object ID: 8
Inlier ration of P_pred: 0.0430000014603138
Num. of correspondences: 2000
Avg. Euclidean Distance (ADD) [cm]: 15.383574576799685
Add Score thres: 0
Add Score thres (xyz direction): 0.0
Add-S Score: 1.0
Avg. Euclidean Distance (ADD) ICP: 15.38732742746034
Add Score ICP thres: 15.38732742746034
Add Score ICP thres (xyz direction): 0.0
Add-S Score ICP: 1.0
Error [cm]: 8.505818194777127
Error [deg]: 142.46314301357998
T_gt (Ground Truth Transformation):
[[-9.84701216e-01 -1.66880697e-01 -5.01499288e-02 -6.22321367e-01]
 [-1.49748757e-01  9.57588792e-01 -2.46168762e-01 -1.65890259e+01]
 [ 8.91038179e-02 -2.34892711e-01 -9.67929006e-01  1.00438104e+02]
 [ 0.00000000e+00  0.00000000e+00  0.00000000e+00  1.00000000e+00]]
T_pred (Predicted Transformation):
[[  0.22389882  -0.67564175   0.70240839  -1.484482  ]
 [  0.7794586    0.55678713   0.28711042 -17.49195466]
 [ -0.58507573   0.48321458   0.65129875  92.07888732]
 [  0.           0.           0.           1.        ]]
T_pred_ICP (Predicted Transformation from ICP):
[[  0.22268623  -0.67779931   0.70071317  -1.51410539]
 [  0.77310005   0.56065068   0.29662624 -17.51402216]
 [ -0.59390838   0.4756668    0.64885586  92.02989122]
 [  0.           0.           0.           1.        ]]
