Object ID: 3
Inlier ration of P_pred: 0.0
Num. of correspondences: 2000
Avg. Euclidean Distance (ADD) [cm]: 9.407167689422877
Add Score thres: 0
Add Score thres (xyz direction): 0.0
Add-S Score: 1.0
Avg. Euclidean Distance (ADD) ICP: 9.383089629944397
Add Score ICP thres: 9.383089629944397
Add Score ICP thres (xyz direction): 0.0
Add-S Score ICP: 1.0
Error [cm]: 4.494009062893247
Error [deg]: 96.15111889682542
T_gt (Ground Truth Transformation):
[[-2.23846972e-01  9.73333180e-01 -5.01486622e-02  1.39877005e+00]
 [ 9.47262943e-01  2.05168232e-01 -2.46168315e-01  3.53243683e+01]
 [-2.29314893e-01 -1.02608025e-01 -9.67928767e-01  9.40281860e+01]
 [ 0.00000000e+00  0.00000000e+00  0.00000000e+00  1.00000000e+00]]
T_pred (Predicted Transformation):
[[-5.44835268e-01  1.89305279e-02  8.38329390e-01 -1.93928891e+00]
 [-2.54655247e-01  9.48793464e-01 -1.86926908e-01  3.30730188e+01]
 [-7.98940070e-01 -3.15329350e-01 -5.12115383e-01  9.17516725e+01]
 [ 0.00000000e+00  0.00000000e+00  0.00000000e+00  1.00000000e+00]]
T_pred_ICP (Predicted Transformation from ICP):
[[-5.20148998e-01  1.24114793e-03  8.54074634e-01 -1.82077839e+00]
 [-2.34525650e-01  9.61351137e-01 -1.44227982e-01  3.32414660e+01]
 [-8.21244628e-01 -2.75322449e-01 -4.99754749e-01  9.16846538e+01]
 [ 0.00000000e+00  0.00000000e+00  0.00000000e+00  1.00000000e+00]]
