Object ID: 3
Inlier ration of P_pred: 0.03869653865695
Num. of correspondences: 1964
Avg. Euclidean Distance (ADD) [cm]: 12.050110984323844
Add Score thres: 0
Add Score thres (xyz direction): 0.0
Add-S Score: 0.6666666666666666
Avg. Euclidean Distance (ADD) ICP: 12.121927806850836
Add Score ICP thres: 12.121927806850836
Add Score ICP thres (xyz direction): 0.0
Add-S Score ICP: 0.6666666666666666
Error [cm]: 6.038407995729112
Error [deg]: 160.5619757894663
T_gt (Ground Truth Transformation):
[[ 0.9193576   0.3860864  -0.07562336 -7.94516449]
 [ 0.35761803 -0.90022391 -0.24840708 22.39738159]
 [-0.16398457  0.20133065 -0.96569914 64.53496094]
 [ 0.          0.          0.          1.        ]]
T_pred (Predicted Transformation):
[[ 5.85903980e-01  3.13306093e-02 -8.09774610e-01 -6.61677869e+00]
 [-2.88168726e-01  9.41995650e-01 -1.72055167e-01  2.19833211e+01]
 [ 7.57413567e-01  3.34159524e-01  5.60947502e-01  7.02547364e+01]
 [ 0.00000000e+00  0.00000000e+00  0.00000000e+00  1.00000000e+00]]
T_pred_ICP (Predicted Transformation from ICP):
[[ 5.65621240e-01  3.46658804e-02 -8.23936217e-01 -6.73446279e+00]
 [-3.13466682e-01  9.33159947e-01 -1.75929397e-01  2.17886590e+01]
 [ 7.62765529e-01  3.57785956e-01  5.38681685e-01  7.04193496e+01]
 [ 0.00000000e+00  0.00000000e+00  0.00000000e+00  1.00000000e+00]]
