Object ID: 4
Inlier ration of P_pred: 0.014500000514090061
Num. of correspondences: 2000
Avg. Euclidean Distance (ADD) [cm]: 8.393903524515236
Add Score thres: 0
Add Score thres (xyz direction): 0.0
Add-S Score: 1.0
Avg. Euclidean Distance (ADD) ICP: 8.346262360017652
Add Score ICP thres: 8.346262360017652
Add Score ICP thres (xyz direction): 0.0
Add-S Score ICP: 1.0
Error [cm]: 2.5495044285931665
Error [deg]: 107.39248201776167
T_gt (Ground Truth Transformation):
[[ 9.92546737e-01 -1.11068338e-01 -5.01483157e-02 -1.25173958e+01]
 [-1.20061107e-01 -9.61762071e-01 -2.46168613e-01 -2.93042969e+01]
 [-2.08892096e-02  2.50354707e-01 -9.67928767e-01  1.09841565e+02]
 [ 0.00000000e+00  0.00000000e+00  0.00000000e+00  1.00000000e+00]]
T_pred (Predicted Transformation):
[[ 5.39608887e-01  1.27671181e-01 -8.32179259e-01 -1.40115633e+01]
 [ 8.40856250e-01 -1.31299652e-01  5.25091582e-01 -3.14369960e+01]
 [-4.22257849e-02 -9.83087214e-01 -1.78203569e-01  1.10188521e+02]
 [ 0.00000000e+00  0.00000000e+00  0.00000000e+00  1.00000000e+00]]
T_pred_ICP (Predicted Transformation from ICP):
[[ 5.39253741e-01  1.56704029e-01 -8.27435345e-01 -1.39589029e+01]
 [ 8.41807467e-01 -1.28049871e-01  5.24369544e-01 -3.13787494e+01]
 [-2.37821694e-02 -9.79309490e-01 -2.00965993e-01  1.10186060e+02]
 [ 0.00000000e+00  0.00000000e+00  0.00000000e+00  1.00000000e+00]]
