Object ID: 11
Inlier ration of P_pred: 0.19103413820266724
Num. of correspondences: 1963
Avg. Euclidean Distance (ADD) [cm]: 7.347970638450456
Add Score thres: 0
Add Score thres (xyz direction): 0.3333333333333333
Add-S Score: 1.0
Avg. Euclidean Distance (ADD) ICP: 7.354128710039648
Add Score ICP thres: 7.354128710039648
Add Score ICP thres (xyz direction): 0.3333333333333333
Add-S Score ICP: 1.0
Error [cm]: 6.089197476128447
Error [deg]: 128.1758413569829
T_gt (Ground Truth Transformation):
[[-7.58933544e-01  6.49819613e-01  4.18908373e-02 -3.74931297e+00]
 [ 4.63595301e-01  5.84374666e-01 -6.66022301e-01  4.80707092e+00]
 [-4.57274228e-01 -4.86046135e-01 -7.44754910e-01  5.82497375e+01]
 [ 0.00000000e+00  0.00000000e+00  0.00000000e+00  1.00000000e+00]]
T_pred (Predicted Transformation):
[[ 7.70724411e-01  1.87342078e-02 -6.36893172e-01 -5.31765939e+00]
 [ 1.12352464e-01 -9.87901239e-01  1.06902135e-01  1.06542490e+01]
 [-6.27184827e-01 -1.53948602e-01 -7.63504434e-01  5.78165938e+01]
 [ 0.00000000e+00  0.00000000e+00  0.00000000e+00  1.00000000e+00]]
T_pred_ICP (Predicted Transformation from ICP):
[[ 7.59123520e-01  3.19244889e-02 -6.50163294e-01 -5.39909467e+00]
 [ 1.29483648e-01 -9.86242870e-01  1.02756929e-01  1.06572255e+01]
 [-6.37938450e-01 -1.62190717e-01 -7.52813858e-01  5.78860924e+01]
 [ 0.00000000e+00  0.00000000e+00  0.00000000e+00  1.00000000e+00]]
