Object ID: 5
Inlier ration of P_pred: 0.006503251846879721
Num. of correspondences: 1999
Avg. Euclidean Distance (ADD) [cm]: 14.502561206536429
Add Score thres: 0
Add Score thres (xyz direction): 0.0
Add-S Score: 0.3333333333333333
Avg. Euclidean Distance (ADD) ICP: 14.349274863910605
Add Score ICP thres: 14.349274863910605
Add Score ICP thres (xyz direction): 0.0
Add-S Score ICP: 0.3333333333333333
Error [cm]: 10.579395661543796
Error [deg]: 106.91682343135233
T_gt (Ground Truth Transformation):
[[ 6.37622237e-01  7.64519274e-01  9.45948213e-02  1.39018158e+01]
 [ 7.68650234e-01 -6.23250365e-01 -1.43999696e-01 -1.51261841e+01]
 [-5.11342846e-02  1.64527744e-01 -9.85046208e-01  6.57419556e+01]
 [ 0.00000000e+00  0.00000000e+00  0.00000000e+00  1.00000000e+00]]
T_pred (Predicted Transformation):
[[-6.96057926e-01  9.05828058e-02  7.12248635e-01  4.94273726e+00]
 [ 7.15558031e-01  1.69026261e-01  6.77795565e-01 -2.06401190e+01]
 [-5.89920998e-02  9.81440206e-01 -1.82469323e-01  6.40186079e+01]
 [ 0.00000000e+00  0.00000000e+00  0.00000000e+00  1.00000000e+00]]
T_pred_ICP (Predicted Transformation from ICP):
[[-7.09454855e-01  1.29375662e-01  6.92773951e-01  4.99919347e+00]
 [ 7.04401915e-01  1.61105655e-01  6.91276291e-01 -2.06191331e+01]
 [-2.21754735e-02  9.78420618e-01 -2.05429653e-01  6.41625761e+01]
 [ 0.00000000e+00  0.00000000e+00  0.00000000e+00  1.00000000e+00]]
