Object ID: 10
Inlier ration of P_pred: 0.0
Num. of correspondences: 2000
Avg. Euclidean Distance (ADD) [cm]: 7.21003282583599
Add Score thres: 0
Add Score thres (xyz direction): 0.0
Add-S Score: 1.0
Avg. Euclidean Distance (ADD) ICP: 7.20380046693356
Add Score ICP thres: 7.20380046693356
Add Score ICP thres (xyz direction): 0.0
Add-S Score ICP: 1.0
Error [cm]: 2.6206010603512957
Error [deg]: 125.68499407020832
T_gt (Ground Truth Transformation):
[[-2.74471864e-02  9.89164531e-01 -1.44222915e-01 -2.40363632e+01]
 [ 8.47400010e-01 -5.35072014e-02 -5.28252125e-01 -1.37032194e+00]
 [-5.30245245e-01 -1.36713505e-01 -8.36749434e-01  8.88963013e+01]
 [ 0.00000000e+00  0.00000000e+00  0.00000000e+00  1.00000000e+00]]
T_pred (Predicted Transformation):
[[ 6.48980081e-01 -7.67660509e-02  7.56922604e-01 -2.60505496e+01]
 [ 2.51482760e-01  9.60617697e-01 -1.18195010e-01  2.94662668e-01]
 [-7.18039885e-01  2.67059193e-01  6.42727089e-01  8.91913518e+01]
 [ 0.00000000e+00  0.00000000e+00  0.00000000e+00  1.00000000e+00]]
T_pred_ICP (Predicted Transformation from ICP):
[[ 6.49702115e-01 -7.40101377e-02  7.56577598e-01 -2.60468453e+01]
 [ 2.52652564e-01  9.59696474e-01 -1.23082731e-01  2.84900006e-01]
 [-7.16975483e-01  2.71118381e-01  6.42215680e-01  8.91891357e+01]
 [ 0.00000000e+00  0.00000000e+00  0.00000000e+00  1.00000000e+00]]
