Object ID: 9
Inlier ration of P_pred: 0.09916200488805771
Num. of correspondences: 716
Avg. Euclidean Distance (ADD) [cm]: 3.833529943489667
Add Score thres: 0
Add Score thres (xyz direction): 0.0
Add-S Score: 1.0
Avg. Euclidean Distance (ADD) ICP: 3.2900523086772933
Add Score ICP thres: 3.2900523086772933
Add Score ICP thres (xyz direction): 0.0
Add-S Score ICP: 1.0
Error [cm]: 1.2316428644981574
Error [deg]: 60.1077381713344
T_gt (Ground Truth Transformation):
[[-0.41279215 -0.86631167  0.28125924 17.54369812]
 [-0.23809206 -0.19542775 -0.95137805 16.77746735]
 [ 0.87915576 -0.45968696 -0.12559092 92.59227905]
 [ 0.          0.          0.          1.        ]]
T_pred (Predicted Transformation):
[[ 4.43548137e-01 -5.70777807e-01  6.90997645e-01  1.58825928e+01]
 [ 3.46183034e-01 -6.02044221e-01 -7.19513769e-01  1.62261702e+01]
 [ 8.26693630e-01  5.58350653e-01 -6.94419990e-02  9.26210487e+01]
 [ 0.00000000e+00  0.00000000e+00  0.00000000e+00  1.00000000e+00]]
T_pred_ICP (Predicted Transformation from ICP):
[[ 0.47218083 -0.71821068  0.51109557 16.4241702 ]
 [ 0.15813357 -0.50138124 -0.85065306 16.26431333]
 [ 0.86720184  0.48248343 -0.12316939 92.60884221]
 [ 0.          0.          0.          1.        ]]
