Object ID: 11
Inlier ration of P_pred: 0.09203142672777176
Num. of correspondences: 891
Avg. Euclidean Distance (ADD) [cm]: 9.421240145096363
Add Score thres: 0
Add Score thres (xyz direction): 0.0
Add-S Score: 1.0
Avg. Euclidean Distance (ADD) ICP: 9.415827687192445
Add Score ICP thres: 9.415827687192445
Add Score ICP thres (xyz direction): 0.0
Add-S Score ICP: 1.0
Error [cm]: 2.2993893458071444
Error [deg]: 146.1989230984682
T_gt (Ground Truth Transformation):
[[-5.98092735e-01  7.95179963e-01  9.98709127e-02 -1.76421158e+01]
 [ 3.78061146e-01  3.89821082e-01 -8.39707911e-01  6.55383301e+00]
 [-7.06650615e-01 -4.64465767e-01 -5.33775866e-01  1.18723413e+02]
 [ 0.00000000e+00  0.00000000e+00  0.00000000e+00  1.00000000e+00]]
T_pred (Predicted Transformation):
[[  0.24907347   0.76689815   0.59146397 -17.02162621]
 [ -0.84742331  -0.123084     0.51645336   6.91538015]
 [  0.46886688  -0.62985519   0.61923041 116.51997358]
 [  0.           0.           0.           1.        ]]
T_pred_ICP (Predicted Transformation from ICP):
[[  0.25254193   0.76053695   0.59816898 -17.02705096]
 [ -0.84160201  -0.13237525   0.52362473   6.88726532]
 [  0.47741872  -0.63565741   0.60663912 116.53304565]
 [  0.           0.           0.           1.        ]]
