Object ID: 1
Inlier ration of P_pred: 0.0650000050663948
Num. of correspondences: 2000
Avg. Euclidean Distance (ADD) [cm]: 8.64306326055274
Add Score thres: 0
Add Score thres (xyz direction): 0.0
Add-S Score: 0.6666666666666666
Avg. Euclidean Distance (ADD) ICP: 8.569744770932928
Add Score ICP thres: 8.569744770932928
Add Score ICP thres (xyz direction): 0.0
Add-S Score ICP: 0.6666666666666666
Error [cm]: 8.824141980801476
Error [deg]: 149.1056254646264
T_gt (Ground Truth Transformation):
[[-4.90134627e-01  8.71585965e-01 -1.02963233e-02 -8.38008499e+00]
 [ 7.14860380e-01  3.95185262e-01 -5.76891065e-01 -7.59536285e+00]
 [-4.98741180e-01 -2.90114671e-01 -8.16756248e-01  6.25805664e+01]
 [ 0.00000000e+00  0.00000000e+00  0.00000000e+00  1.00000000e+00]]
T_pred (Predicted Transformation):
[[-7.90791198e-01 -5.18692058e-01 -3.24973583e-01 -9.53365938e+00]
 [-4.02903219e-01  4.14262860e-02  9.14304577e-01  5.41141214e-01]
 [-4.60780074e-01  8.53956915e-01 -2.41742242e-01  6.59810847e+01]
 [ 0.00000000e+00  0.00000000e+00  0.00000000e+00  1.00000000e+00]]
T_pred_ICP (Predicted Transformation from ICP):
[[-7.98069428e-01 -5.25268491e-01 -2.95259549e-01 -9.43868151e+00]
 [-3.38775224e-01 -1.40932686e-02  9.40761780e-01  3.27833539e-01]
 [-4.98313692e-01  8.50819836e-01 -1.66700544e-01  6.63179203e+01]
 [ 0.00000000e+00  0.00000000e+00  0.00000000e+00  1.00000000e+00]]
