Object ID: 3
Inlier ration of P_pred: 0.001015744055621326
Num. of correspondences: 1969
Avg. Euclidean Distance (ADD) [cm]: 11.482188928757534
Add Score thres: 0
Add Score thres (xyz direction): 0.0
Add-S Score: 1.0
Avg. Euclidean Distance (ADD) ICP: 11.440981910795745
Add Score ICP thres: 11.440981910795745
Add Score ICP thres (xyz direction): 0.0
Add-S Score ICP: 1.0
Error [cm]: 2.897757543798045
Error [deg]: 122.57634284236251
T_gt (Ground Truth Transformation):
[[ 8.13975692e-01  2.97580212e-01  4.98888373e-01 -1.01281296e+01]
 [ 5.80293477e-01 -3.77344161e-01 -7.21713960e-01  1.40004272e+01]
 [-2.65152343e-02  8.76959324e-01 -4.79832858e-01  7.20637329e+01]
 [ 0.00000000e+00  0.00000000e+00  0.00000000e+00  1.00000000e+00]]
T_pred (Predicted Transformation):
[[ -0.28016433   0.27711872   0.91908278 -11.74472943]
 [ -0.25586593   0.90123247  -0.34973226  12.48088402]
 [ -0.92522461  -0.33314448  -0.18158795  70.05244899]
 [  0.           0.           0.           1.        ]]
T_pred_ICP (Predicted Transformation from ICP):
[[ -0.2831485    0.31115382   0.90719911 -11.65671559]
 [ -0.25103314   0.8888879   -0.38322405  12.42095964]
 [ -0.92563994  -0.33624635  -0.17357735  70.17542529]
 [  0.           0.           0.           1.        ]]
