Object ID: 15
Inlier ration of P_pred: 0.039500001817941666
Num. of correspondences: 2000
Avg. Euclidean Distance (ADD) [cm]: 17.53506697175425
Add Score thres: 0
Add Score thres (xyz direction): 0.0
Add-S Score: 0.6666666666666666
Avg. Euclidean Distance (ADD) ICP: 17.50069410067212
Add Score ICP thres: 17.50069410067212
Add Score ICP thres (xyz direction): 0.0
Add-S Score ICP: 0.6666666666666666
Error [cm]: 13.487450440238803
Error [deg]: 155.8292274930562
T_gt (Ground Truth Transformation):
[[ 6.50070429e-01  7.55587757e-01  8.05949047e-02 -4.44036041e+01]
 [ 7.53017664e-01 -6.26355231e-01 -2.01601893e-01  3.60182526e+01]
 [-1.01846881e-01  1.91744819e-01 -9.76145923e-01  1.20287805e+02]
 [ 0.00000000e+00  0.00000000e+00  0.00000000e+00  1.00000000e+00]]
T_pred (Predicted Transformation):
[[ -0.27959352   0.13843713  -0.95008559 -35.09511673]
 [ -0.32575727   0.9171745    0.2295063   40.33157572]
 [  0.90316647   0.37366576  -0.21133914 129.01348819]
 [  0.           0.           0.           1.        ]]
T_pred_ICP (Predicted Transformation from ICP):
[[ -0.28805313   0.15530916  -0.94493622 -35.11352284]
 [ -0.32564891   0.91206559   0.24917695  40.25374034]
 [  0.90054327   0.37949365  -0.21214709 129.10065673]
 [  0.           0.           0.           1.        ]]
