Object ID: 1
Inlier ration of P_pred: 0.022191401571035385
Num. of correspondences: 721
Avg. Euclidean Distance (ADD) [cm]: 7.306390894976841
Add Score thres: 0
Add Score thres (xyz direction): 0.0
Add-S Score: 0.6666666666666666
Avg. Euclidean Distance (ADD) ICP: 7.247764018678068
Add Score ICP thres: 7.247764018678068
Add Score ICP thres (xyz direction): 0.0
Add-S Score ICP: 0.6666666666666666
Error [cm]: 7.576332488171031
Error [deg]: 116.68170802230387
T_gt (Ground Truth Transformation):
[[-2.36612603e-01  9.70309258e-01 -5.01490682e-02  9.61085510e-01]
 [ 9.44486678e-01  2.17592493e-01 -2.46168017e-01  1.65922150e+01]
 [-2.27946982e-01 -1.05611518e-01 -9.67929304e-01  9.79214600e+01]
 [ 0.00000000e+00  0.00000000e+00  0.00000000e+00  1.00000000e+00]]
T_pred (Predicted Transformation):
[[-3.26800201e-01  2.48932824e-01 -9.11720395e-01 -4.71926240e+00]
 [ 2.33742161e-03 -9.64472251e-01 -2.64173832e-01  1.47882768e+01]
 [-9.45090559e-01 -8.84631363e-02  3.14607864e-01  1.02749332e+02]
 [ 0.00000000e+00  0.00000000e+00  0.00000000e+00  1.00000000e+00]]
T_pred_ICP (Predicted Transformation from ICP):
[[-3.50547210e-01  2.37001143e-01 -9.06061318e-01 -4.62247172e+00]
 [-1.95805457e-03 -9.67634203e-01 -2.52349391e-01  1.49246989e+01]
 [-9.36543015e-01 -8.66862574e-02  3.39665532e-01  1.02763370e+02]
 [ 0.00000000e+00  0.00000000e+00  0.00000000e+00  1.00000000e+00]]
