Object ID: 9
Inlier ration of P_pred: 0.0
Num. of correspondences: 472
Avg. Euclidean Distance (ADD) [cm]: 6.773886883974377
Add Score thres: 0
Add Score thres (xyz direction): 0.0
Add-S Score: 1.0
Avg. Euclidean Distance (ADD) ICP: 6.66324332174029
Add Score ICP thres: 6.66324332174029
Add Score ICP thres (xyz direction): 0.0
Add-S Score ICP: 1.0
Error [cm]: 2.5593172871810728
Error [deg]: 170.02081082489002
T_gt (Ground Truth Transformation):
[[ 7.23793447e-01  2.59390593e-01  6.39405668e-01 -3.05221130e+01]
 [ 6.87808454e-01 -1.97140753e-01 -6.98609591e-01 -3.36371735e+01]
 [-5.51599301e-02  9.45437670e-01 -3.21100235e-01  9.99722595e+01]
 [ 0.00000000e+00  0.00000000e+00  0.00000000e+00  1.00000000e+00]]
T_pred (Predicted Transformation):
[[ -0.46430014  -0.42115352  -0.77913741 -33.19326153]
 [  0.73346322   0.31026003  -0.60478957 -32.29211816]
 [  0.49644445  -0.85227251   0.16484684  99.68215254]
 [  0.           0.           0.           1.        ]]
T_pred_ICP (Predicted Transformation from ICP):
[[ -0.50427318  -0.41568745  -0.75690984 -32.84541217]
 [  0.73502683   0.25345045  -0.62888665 -32.57883694]
 [  0.45325943  -0.87347971   0.17773316  99.79250985]
 [  0.           0.           0.           1.        ]]
