Object ID: 15
Inlier ration of P_pred: 0.06203101575374603
Num. of correspondences: 1999
Avg. Euclidean Distance (ADD) [cm]: 12.084745478795735
Add Score thres: 0
Add Score thres (xyz direction): 0.0
Add-S Score: 0.6666666666666666
Avg. Euclidean Distance (ADD) ICP: 12.377765567759617
Add Score ICP thres: 12.377765567759617
Add Score ICP thres (xyz direction): 0.0
Add-S Score ICP: 0.6666666666666666
Error [cm]: 11.684614813423872
Error [deg]: 78.58841316071583
T_gt (Ground Truth Transformation):
[[  0.92226857   0.30287731   0.24017911 -18.68410797]
 [  0.30327371  -0.18169498  -0.93542075  11.90085526]
 [ -0.23967837   0.9355492   -0.2594263   86.98299561]
 [  0.           0.           0.           1.        ]]
T_pred (Predicted Transformation):
[[ 6.06167253e-01 -6.66845157e-01 -4.33449879e-01 -2.15621333e+01]
 [-3.58440896e-01  2.57453107e-01 -8.97350557e-01  2.28182431e+01]
 [ 7.09986891e-01  6.99310686e-01 -8.29649326e-02  8.69633736e+01]
 [ 0.00000000e+00  0.00000000e+00  0.00000000e+00  1.00000000e+00]]
T_pred_ICP (Predicted Transformation from ICP):
[[  0.58274021  -0.69975346  -0.41322989 -21.98499425]
 [ -0.33730204   0.25435434  -0.90638358  23.10952532]
 [  0.73935187   0.66756945  -0.08780577  86.99240913]
 [  0.           0.           0.           1.        ]]
