Object ID: 10
Inlier ration of P_pred: 0.0
Num. of correspondences: 1589
Avg. Euclidean Distance (ADD) [cm]: 5.685241438177279
Add Score thres: 0
Add Score thres (xyz direction): 0.0
Add-S Score: 1.0
Avg. Euclidean Distance (ADD) ICP: 5.709632036550657
Add Score ICP thres: 5.709632036550657
Add Score ICP thres (xyz direction): 0.0
Add-S Score ICP: 1.0
Error [cm]: 4.257026178738676
Error [deg]: 46.275234542028635
T_gt (Ground Truth Transformation):
[[-4.22814876e-01 -8.98432434e-01 -1.18519999e-01  3.49266907e+01]
 [-6.17079437e-01  3.81218016e-01 -6.88393712e-01  6.21194649e+00]
 [ 6.63657129e-01 -2.17926756e-01 -7.15588868e-01  1.38904053e+02]
 [ 0.00000000e+00  0.00000000e+00  0.00000000e+00  1.00000000e+00]]
T_pred (Predicted Transformation):
[[-7.37688833e-01 -6.69120261e-01 -8.99625618e-02  3.27199194e+01]
 [-3.22827450e-02  1.68056648e-01 -9.85248592e-01  5.37809733e+00]
 [ 6.74368601e-01 -7.23902645e-01 -1.45574551e-01  1.35366008e+02]
 [ 0.00000000e+00  0.00000000e+00  0.00000000e+00  1.00000000e+00]]
T_pred_ICP (Predicted Transformation from ICP):
[[-7.41270748e-01 -6.65803319e-01 -8.49918728e-02  3.27290449e+01]
 [-2.97252114e-02  1.59065219e-01 -9.86820484e-01  5.34697048e+00]
 [ 6.70547605e-01 -7.28974757e-01 -1.37701538e-01  1.35362239e+02]
 [ 0.00000000e+00  0.00000000e+00  0.00000000e+00  1.00000000e+00]]
