Object ID: 4
Inlier ration of P_pred: 0.016499999910593033
Num. of correspondences: 2000
Avg. Euclidean Distance (ADD) [cm]: 9.104451898950378
Add Score thres: 0
Add Score thres (xyz direction): 0.0
Add-S Score: 1.0
Avg. Euclidean Distance (ADD) ICP: 9.088576059675876
Add Score ICP thres: 9.088576059675876
Add Score ICP thres (xyz direction): 0.0
Add-S Score ICP: 1.0
Error [cm]: 4.621179640708147
Error [deg]: 87.31864204328618
T_gt (Ground Truth Transformation):
[[ 4.69807833e-02  9.62888777e-01 -2.65778214e-01  1.04169052e+01]
 [ 9.49204564e-01 -1.25909671e-01 -2.88370430e-01 -1.13328239e+01]
 [-3.11132669e-01 -2.38729998e-01 -9.19893801e-01  9.65239258e+01]
 [ 0.00000000e+00  0.00000000e+00  0.00000000e+00  1.00000000e+00]]
T_pred (Predicted Transformation):
[[ 5.82033232e-01  7.33380994e-01 -3.51268609e-01  7.78499869e+00]
 [-1.75941490e-01 -3.08168016e-01 -9.34920888e-01 -7.47331826e+00]
 [-7.93902960e-01  6.05957748e-01 -5.03318816e-02  9.68890790e+01]
 [ 0.00000000e+00  0.00000000e+00  0.00000000e+00  1.00000000e+00]]
T_pred_ICP (Predicted Transformation from ICP):
[[ 5.84772883e-01  7.34579466e-01 -3.44141951e-01  7.81708948e+00]
 [-1.83355622e-01 -2.93567719e-01 -9.38189059e-01 -7.52076707e+00]
 [-7.90203386e-01  6.11727882e-01 -3.69811665e-02  9.67778586e+01]
 [ 0.00000000e+00  0.00000000e+00  0.00000000e+00  1.00000000e+00]]
