Object ID: 7
Inlier ration of P_pred: 0.0
Num. of correspondences: 809
Avg. Euclidean Distance (ADD) [cm]: 6.3662519142230805
Add Score thres: 0
Add Score thres (xyz direction): 0.0
Add-S Score: 1.0
Avg. Euclidean Distance (ADD) ICP: 6.337410748960739
Add Score ICP thres: 6.337410748960739
Add Score ICP thres (xyz direction): 0.0
Add-S Score ICP: 1.0
Error [cm]: 2.701201083770317
Error [deg]: 111.98338434338491
T_gt (Ground Truth Transformation):
[[ -0.65472925  -0.62460274  -0.42567801 -18.91632538]
 [ -0.23494318   0.70343876  -0.6708023    7.78985748]
 [  0.71842331  -0.33918351  -0.60730815 142.24384766]
 [  0.           0.           0.           1.        ]]
T_pred (Predicted Transformation):
[[-9.67774337e-01  2.40744035e-01  7.38589333e-02 -2.04035671e+01]
 [ 1.74262173e-01  4.28528967e-01  8.86563940e-01  9.00684649e+00]
 [ 1.81784287e-01  8.70864647e-01 -4.56671916e-01  1.40291536e+02]
 [ 0.00000000e+00  0.00000000e+00  0.00000000e+00  1.00000000e+00]]
T_pred_ICP (Predicted Transformation from ICP):
[[-9.70006305e-01  2.35446574e-01  6.04374050e-02 -2.03324901e+01]
 [ 1.60745341e-01  4.34801936e-01  8.86063323e-01  8.99421568e+00]
 [ 1.82342273e-01  8.69202040e-01 -4.59607559e-01  1.40284132e+02]
 [ 0.00000000e+00  0.00000000e+00  0.00000000e+00  1.00000000e+00]]
