Object ID: 8
Inlier ration of P_pred: 0.0020000000949949026
Num. of correspondences: 2000
Avg. Euclidean Distance (ADD) [cm]: 13.221381946801223
Add Score thres: 0
Add Score thres (xyz direction): 0.0
Add-S Score: 1.0
Avg. Euclidean Distance (ADD) ICP: 13.282865351098442
Add Score ICP thres: 13.282865351098442
Add Score ICP thres (xyz direction): 0.0
Add-S Score ICP: 1.0
Error [cm]: 10.257622150745236
Error [deg]: 111.17449241543534
T_gt (Ground Truth Transformation):
[[ 2.33683288e-01 -9.49893832e-01  2.07590491e-01  1.42328583e+01]
 [-7.75404155e-01 -3.10875952e-01 -5.49640417e-01 -1.15978241e+01]
 [ 5.86634934e-01 -3.25247459e-02 -8.09198201e-01  6.56369080e+01]
 [ 0.00000000e+00  0.00000000e+00  0.00000000e+00  1.00000000e+00]]
T_pred (Predicted Transformation):
[[-9.91406067e-01  1.25500672e-01 -3.69268283e-02  1.48756227e+01]
 [ 1.20682947e-01  7.68437628e-01 -6.28441913e-01 -1.16788849e+01]
 [-5.04939183e-02 -6.27497564e-01 -7.76979518e-01  5.54580738e+01]
 [ 0.00000000e+00  0.00000000e+00  0.00000000e+00  1.00000000e+00]]
T_pred_ICP (Predicted Transformation from ICP):
[[-9.91143441e-01  1.22530630e-01 -5.11949647e-02  1.48283522e+01]
 [ 1.26584686e-01  7.55233892e-01 -6.43115919e-01 -1.17460437e+01]
 [-4.01372265e-02 -6.43900624e-01 -7.64055620e-01  5.53976585e+01]
 [ 0.00000000e+00  0.00000000e+00  0.00000000e+00  1.00000000e+00]]
