Object ID: 4
Inlier ration of P_pred: 0.05650000274181366
Num. of correspondences: 2000
Avg. Euclidean Distance (ADD) [cm]: 10.40277560171911
Add Score thres: 0
Add Score thres (xyz direction): 0.0
Add-S Score: 1.0
Avg. Euclidean Distance (ADD) ICP: 10.420694808328598
Add Score ICP thres: 10.420694808328598
Add Score ICP thres (xyz direction): 0.0
Add-S Score ICP: 1.0
Error [cm]: 5.935453708674696
Error [deg]: 100.90630422744144
T_gt (Ground Truth Transformation):
[[  0.77958548   0.37862521   0.49888813  -8.96551056]
 [  0.61558187  -0.31652433  -0.7217139   -6.46856842]
 [ -0.1153488    0.86974418  -0.47983259 101.34802856]
 [  0.           0.           0.           1.        ]]
T_pred (Predicted Transformation):
[[-6.05396695e-02  9.12117828e-01 -4.05433122e-01 -7.72356676e+00]
 [-3.64859773e-01 -3.98291812e-01 -8.41570543e-01 -3.31233913e+00]
 [-9.29092188e-01  9.69778342e-02  3.56907558e-01  1.06194608e+02]
 [ 0.00000000e+00  0.00000000e+00  0.00000000e+00  1.00000000e+00]]
T_pred_ICP (Predicted Transformation from ICP):
[[-6.38844810e-02  9.11845644e-01 -4.05532113e-01 -7.70555993e+00]
 [-3.62495956e-01 -3.99809125e-01 -8.41872523e-01 -3.30273345e+00]
 [-9.29793232e-01  9.32211616e-02  3.56081957e-01  1.06208031e+02]
 [ 0.00000000e+00  0.00000000e+00  0.00000000e+00  1.00000000e+00]]
