Object ID: 7
Inlier ration of P_pred: 0.008849557489156723
Num. of correspondences: 1130
Avg. Euclidean Distance (ADD) [cm]: 7.05064584149612
Add Score thres: 0
Add Score thres (xyz direction): 0.0
Add-S Score: 1.0
Avg. Euclidean Distance (ADD) ICP: 7.00683664979674
Add Score ICP thres: 7.00683664979674
Add Score ICP thres (xyz direction): 0.0
Add-S Score ICP: 1.0
Error [cm]: 1.33050109339593
Error [deg]: 141.48257678040713
T_gt (Ground Truth Transformation):
[[-9.37605917e-01  3.46529335e-01 -2.84958370e-02 -1.55357605e+01]
 [ 2.50712097e-01  6.17012084e-01 -7.45948672e-01  1.75362625e+01]
 [-2.40910873e-01 -7.06550360e-01 -6.65393174e-01  1.23122595e+02]
 [ 0.00000000e+00  0.00000000e+00  0.00000000e+00  1.00000000e+00]]
T_pred (Predicted Transformation):
[[-5.37493776e-01  8.37349113e-01 -9.97341654e-02 -1.49628980e+01]
 [-1.30213541e-01  3.44377174e-02  9.90887722e-01  1.69993341e+01]
 [ 8.33153572e-01  5.45582722e-01  9.05241343e-02  1.24215463e+02]
 [ 0.00000000e+00  0.00000000e+00  0.00000000e+00  1.00000000e+00]]
T_pred_ICP (Predicted Transformation from ICP):
[[-5.33822228e-01  8.39259790e-01 -1.03328767e-01 -1.48802538e+01]
 [-1.07222074e-01  5.40282789e-02  9.92766021e-01  1.69519642e+01]
 [ 8.38771277e-01  5.41039694e-01  6.11456793e-02  1.24122165e+02]
 [ 0.00000000e+00  0.00000000e+00  0.00000000e+00  1.00000000e+00]]
