Object ID: 11
Inlier ration of P_pred: 0.0022522523067891598
Num. of correspondences: 444
Avg. Euclidean Distance (ADD) [cm]: 10.655563554545182
Add Score thres: 0
Add Score thres (xyz direction): 0.0
Add-S Score: 0.6666666666666666
Avg. Euclidean Distance (ADD) ICP: 10.670935015629956
Add Score ICP thres: 10.670935015629956
Add Score ICP thres (xyz direction): 0.0
Add-S Score ICP: 0.6666666666666666
Error [cm]: 5.660924424400355
Error [deg]: 149.71937595902065
T_gt (Ground Truth Transformation):
[[ 9.92951393e-01 -7.03517813e-04 -1.18519992e-01  1.97066330e+01]
 [-8.26781392e-02 -7.20610023e-01 -6.88393712e-01  5.15968208e+00]
 [-8.49223733e-02  6.93340540e-01 -7.15588868e-01  1.35200146e+02]
 [ 0.00000000e+00  0.00000000e+00  0.00000000e+00  1.00000000e+00]]
T_pred (Predicted Transformation):
[[-1.14239769e-01 -1.85498551e-01  9.75981333e-01  1.68353950e+01]
 [ 4.29377372e-01  8.76695543e-01  2.16887063e-01  4.54830382e+00]
 [-8.95870720e-01  4.43841428e-01 -2.05046155e-02  1.30326570e+02]
 [ 0.00000000e+00  0.00000000e+00  0.00000000e+00  1.00000000e+00]]
T_pred_ICP (Predicted Transformation from ICP):
[[-1.38803048e-01 -2.15217270e-01  9.66651561e-01  1.68220108e+01]
 [ 3.56605374e-01  8.99758557e-01  2.51529613e-01  4.34434097e+00]
 [-9.23886530e-01  3.79626218e-01 -4.81415956e-02  1.30398039e+02]
 [ 0.00000000e+00  0.00000000e+00  0.00000000e+00  1.00000000e+00]]
