Object ID: 6
Inlier ration of P_pred: 0.01834862492978573
Num. of correspondences: 763
Avg. Euclidean Distance (ADD) [cm]: 11.75519145007149
Add Score thres: 0
Add Score thres (xyz direction): 0.0
Add-S Score: 0.6666666666666666
Avg. Euclidean Distance (ADD) ICP: 11.570187331498062
Add Score ICP thres: 11.570187331498062
Add Score ICP thres (xyz direction): 0.0
Add-S Score ICP: 0.6666666666666666
Error [cm]: 10.198941832079312
Error [deg]: 86.58799314513114
T_gt (Ground Truth Transformation):
[[ 3.70172977e-01  9.21371281e-01 -1.18519977e-01  4.43319672e+01]
 [ 6.38084233e-01 -3.44909906e-01 -6.88393712e-01 -5.34407768e+00]
 [-6.75144851e-01  1.79199055e-01 -7.15588868e-01  1.45094202e+02]
 [ 0.00000000e+00  0.00000000e+00  0.00000000e+00  1.00000000e+00]]
T_pred (Predicted Transformation):
[[-9.79583248e-01  1.64915634e-02 -2.00361394e-01  4.09801140e+01]
 [ 1.78686169e-01 -3.85301982e-01 -9.05325155e-01 -1.19004394e+01]
 [-9.21298695e-02 -9.22643166e-01  3.74488553e-01  1.38294498e+02]
 [ 0.00000000e+00  0.00000000e+00  0.00000000e+00  1.00000000e+00]]
T_pred_ICP (Predicted Transformation from ICP):
[[ -0.80729671   0.49141955  -0.32677034  43.64210936]
 [  0.13963954  -0.37892196  -0.91483274 -12.04614433]
 [ -0.57338715  -0.78417152   0.23728085 137.43751744]
 [  0.           0.           0.           1.        ]]
