Object ID: 4
Inlier ration of P_pred: 0.05787036940455437
Num. of correspondences: 432
Avg. Euclidean Distance (ADD) [cm]: 10.250978211603831
Add Score thres: 0
Add Score thres (xyz direction): 0.0
Add-S Score: 1.0
Avg. Euclidean Distance (ADD) ICP: 10.280727331210134
Add Score ICP thres: 10.280727331210134
Add Score ICP thres (xyz direction): 0.0
Add-S Score ICP: 1.0
Error [cm]: 6.422428849083032
Error [deg]: 146.55351610632562
T_gt (Ground Truth Transformation):
[[  0.83096045   0.51387179  -0.21316786  -2.86131706]
 [  0.2164195   -0.65156853  -0.72706354 -24.88639984]
 [ -0.51251084   0.55802739  -0.65263957 129.36744385]
 [  0.           0.           0.           1.        ]]
T_pred (Predicted Transformation):
[[-3.92104990e-01 -9.81632912e-02  9.14668052e-01 -8.74274105e+00]
 [-1.40126477e-01 -9.76314109e-01 -1.64849419e-01 -2.70642555e+01]
 [ 9.09185486e-01 -1.92807491e-01  3.69062357e-01  1.28107336e+02]
 [ 0.00000000e+00  0.00000000e+00  0.00000000e+00  1.00000000e+00]]
T_pred_ICP (Predicted Transformation from ICP):
[[-4.00683230e-01 -1.11082313e-01  9.09457899e-01 -8.77250816e+00]
 [-1.40696945e-01 -9.73389634e-01 -1.80878387e-01 -2.70281982e+01]
 [ 9.05349280e-01 -2.00432884e-01  3.74391960e-01  1.28056676e+02]
 [ 0.00000000e+00  0.00000000e+00  0.00000000e+00  1.00000000e+00]]
