Object ID: 2
Inlier ration of P_pred: 0.12199124693870544
Num. of correspondences: 1828
Avg. Euclidean Distance (ADD) [cm]: 13.36425701191438
Add Score thres: 0
Add Score thres (xyz direction): 0.0
Add-S Score: 1.0
Avg. Euclidean Distance (ADD) ICP: 13.308335733491422
Add Score ICP thres: 13.308335733491422
Add Score ICP thres (xyz direction): 0.0
Add-S Score ICP: 1.0
Error [cm]: 7.931029486963499
Error [deg]: 174.76418872112347
T_gt (Ground Truth Transformation):
[[  0.36797363  -0.90287834   0.22227529 -11.67223053]
 [ -0.56805032  -0.40753648  -0.71500576   1.20676765]
 [  0.73614836   0.13683978  -0.66284311 128.34228516]
 [  0.           0.           0.           1.        ]]
T_pred (Predicted Transformation):
[[-3.82712320e-01  9.19277734e-01  9.19767830e-02 -1.25788460e+01]
 [ 9.16477032e-01  3.90332084e-01 -8.78106712e-02  7.96758751e+00]
 [-1.16623884e-01  5.06883834e-02 -9.91881826e-01  1.24046664e+02]
 [ 0.00000000e+00  0.00000000e+00  0.00000000e+00  1.00000000e+00]]
T_pred_ICP (Predicted Transformation from ICP):
[[-3.92803649e-01  9.16024011e-01  8.12730207e-02 -1.26223067e+01]
 [ 9.11750759e-01  3.99456024e-01 -9.56317885e-02  7.83172222e+00]
 [-1.20066012e-01  3.65362228e-02 -9.92093371e-01  1.24086870e+02]
 [ 0.00000000e+00  0.00000000e+00  0.00000000e+00  1.00000000e+00]]
