Object ID: 14
Inlier ration of P_pred: 0.02550000138580799
Num. of correspondences: 2000
Avg. Euclidean Distance (ADD) [cm]: 11.38138301103428
Add Score thres: 0
Add Score thres (xyz direction): 0.0
Add-S Score: 1.0
Avg. Euclidean Distance (ADD) ICP: 11.244447546277776
Add Score ICP thres: 11.244447546277776
Add Score ICP thres (xyz direction): 0.0
Add-S Score ICP: 1.0
Error [cm]: 10.456825131257535
Error [deg]: 83.61957376216856
T_gt (Ground Truth Transformation):
[[-5.31604327e-02  9.97706950e-01  4.18907814e-02  2.49724014e+01]
 [ 7.42867470e-01  6.75461814e-02 -6.66022122e-01 -1.74066666e+01]
 [-6.67324424e-01 -4.28670365e-03 -7.44754851e-01  7.70250549e+01]
 [ 0.00000000e+00  0.00000000e+00  0.00000000e+00  1.00000000e+00]]
T_pred (Predicted Transformation):
[[ 7.89658674e-01  5.53766367e-01  2.64162808e-01  1.84318037e+01]
 [-5.29895770e-02  4.90496658e-01 -8.69830520e-01 -1.12052033e+01]
 [-6.11253861e-01  6.72871340e-01  4.16668786e-01  7.13605792e+01]
 [ 0.00000000e+00  0.00000000e+00  0.00000000e+00  1.00000000e+00]]
T_pred_ICP (Predicted Transformation from ICP):
[[ 7.80449247e-01  5.60313110e-01  2.77395372e-01  1.84947643e+01]
 [-4.20431726e-02  4.89706153e-01 -8.70873272e-01 -1.12699545e+01]
 [-6.23803931e-01  6.68009808e-01  4.05748139e-01  7.15728834e+01]
 [ 0.00000000e+00  0.00000000e+00  0.00000000e+00  1.00000000e+00]]
