Object ID: 14
Inlier ration of P_pred: 0.06285714358091354
Num. of correspondences: 1925
Avg. Euclidean Distance (ADD) [cm]: 21.748567086969086
Add Score thres: 0
Add Score thres (xyz direction): 0.0
Add-S Score: 0.6666666666666666
Avg. Euclidean Distance (ADD) ICP: 21.737381586699446
Add Score ICP thres: 21.737381586699446
Add Score ICP thres (xyz direction): 0.0
Add-S Score ICP: 0.6666666666666666
Error [cm]: 20.52340076418635
Error [deg]: 174.13252724706274
T_gt (Ground Truth Transformation):
[[ 3.00087184e-01  9.53856111e-01 -1.02960635e-02 -2.59756162e-06]
 [ 7.77367890e-01 -2.50790060e-01 -5.76891005e-01 -1.79429349e-05]
 [-5.52853227e-01  1.65113717e-01 -8.16756010e-01  4.96816193e+01]
 [ 0.00000000e+00  0.00000000e+00  0.00000000e+00  1.00000000e+00]]
T_pred (Predicted Transformation):
[[ 3.34005373e-01  2.40619559e-01 -9.11341121e-01  2.64974978e+00]
 [-5.71701219e-01  8.20431266e-01  7.08903672e-03 -3.13071918e+00]
 [ 7.49398510e-01  5.18647053e-01  4.11590946e-01  2.95443463e+01]
 [ 0.00000000e+00  0.00000000e+00  0.00000000e+00  1.00000000e+00]]
T_pred_ICP (Predicted Transformation from ICP):
[[ 0.30273438  0.2507279  -0.9195039   2.90296602]
 [-0.561551    0.82645177  0.04047152 -3.42102048]
 [ 0.77007296  0.50409621  0.39099187 29.6546501 ]
 [ 0.          0.          0.          1.        ]]
