Object ID: 5
Inlier ration of P_pred: 0.0
Num. of correspondences: 1287
Avg. Euclidean Distance (ADD) [cm]: 11.740562971672855
Add Score thres: 0
Add Score thres (xyz direction): 0.0
Add-S Score: 1.0
Avg. Euclidean Distance (ADD) ICP: 11.669299221140138
Add Score ICP thres: 11.669299221140138
Add Score ICP thres (xyz direction): 0.0
Add-S Score ICP: 1.0
Error [cm]: 5.923681162600082
Error [deg]: 155.777637216679
T_gt (Ground Truth Transformation):
[[-0.75769442 -0.6406427   0.12440353 -9.32480927]
 [-0.62094486  0.64905375 -0.43949598 27.82268372]
 [ 0.20081531 -0.41025135 -0.88958818 59.89265137]
 [ 0.          0.          0.          1.        ]]
T_pred (Predicted Transformation):
[[ 6.62812447e-01  2.15969153e-02  7.48473937e-01 -1.33048107e+01]
 [ 6.03599646e-01 -6.06936928e-01 -5.17005835e-01  3.10000790e+01]
 [ 4.43110740e-01  7.94456505e-01 -4.15321241e-01  6.31071524e+01]
 [ 0.00000000e+00  0.00000000e+00  0.00000000e+00  1.00000000e+00]]
T_pred_ICP (Predicted Transformation from ICP):
[[ 6.72410674e-01  1.96079944e-02  7.39918517e-01 -1.32958334e+01]
 [ 5.92305826e-01 -6.13749578e-01 -5.22001210e-01  3.09071926e+01]
 [ 4.43889281e-01  7.89257234e-01 -4.24305697e-01  6.30242278e+01]
 [ 0.00000000e+00  0.00000000e+00  0.00000000e+00  1.00000000e+00]]
