Object ID: 11
Inlier ration of P_pred: 0.05339805781841278
Num. of correspondences: 412
Avg. Euclidean Distance (ADD) [cm]: 11.327839717322222
Add Score thres: 0
Add Score thres (xyz direction): 0.0
Add-S Score: 0.6666666666666666
Avg. Euclidean Distance (ADD) ICP: 11.350306954608284
Add Score ICP thres: 11.350306954608284
Add Score ICP thres (xyz direction): 0.0
Add-S Score ICP: 0.6666666666666666
Error [cm]: 5.242548745266802
Error [deg]: 153.27625938256318
T_gt (Ground Truth Transformation):
[[-9.85190094e-01  9.37073082e-02  1.43596008e-01 -2.02808884e+01]
 [ 8.85589980e-03  8.64146531e-01 -5.03162384e-01 -4.85839539e+00]
 [-1.71237990e-01 -4.94438827e-01 -8.52178454e-01  1.35467639e+02]
 [ 0.00000000e+00  0.00000000e+00  0.00000000e+00  1.00000000e+00]]
T_pred (Predicted Transformation):
[[-5.16642484e-02  9.85541650e-01 -1.61364375e-01 -1.94077384e+01]
 [-4.09877190e-01  1.26418335e-01  9.03337752e-01 -8.68832022e+00]
 [ 9.10676394e-01  1.12809842e-01  3.97419734e-01  1.32035662e+02]
 [ 0.00000000e+00  0.00000000e+00  0.00000000e+00  1.00000000e+00]]
T_pred_ICP (Predicted Transformation from ICP):
[[-5.87548400e-02  9.87300144e-01 -1.47601809e-01 -1.94734998e+01]
 [-4.11125122e-01  1.10804618e-01  9.04819579e-01 -8.65267058e+00]
 [ 9.09683463e-01  1.13845341e-01  3.99393585e-01  1.31941180e+02]
 [ 0.00000000e+00  0.00000000e+00  0.00000000e+00  1.00000000e+00]]
