Object ID: 6
Inlier ration of P_pred: 0.0
Num. of correspondences: 1083
Avg. Euclidean Distance (ADD) [cm]: 12.986244555101274
Add Score thres: 0
Add Score thres (xyz direction): 0.0
Add-S Score: 0.3333333333333333
Avg. Euclidean Distance (ADD) ICP: 13.053722519455722
Add Score ICP thres: 13.053722519455722
Add Score ICP thres (xyz direction): 0.0
Add-S Score ICP: 0.6666666666666666
Error [cm]: 11.258132700461928
Error [deg]: 109.3919012608665
T_gt (Ground Truth Transformation):
[[ -0.4536092   -0.87955606   0.14359611 -43.44528809]
 [ -0.79878366   0.32980675  -0.50316215   9.20501404]
 [  0.39520034  -0.34294122  -0.85217834 126.50881348]
 [  0.           0.           0.           1.        ]]
T_pred (Predicted Transformation):
[[-7.16837385e-01  6.60339226e-01 -2.23821961e-01 -4.49078064e+01]
 [ 6.78121855e-01  7.34940953e-01 -3.54191310e-03  5.02302227e+00]
 [ 1.62157061e-01 -1.54317539e-01 -9.74623612e-01  1.16052196e+02]
 [ 0.00000000e+00  0.00000000e+00  0.00000000e+00  1.00000000e+00]]
T_pred_ICP (Predicted Transformation from ICP):
[[-7.56715501e-01  6.50383645e-01 -6.62024563e-02 -4.39647075e+01]
 [ 6.45256034e-01  7.59316409e-01  8.41619993e-02  5.56420584e+00]
 [ 1.05006199e-01  2.09691550e-02 -9.94250468e-01  1.15868312e+02]
 [ 0.00000000e+00  0.00000000e+00  0.00000000e+00  1.00000000e+00]]
