Object ID: 2
Inlier ration of P_pred: 0.078184112906456
Num. of correspondences: 1586
Avg. Euclidean Distance (ADD) [cm]: 17.640792706422225
Add Score thres: 0
Add Score thres (xyz direction): 0.0
Add-S Score: 0.6666666666666666
Avg. Euclidean Distance (ADD) ICP: 17.00141267890875
Add Score ICP thres: 17.00141267890875
Add Score ICP thres (xyz direction): 0.0
Add-S Score ICP: 0.6666666666666666
Error [cm]: 13.09372123771485
Error [deg]: 112.21682169104083
T_gt (Ground Truth Transformation):
[[-2.88189292e-01 -9.49213564e-01  1.26258105e-01 -2.01605799e-05]
 [-6.84827626e-01  1.12146281e-01 -7.20024109e-01  9.30586029e-06]
 [ 6.69297099e-01 -2.93968081e-01 -6.82367086e-01  1.37399060e+02]
 [ 0.00000000e+00  0.00000000e+00  0.00000000e+00  1.00000000e+00]]
T_pred (Predicted Transformation):
[[ 9.84675358e-01 -2.87003639e-03  1.74373741e-01  1.15530374e+01]
 [ 1.73384451e-01 -9.14962069e-02 -9.80594858e-01  6.59348243e+00]
 [ 1.87688788e-02  9.95801289e-01 -8.95964407e-02  1.33853596e+02]
 [ 0.00000000e+00  0.00000000e+00  0.00000000e+00  1.00000000e+00]]
T_pred_ICP (Predicted Transformation from ICP):
[[ 9.92732493e-01 -7.17960667e-02  9.65790945e-02  1.13537045e+01]
 [ 9.13172510e-02 -7.32800043e-02 -9.93121947e-01  5.84633167e+00]
 [ 7.83795660e-02  9.94723764e-01 -6.61912220e-02  1.34507869e+02]
 [ 0.00000000e+00  0.00000000e+00  0.00000000e+00  1.00000000e+00]]
