Object ID: 12
Inlier ration of P_pred: 0.019509755074977875
Num. of correspondences: 1999
Avg. Euclidean Distance (ADD) [cm]: 8.203928176582558
Add Score thres: 0
Add Score thres (xyz direction): 0.0
Add-S Score: 1.0
Avg. Euclidean Distance (ADD) ICP: 8.175557728989004
Add Score ICP thres: 8.175557728989004
Add Score ICP thres (xyz direction): 0.0
Add-S Score ICP: 1.0
Error [cm]: 2.692414973565907
Error [deg]: 149.88350054434534
T_gt (Ground Truth Transformation):
[[ 9.55798805e-01 -2.84129679e-01 -7.56235719e-02 -1.36078705e+01]
 [-2.94020385e-01 -9.22955275e-01 -2.48407409e-01  2.37891979e+00]
 [ 7.82756950e-04  2.59662390e-01 -9.65699494e-01  6.92824036e+01]
 [ 0.00000000e+00  0.00000000e+00  0.00000000e+00  1.00000000e+00]]
T_pred (Predicted Transformation):
[[ -0.70411948   0.53677633   0.46485151 -12.04736869]
 [  0.31157985  -0.35469915   0.88153645   2.30204718]
 [  0.63807034   0.76554535   0.08250189  66.96551539]
 [  0.           0.           0.           1.        ]]
T_pred_ICP (Predicted Transformation from ICP):
[[ -0.7061773    0.54118276   0.45654666 -12.08931125]
 [  0.31063032  -0.34263365   0.886629     2.1825294 ]
 [  0.63625657   0.76793451   0.07385233  67.0677914 ]
 [  0.           0.           0.           1.        ]]
