Object ID: 8
Inlier ration of P_pred: 0.014500000514090061
Num. of correspondences: 2000
Avg. Euclidean Distance (ADD) [cm]: 13.784616926863276
Add Score thres: 0
Add Score thres (xyz direction): 0.0
Add-S Score: 1.0
Avg. Euclidean Distance (ADD) ICP: 13.756810606467027
Add Score ICP thres: 13.756810606467027
Add Score ICP thres (xyz direction): 0.0
Add-S Score ICP: 1.0
Error [cm]: 2.73791409488776
Error [deg]: 178.2778091301486
T_gt (Ground Truth Transformation):
[[ 9.68225181e-01  2.46546403e-01  4.18908112e-02  2.39985794e+01]
 [ 2.11000562e-01 -7.15467572e-01 -6.66022241e-01 -3.52600159e+01]
 [-1.34233862e-01  6.53698504e-01 -7.44755149e-01  9.32795532e+01]
 [ 0.00000000e+00  0.00000000e+00  0.00000000e+00  1.00000000e+00]]
T_pred (Predicted Transformation):
[[  0.78459387  -0.36409278  -0.5018455   21.58141856]
 [  0.60181464   0.64187267   0.47520377 -34.03058202]
 [  0.14910265  -0.67485993   0.72272572  94.06503846]
 [  0.           0.           0.           1.        ]]
T_pred_ICP (Predicted Transformation from ICP):
[[  0.78677612  -0.3579226   -0.50286654  21.68371093]
 [  0.59832619   0.64238255   0.47890544 -33.99696608]
 [  0.15162161  -0.67766959   0.71956572  94.01593814]
 [  0.           0.           0.           1.        ]]
