Object ID: 5
Inlier ration of P_pred: 0.02282157726585865
Num. of correspondences: 1446
Avg. Euclidean Distance (ADD) [cm]: 12.045550047145712
Add Score thres: 0
Add Score thres (xyz direction): 0.0
Add-S Score: 1.0
Avg. Euclidean Distance (ADD) ICP: 12.044002121917057
Add Score ICP thres: 12.044002121917057
Add Score ICP thres (xyz direction): 0.0
Add-S Score ICP: 1.0
Error [cm]: 6.595959634048891
Error [deg]: 168.40006102705462
T_gt (Ground Truth Transformation):
[[-6.66256070e-01  7.41355062e-01  8.05956647e-02  3.04749420e+01]
 [ 7.17505932e-01  6.66739702e-01 -2.01602235e-01  1.07169739e+01]
 [-2.03195155e-01 -7.64908344e-02 -9.76146042e-01  1.31235242e+02]
 [ 0.00000000e+00  0.00000000e+00  0.00000000e+00  1.00000000e+00]]
T_pred (Predicted Transformation):
[[  0.3945819   -0.90637773   0.15094543  32.31411131]
 [ -0.39138151  -0.31441323  -0.8648496   15.01023801]
 [  0.83133966   0.28217675  -0.47880126 135.88618988]
 [  0.           0.           0.           1.        ]]
T_pred_ICP (Predicted Transformation from ICP):
[[  0.39022751  -0.90854381   0.1492335   32.27494863]
 [ -0.40205354  -0.31396264  -0.86010488  14.98148457]
 [  0.82829671   0.27563673  -0.48780011 135.93424247]
 [  0.           0.           0.           1.        ]]
