Object ID: 4
Inlier ration of P_pred: 0.08443272113800049
Num. of correspondences: 1895
Avg. Euclidean Distance (ADD) [cm]: 15.630397486329851
Add Score thres: 0
Add Score thres (xyz direction): 0.0
Add-S Score: 1.0
Avg. Euclidean Distance (ADD) ICP: 15.318190730194031
Add Score ICP thres: 15.318190730194031
Add Score ICP thres (xyz direction): 0.0
Add-S Score ICP: 0.6666666666666666
Error [cm]: 10.651391434371556
Error [deg]: 175.74236220718763
T_gt (Ground Truth Transformation):
[[-9.72498834e-01 -2.00497806e-01 -1.18519723e-01  1.08482262e+01]
 [-6.50431886e-02  7.22415090e-01 -6.88393712e-01  1.19711182e+01]
 [ 2.23641858e-01 -6.61753058e-01 -7.15588868e-01  1.35167822e+02]
 [ 0.00000000e+00  0.00000000e+00  0.00000000e+00  1.00000000e+00]]
T_pred (Predicted Transformation):
[[ 5.04075443e-01 -4.67418744e-01  7.26242154e-01  3.92709293e+00]
 [ 8.59123169e-01  1.85302697e-01 -4.77043279e-01  6.93780565e+00]
 [ 8.84043402e-02  8.64397263e-01  4.94976812e-01  1.28126004e+02]
 [ 0.00000000e+00  0.00000000e+00  0.00000000e+00  1.00000000e+00]]
T_pred_ICP (Predicted Transformation from ICP):
[[  0.4529781   -0.39737149   0.79806437   3.85790164]
 [  0.87836049   0.35216952  -0.32320192   6.03094526]
 [ -0.15262271   0.8473916    0.5085605  129.75470408]
 [  0.           0.           0.           1.        ]]
