Object ID: 8
Inlier ration of P_pred: 0.0
Num. of correspondences: 314
Avg. Euclidean Distance (ADD) [cm]: 19.399246444039886
Add Score thres: 0
Add Score thres (xyz direction): 0
Add-S Score: 0
Avg. Euclidean Distance (ADD) ICP: 19.30519344014175
Add Score ICP thres: 19.30519344014175
Add Score ICP thres (xyz direction): 0
Add-S Score ICP: 0
Error [cm]: 18.385618531203534
Error [deg]: 155.7165718603462
T_gt (Ground Truth Transformation):
[[-2.77033299e-01 -9.55821633e-01  9.82732624e-02  4.33933380e+01]
 [-5.31032443e-01  6.70657307e-02 -8.44693303e-01  1.14644554e+01]
 [ 8.00785363e-01 -2.86194444e-01 -5.26151717e-01  1.19425134e+02]
 [ 0.00000000e+00  0.00000000e+00  0.00000000e+00  1.00000000e+00]]
T_pred (Predicted Transformation):
[[ -0.89738178   0.16756229   0.40820194  36.20983064]
 [  0.17620456  -0.71205462   0.67965445  -2.9305655 ]
 [  0.40454653   0.68183656   0.6094596  110.67569511]
 [  0.           0.           0.           1.        ]]
T_pred_ICP (Predicted Transformation from ICP):
[[-9.01253101e-01  2.63439308e-01  3.44009563e-01  3.67061497e+01]
 [ 6.81929362e-02 -6.97808757e-01  7.13030617e-01 -3.36225296e+00]
 [ 4.27893178e-01  6.66080077e-01  6.10937607e-01  1.10853017e+02]
 [ 0.00000000e+00  0.00000000e+00  0.00000000e+00  1.00000000e+00]]
