Object ID: 11
Inlier ration of P_pred: 0.7468684911727905
Num. of correspondences: 1916
Avg. Euclidean Distance (ADD) [cm]: 2.918022941906004
Add Score thres: 0
Add Score thres (xyz direction): 0
Add-S Score: 0
Avg. Euclidean Distance (ADD) ICP: 2.2683197290565498
Add Score ICP thres: 2.2683197290565498
Add Score ICP thres (xyz direction): 0
Add-S Score ICP: 0
Error [cm]: 2.3550614518423933
Error [deg]: 26.17690128907933
T_gt (Ground Truth Transformation):
[[-9.94338632e-01  4.64470945e-02 -9.55710635e-02  1.93205322e+01]
 [ 1.03456937e-01  6.28384829e-01 -7.70992339e-01  3.51753922e+00]
 [ 2.42450628e-02 -7.76514769e-01 -6.29632711e-01  5.43135132e+01]
 [ 0.00000000e+00  0.00000000e+00  0.00000000e+00  1.00000000e+00]]
T_pred (Predicted Transformation):
[[-0.76985963  0.23293226 -0.59418744 16.80762206]
 [ 0.60307997  0.57015322 -0.55787083  4.96963487]
 [ 0.20883177 -0.78782477 -0.57941472 54.91178705]
 [ 0.          0.          0.          1.        ]]
T_pred_ICP (Predicted Transformation from ICP):
[[-0.84564502  0.20172582 -0.49415706 17.1093407 ]
 [ 0.51193024  0.56852854 -0.64397416  4.27658738]
 [ 0.15103618 -0.79754748 -0.58404288 54.59775317]
 [ 0.          0.          0.          1.        ]]
