Object ID: 6
Inlier ration of P_pred: 0.6350550055503845
Num. of correspondences: 1181
Avg. Euclidean Distance (ADD) [cm]: 2.273983302446531
Add Score thres: 0
Add Score thres (xyz direction): 0
Add-S Score: 0
Avg. Euclidean Distance (ADD) ICP: 1.7589245581772366
Add Score ICP thres: 1.7589245581772366
Add Score ICP thres (xyz direction): 0
Add-S Score ICP: 0
Error [cm]: 0.9426304458449527
Error [deg]: 24.91092169638322
T_gt (Ground Truth Transformation):
[[-9.01914954e-01  2.57398576e-01  3.46837431e-01 -2.44743729e+01]
 [-1.36473989e-02  7.85638690e-01 -6.18535101e-01 -6.75700607e+00]
 [-4.31698948e-01 -5.62599242e-01 -7.05066562e-01  1.00766302e+02]
 [ 0.00000000e+00  0.00000000e+00  0.00000000e+00  1.00000000e+00]]
T_pred (Predicted Transformation):
[[ -0.89215388  -0.29437699   0.34264216 -23.40593795]
 [ -0.43287068   0.77399784  -0.46211505  -6.93593996]
 [ -0.12916826  -0.56059747  -0.81795234 100.82305653]
 [  0.           0.           0.           1.        ]]
T_pred_ICP (Predicted Transformation from ICP):
[[ -0.91598141  -0.16981706   0.36351096 -23.55335389]
 [ -0.35426619   0.76762645  -0.53408341  -6.82197254]
 [ -0.18834415  -0.61799012  -0.76329201 100.95618551]
 [  0.           0.           0.           1.        ]]
