Object ID: 5
Inlier ration of P_pred: 0.6861313581466675
Num. of correspondences: 137
Avg. Euclidean Distance (ADD) [cm]: 14.313139476595964
Add Score thres: 0
Add Score thres (xyz direction): 0
Add-S Score: 0
Avg. Euclidean Distance (ADD) ICP: 14.261213668999966
Add Score ICP thres: 14.261213668999966
Add Score ICP thres (xyz direction): 0
Add-S Score ICP: 0
Error [cm]: 4.455636053617345
Error [deg]: 177.9413162486975
T_gt (Ground Truth Transformation):
[[ 9.89408612e-01 -1.64437890e-02 -1.44222632e-01 -1.03375046e+01]
 [-9.10318494e-02 -8.44193637e-01 -5.28252542e-01 -1.35426788e+01]
 [-1.13065332e-01  5.35786450e-01 -8.36749375e-01  8.67806946e+01]
 [ 0.00000000e+00  0.00000000e+00  0.00000000e+00  1.00000000e+00]]
T_pred (Predicted Transformation):
[[  0.9556154   -0.26419388   0.13038709  -9.98629691]
 [  0.16487907   0.84634368   0.50647533 -16.251541  ]
 [ -0.24415998  -0.46249753   0.8523391   83.04324235]
 [  0.           0.           0.           1.        ]]
T_pred_ICP (Predicted Transformation from ICP):
[[  0.96127415  -0.24315362   0.12972406  -9.98236909]
 [  0.14919113   0.85489702   0.49688337 -16.13279059]
 [ -0.23171971  -0.45828746   0.85806677  83.17266291]
 [  0.           0.           0.           1.        ]]
