Object ID: 6
Inlier ration of P_pred: 0.08510638028383255
Num. of correspondences: 141
Avg. Euclidean Distance (ADD) [cm]: 12.795574177454002
Add Score thres: 0
Add Score thres (xyz direction): 0
Add-S Score: 0
Avg. Euclidean Distance (ADD) ICP: 12.774974524361836
Add Score ICP thres: 12.774974524361836
Add Score ICP thres (xyz direction): 0
Add-S Score ICP: 0
Error [cm]: 8.238999333049705
Error [deg]: 158.91921773772086
T_gt (Ground Truth Transformation):
[[ 9.82995629e-01  6.55467734e-02  1.71531960e-01  1.02767029e+01]
 [ 1.19884029e-01 -9.36655223e-01 -3.29097658e-01 -1.09590424e+01]
 [ 1.39094979e-01  3.44065517e-01 -9.28586006e-01  1.41009656e+02]
 [ 0.00000000e+00  0.00000000e+00  0.00000000e+00  1.00000000e+00]]
T_pred (Predicted Transformation):
[[ 4.35730219e-01 -2.93591160e-02  8.99598365e-01  5.53861116e+00]
 [-6.80494896e-01  6.43431078e-01  3.50603970e-01 -1.68286487e+01]
 [-5.89122969e-01 -7.64940841e-01  2.60383636e-01  1.37452527e+02]
 [ 0.00000000e+00  0.00000000e+00  0.00000000e+00  1.00000000e+00]]
T_pred_ICP (Predicted Transformation from ICP):
[[ 4.37633366e-01 -1.74028256e-02  8.98985083e-01  5.60723078e+00]
 [-6.33864106e-01  7.03146535e-01  3.22182007e-01 -1.66705894e+01]
 [-6.37725123e-01 -7.10831972e-01  2.96689358e-01  1.37341499e+02]
 [ 0.00000000e+00  0.00000000e+00  0.00000000e+00  1.00000000e+00]]
