Object ID: 11
Inlier ration of P_pred: 0.28156566619873047
Num. of correspondences: 792
Avg. Euclidean Distance (ADD) [cm]: 10.430022260690658
Add Score thres: 0
Add Score thres (xyz direction): 0
Add-S Score: 0
Avg. Euclidean Distance (ADD) ICP: 10.821183241964134
Add Score ICP thres: 10.821183241964134
Add Score ICP thres (xyz direction): 0
Add-S Score ICP: 0
Error [cm]: 6.674038223064549
Error [deg]: 124.53742992216041
T_gt (Ground Truth Transformation):
[[  0.84350497   0.42197984  -0.33231372  14.24651642]
 [  0.22426625  -0.83887643  -0.49597484  11.56530762]
 [ -0.48806152   0.3438305   -0.80223227 119.47475586]
 [  0.           0.           0.           1.        ]]
T_pred (Predicted Transformation):
[[ 6.56460513e-01 -3.37556298e-01 -6.74622369e-01  1.39646779e+01]
 [-1.01531922e-01  8.46623261e-01 -5.22417767e-01  1.34554715e+01]
 [ 7.47496397e-01  4.11442341e-01  5.21502000e-01  1.13442357e+02]
 [ 0.00000000e+00  0.00000000e+00  0.00000000e+00  1.00000000e+00]]
T_pred_ICP (Predicted Transformation from ICP):
[[ 8.60630796e-01 -2.47233427e-01 -4.45185653e-01  1.29918240e+01]
 [-1.06251514e-01  7.67808989e-01 -6.31806911e-01  1.38858734e+01]
 [ 4.98021334e-01  5.91054134e-01  6.34531135e-01  1.13344217e+02]
 [ 0.00000000e+00  0.00000000e+00  0.00000000e+00  1.00000000e+00]]
