Object ID: 12
Inlier ration of P_pred: 0.7938311696052551
Num. of correspondences: 616
Avg. Euclidean Distance (ADD) [cm]: 0.5887412158931298
Add Score thres: 1
Add Score thres (xyz direction): 0
Add-S Score: 0
Avg. Euclidean Distance (ADD) ICP: 0.4154191577194356
Add Score ICP thres: 0.4154191577194356
Add Score ICP thres (xyz direction): 0
Add-S Score ICP: 0
Error [cm]: 0.418563798129048
Error [deg]: 0.3530910239235058
T_gt (Ground Truth Transformation):
[[ 1.07246540e-01  9.54664588e-01  2.77693838e-01 -4.73322487e+00]
 [ 9.54733610e-01 -2.09430344e-02 -2.96724319e-01  1.14594170e+01]
 [-2.77456433e-01  2.96946287e-01 -9.13696468e-01  1.07671863e+02]
 [ 0.00000000e+00  0.00000000e+00  0.00000000e+00  1.00000000e+00]]
T_pred (Predicted Transformation):
[[ 4.32049162e-02  9.51545350e-01  3.04458178e-01 -5.25007246e+00]
 [ 9.52556021e-01  5.26648861e-02 -2.99772307e-01  1.13317353e+01]
 [-3.01281200e-01  3.02965108e-01 -9.04124871e-01  1.07584845e+02]
 [ 0.00000000e+00  0.00000000e+00  0.00000000e+00  1.00000000e+00]]
T_pred_ICP (Predicted Transformation from ICP):
[[ 1.09343103e-01  9.56007185e-01  2.72202770e-01 -5.13342613e+00]
 [ 9.54736709e-01 -2.47994509e-02 -2.96416606e-01  1.14690622e+01]
 [-2.76625926e-01  2.92293088e-01 -9.15446802e-01  1.07549627e+02]
 [ 0.00000000e+00  0.00000000e+00  0.00000000e+00  1.00000000e+00]]
