Object ID: 8
Inlier ration of P_pred: 0.19036801159381866
Num. of correspondences: 2201
Avg. Euclidean Distance (ADD) [cm]: 15.43687222748815
Add Score thres: 0
Add Score thres (xyz direction): 0
Add-S Score: 0
Avg. Euclidean Distance (ADD) ICP: 15.250515902293301
Add Score ICP thres: 15.250515902293301
Add Score ICP thres (xyz direction): 0
Add-S Score ICP: 0
Error [cm]: 13.254038155144313
Error [deg]: 141.44050861436452
T_gt (Ground Truth Transformation):
[[-6.13528907e-01 -7.57981718e-01 -2.21463397e-01 -2.57046967e+00]
 [-6.65366352e-01  6.47244394e-01 -3.71970922e-01 -1.84099503e+01]
 [ 4.25288111e-01 -8.08606222e-02 -9.01438713e-01  1.19458765e+02]
 [ 0.00000000e+00  0.00000000e+00  0.00000000e+00  1.00000000e+00]]
T_pred (Predicted Transformation):
[[ -0.46004697   0.13879057  -0.87698002   3.34299795]
 [  0.72867836  -0.50534583  -0.46222661 -20.22644417]
 [ -0.50733089  -0.85168232   0.13134914 107.46849867]
 [  0.           0.           0.           1.        ]]
T_pred_ICP (Predicted Transformation from ICP):
[[-4.38206034e-01  1.88806528e-01 -8.78821692e-01  3.47481095e+00]
 [ 7.15646987e-01 -5.18306994e-01 -4.68195739e-01 -2.02082335e+01]
 [-5.43897841e-01 -8.34092294e-01  9.20064287e-02  1.07801566e+02]
 [ 0.00000000e+00  0.00000000e+00  0.00000000e+00  1.00000000e+00]]
