Object ID: 6
Inlier ration of P_pred: 0.0017636683769524097
Num. of correspondences: 567
Avg. Euclidean Distance (ADD) [cm]: 7.795778717801099
Add Score thres: 0
Add Score thres (xyz direction): 0
Add-S Score: 0
Avg. Euclidean Distance (ADD) ICP: 7.65084921864416
Add Score ICP thres: 7.65084921864416
Add Score ICP thres (xyz direction): 0
Add-S Score ICP: 0
Error [cm]: 4.2612844885063685
Error [deg]: 123.06552628841985
T_gt (Ground Truth Transformation):
[[-9.96511802e-02  9.94064212e-01  4.36578281e-02 -1.32034439e+01]
 [ 9.87234116e-01  1.04254864e-01 -1.20415054e-01  2.17275269e+01]
 [-1.24251835e-01  3.11009977e-02 -9.91763234e-01  6.80035095e+01]
 [ 0.00000000e+00  0.00000000e+00  0.00000000e+00  1.00000000e+00]]
T_pred (Predicted Transformation):
[[ -0.20254501   0.55251663   0.80851771 -17.17553038]
 [ -0.66315745   0.53011454  -0.52839452  22.13191848]
 [ -0.72055375  -0.64319822   0.25903347  66.09440192]
 [  0.           0.           0.           1.        ]]
T_pred_ICP (Predicted Transformation from ICP):
[[ -0.19411152   0.52897848   0.82613709 -17.08297365]
 [ -0.64459063   0.56604916  -0.51389811  22.00420783]
 [ -0.73947524  -0.63227377   0.23109791  66.26246326]
 [  0.           0.           0.           1.        ]]
