Object ID: 11
Inlier ration of P_pred: 0.25083836913108826
Num. of correspondences: 1491
Avg. Euclidean Distance (ADD) [cm]: 8.593806918612412
Add Score thres: 0
Add Score thres (xyz direction): 0
Add-S Score: 0
Avg. Euclidean Distance (ADD) ICP: 8.616946102929804
Add Score ICP thres: 8.616946102929804
Add Score ICP thres (xyz direction): 0
Add-S Score ICP: 0
Error [cm]: 3.2760218447535308
Error [deg]: 154.03572356170093
T_gt (Ground Truth Transformation):
[[-4.98299301e-01 -8.66661370e-01  2.44201124e-02 -1.11478903e-06]
 [-8.57624888e-01  4.88580137e-01 -1.60527676e-01  4.06562467e-06]
 [ 1.27191931e-01 -1.00934088e-01 -9.86729503e-01  6.94833984e+01]
 [ 0.00000000e+00  0.00000000e+00  0.00000000e+00  1.00000000e+00]]
T_pred (Predicted Transformation):
[[ 0.48032798  0.48574284  0.73030058 -1.58574144]
 [ 0.3241635   0.6753708  -0.662414    1.20839925]
 [-0.81498654  0.55491277  0.16693939 66.91863768]
 [ 0.          0.          0.          1.        ]]
T_pred_ICP (Predicted Transformation from ICP):
[[ 0.476368    0.45925941  0.74976952 -1.61934305]
 [ 0.33828696  0.69136556 -0.63841648  1.18040502]
 [-0.81156359  0.55775843  0.17398296 66.89173788]
 [ 0.          0.          0.          1.        ]]
