Object ID: 6
Inlier ration of P_pred: 0.0
Num. of correspondences: 5
Avg. Euclidean Distance (ADD) [cm]: 11.515284455922794
Add Score thres: 0
Add Score thres (xyz direction): 0
Add-S Score: 0
Avg. Euclidean Distance (ADD) ICP: 11.421217515805388
Add Score ICP thres: 11.421217515805388
Add Score ICP thres (xyz direction): 0
Add-S Score ICP: 0
Error [cm]: 5.384530611948916
Error [deg]: 164.99634508930285
T_gt (Ground Truth Transformation):
[[-8.57762918e-02 -9.93440509e-01 -7.56231397e-02 -4.37302521e+01]
 [-9.63262081e-01  1.02079593e-01 -2.48407483e-01 -3.60772629e+00]
 [ 2.54497588e-01  5.15374728e-02 -9.65699553e-01  7.18010620e+01]
 [ 0.00000000e+00  0.00000000e+00  0.00000000e+00  1.00000000e+00]]
T_pred (Predicted Transformation):
[[ 6.99748942e-01  5.45359251e-01  4.61448486e-01 -4.31702552e+01]
 [-6.17425613e-01  7.86601273e-01  6.63701172e-03 -3.84081506e+00]
 [-3.59356411e-01 -2.89554356e-01  8.87142178e-01  6.63161294e+01]
 [ 0.00000000e+00  0.00000000e+00  0.00000000e+00  1.00000000e+00]]
T_pred_ICP (Predicted Transformation from ICP):
[[ 7.06362289e-01  5.24289631e-01  4.75576176e-01 -4.33248205e+01]
 [-5.79860727e-01  8.13918329e-01 -3.60345828e-02 -3.73897724e+00]
 [-4.05972724e-01 -2.50314477e-01  8.78936181e-01  6.64334212e+01]
 [ 0.00000000e+00  0.00000000e+00  0.00000000e+00  1.00000000e+00]]
