Object ID: 11
Inlier ration of P_pred: 0.004314994439482689
Num. of correspondences: 927
Avg. Euclidean Distance (ADD) [cm]: 2.4231836417531363
Add Score thres: 0
Add Score thres (xyz direction): 0
Add-S Score: 0
Avg. Euclidean Distance (ADD) ICP: 2.245002778027356
Add Score ICP thres: 2.245002778027356
Add Score ICP thres (xyz direction): 0
Add-S Score ICP: 0
Error [cm]: 1.8158127070908376
Error [deg]: 27.44898984692773
T_gt (Ground Truth Transformation):
[[ 2.50002325e-01  9.64025915e-01 -9.02933031e-02  2.12782715e+01]
 [ 1.22757271e-01 -1.24060042e-01 -9.84652102e-01 -1.15188156e+01]
 [-9.60431933e-01  2.35081151e-01 -1.49356484e-01  1.80496350e+02]
 [ 0.00000000e+00  0.00000000e+00  0.00000000e+00  1.00000000e+00]]
T_pred (Predicted Transformation):
[[-2.17652444e-01  9.55341794e-01 -1.99873634e-01  1.98249877e+01]
 [ 3.37487008e-01 -1.18487207e-01 -9.33843296e-01 -1.27923056e+01]
 [-9.15821999e-01 -2.70708031e-01 -2.96626413e-01  1.80131837e+02]
 [ 0.00000000e+00  0.00000000e+00  0.00000000e+00  1.00000000e+00]]
T_pred_ICP (Predicted Transformation from ICP):
[[-1.62337955e-01  9.69751839e-01 -1.82284829e-01  1.99981854e+01]
 [ 3.33047786e-01 -1.20044368e-01 -9.35237147e-01 -1.27504761e+01]
 [-9.28830211e-01 -2.12534044e-01 -3.03485946e-01  1.80120095e+02]
 [ 0.00000000e+00  0.00000000e+00  0.00000000e+00  1.00000000e+00]]
