Object ID: 5
Inlier ration of P_pred: 0.4050324559211731
Num. of correspondences: 1232
Avg. Euclidean Distance (ADD) [cm]: 9.228371942999697
Add Score thres: 0
Add Score thres (xyz direction): 0
Add-S Score: 0
Avg. Euclidean Distance (ADD) ICP: 9.224060793513317
Add Score ICP thres: 9.224060793513317
Add Score ICP thres (xyz direction): 0
Add-S Score ICP: 0
Error [cm]: 1.4307162231553945
Error [deg]: 137.5984245209843
T_gt (Ground Truth Transformation):
[[ 7.25125968e-01 -6.87230885e-01  4.36586104e-02 -2.58531189e+01]
 [-6.79052472e-01 -7.24146247e-01 -1.20415159e-01 -1.92341446e+01]
 [ 1.14368245e-01  5.76696657e-02 -9.91763055e-01  6.85745056e+01]
 [ 0.00000000e+00  0.00000000e+00  0.00000000e+00  1.00000000e+00]]
T_pred (Predicted Transformation):
[[-9.95727590e-01  7.81300231e-03  9.20082850e-02 -2.62446592e+01]
 [-5.35713227e-03  9.89847871e-01 -1.42029906e-01 -2.00859909e+01]
 [-9.21838849e-02 -1.41915997e-01 -9.85576979e-01  6.86125278e+01]
 [ 0.00000000e+00  0.00000000e+00  0.00000000e+00  1.00000000e+00]]
T_pred_ICP (Predicted Transformation from ICP):
[[-9.98804754e-01  1.86282740e-02  4.51890478e-02 -2.63320604e+01]
 [ 1.29352674e-02  9.92303583e-01 -1.23151443e-01 -2.05747490e+01]
 [-4.71353529e-02 -1.22419715e-01 -9.91358498e-01  6.87171372e+01]
 [ 0.00000000e+00  0.00000000e+00  0.00000000e+00  1.00000000e+00]]
