Object ID: 8
Inlier ration of P_pred: 0.07736944407224655
Num. of correspondences: 517
Avg. Euclidean Distance (ADD) [cm]: 19.797983224009606
Add Score thres: 0
Add Score thres (xyz direction): 0
Add-S Score: 0
Avg. Euclidean Distance (ADD) ICP: 19.979076880042726
Add Score ICP thres: 19.979076880042726
Add Score ICP thres (xyz direction): 0
Add-S Score ICP: 0
Error [cm]: 15.589771587704702
Error [deg]: 155.42462668845027
T_gt (Ground Truth Transformation):
[[ -0.8720122   -0.43610603   0.22227533   4.51576157]
 [ -0.44988415   0.5351367   -0.71500558 -11.1755928 ]
 [  0.19287054  -0.72349173  -0.66284293 147.9880127 ]
 [  0.           0.           0.           1.        ]]
T_pred (Predicted Transformation):
[[ 1.04428786e-01 -9.76114203e-01 -1.90514284e-01  1.03724068e+00]
 [ 9.85902224e-01  7.64240719e-02  1.48849471e-01 -1.45986952e+01]
 [-1.30734205e-01 -2.03372626e-01  9.70334037e-01  1.33432087e+02]
 [ 0.00000000e+00  0.00000000e+00  0.00000000e+00  1.00000000e+00]]
T_pred_ICP (Predicted Transformation from ICP):
[[ 6.84884027e-02 -9.89792497e-01  1.24980603e-01 -1.70902170e+00]
 [ 9.93933063e-01  7.85021503e-02  7.70355657e-02 -1.38016531e+01]
 [-8.60604710e-02  1.18946311e-01  9.89163975e-01  1.33938213e+02]
 [ 0.00000000e+00  0.00000000e+00  0.00000000e+00  1.00000000e+00]]
