Object ID: 6
Inlier ration of P_pred: 0.8670058250427246
Num. of correspondences: 1376
Avg. Euclidean Distance (ADD) [cm]: 2.0250139992066227
Add Score thres: 0
Add Score thres (xyz direction): 0
Add-S Score: 0
Avg. Euclidean Distance (ADD) ICP: 1.6037256595252563
Add Score ICP thres: 1.6037256595252563
Add Score ICP thres (xyz direction): 0
Add-S Score ICP: 0
Error [cm]: 0.8863324209067305
Error [deg]: 20.49670848876485
T_gt (Ground Truth Transformation):
[[-5.44718325e-01 -7.83716142e-01 -2.98447669e-01 -2.75887787e+01]
 [-7.25908995e-01  6.18841171e-01 -3.00152749e-01  2.75215790e+01]
 [ 4.19926256e-01  5.31471521e-02 -9.06000733e-01  1.24303406e+02]
 [ 0.00000000e+00  0.00000000e+00  0.00000000e+00  1.00000000e+00]]
T_pred (Predicted Transformation):
[[-8.58509199e-01 -4.58958569e-01 -2.28733443e-01 -2.82447198e+01]
 [-4.14468532e-01  8.83688775e-01 -2.17508587e-01  2.67928347e+01]
 [ 3.01956605e-01 -9.19303083e-02 -9.48878826e-01  1.24659084e+02]
 [ 0.00000000e+00  0.00000000e+00  0.00000000e+00  1.00000000e+00]]
T_pred_ICP (Predicted Transformation from ICP):
[[-8.00383300e-01 -5.41570033e-01 -2.57076781e-01 -2.81955259e+01]
 [-4.91345908e-01  8.38307716e-01 -2.36261238e-01  2.69532478e+01]
 [ 3.43461455e-01 -6.27859252e-02 -9.37065716e-01  1.24610721e+02]
 [ 0.00000000e+00  0.00000000e+00  0.00000000e+00  1.00000000e+00]]
