Object ID: 5
Inlier ration of P_pred: 0.8596802949905396
Num. of correspondences: 1126
Avg. Euclidean Distance (ADD) [cm]: 9.419970225033737
Add Score thres: 0
Add Score thres (xyz direction): 0
Add-S Score: 0
Avg. Euclidean Distance (ADD) ICP: 9.352556489748038
Add Score ICP thres: 9.352556489748038
Add Score ICP thres (xyz direction): 0
Add-S Score ICP: 0
Error [cm]: 1.4405696452365744
Error [deg]: 141.92384630295433
T_gt (Ground Truth Transformation):
[[  0.76081717   0.6286276    0.16119726   8.56192017]
 [  0.62448066  -0.64158064  -0.44541919 -26.51109924]
 [ -0.17658176   0.43954715  -0.88069141 129.39962158]
 [  0.           0.           0.           1.        ]]
T_pred (Predicted Transformation):
[[-9.84139066e-01 -3.37729290e-02  1.74154209e-01  8.58426205e+00]
 [-1.22275577e-01  8.40395018e-01 -5.28000850e-01 -2.77558119e+01]
 [-1.28526195e-01 -5.40921070e-01 -8.31195172e-01  1.30113489e+02]
 [ 0.00000000e+00  0.00000000e+00  0.00000000e+00  1.00000000e+00]]
T_pred_ICP (Predicted Transformation from ICP):
[[-9.86277030e-01 -2.55783413e-02  1.63105389e-01  9.11856730e+00]
 [-9.67745261e-02  8.89978274e-01 -4.45615712e-01 -2.76511929e+01]
 [-1.33762142e-01 -4.55284988e-01 -8.80240461e-01  1.30081949e+02]
 [ 0.00000000e+00  0.00000000e+00  0.00000000e+00  1.00000000e+00]]
