Object ID: 8
Inlier ration of P_pred: 0.33368420600891113
Num. of correspondences: 950
Avg. Euclidean Distance (ADD) [cm]: 19.058478264560115
Add Score thres: 0
Add Score thres (xyz direction): 0
Add-S Score: 0
Avg. Euclidean Distance (ADD) ICP: 18.616800755014122
Add Score ICP thres: 18.616800755014122
Add Score ICP thres (xyz direction): 0
Add-S Score ICP: 0
Error [cm]: 16.766739157334897
Error [deg]: 123.58141879296109
T_gt (Ground Truth Transformation):
[[  0.85228205   0.26224923  -0.45259333 -32.64429932]
 [ -0.2017117   -0.63354897  -0.74694645  33.25984192]
 [ -0.4826259    0.72790247  -0.4870638  120.26209717]
 [  0.           0.           0.           1.        ]]
T_pred (Predicted Transformation):
[[-7.97695611e-01  5.67243493e-01 -2.04735273e-01 -3.57776501e+01]
 [-5.30857174e-01 -8.21564352e-01 -2.07900641e-01  3.02389897e+01]
 [-2.86133488e-01 -5.71562402e-02  9.56483555e-01  1.03494582e+02]
 [ 0.00000000e+00  0.00000000e+00  0.00000000e+00  1.00000000e+00]]
T_pred_ICP (Predicted Transformation from ICP):
[[ -0.8413633    0.51851328  -0.15248534 -36.41325903]
 [ -0.44550232  -0.82508703  -0.34750407  31.74444765]
 [ -0.30599915  -0.22444459   0.92519681 103.9948889 ]
 [  0.           0.           0.           1.        ]]
