Object ID: 5
Inlier ration of P_pred: 0.46029171347618103
Num. of correspondences: 617
Avg. Euclidean Distance (ADD) [cm]: 14.277958505625977
Add Score thres: 0
Add Score thres (xyz direction): 0
Add-S Score: 0
Avg. Euclidean Distance (ADD) ICP: 14.262716101553693
Add Score ICP thres: 14.262716101553693
Add Score ICP thres (xyz direction): 0
Add-S Score ICP: 0
Error [cm]: 4.875994086693995
Error [deg]: 175.51341712159166
T_gt (Ground Truth Transformation):
[[ 7.81879485e-01  6.16454720e-01  9.29949358e-02  1.52279449e+01]
 [ 4.86571938e-01 -5.10154009e-01 -7.09218264e-01 -1.92352509e+01]
 [-3.89759243e-01  5.99771917e-01 -6.98828518e-01  1.11763025e+02]
 [ 0.00000000e+00  0.00000000e+00  0.00000000e+00  1.00000000e+00]]
T_pred (Predicted Transformation):
[[ 7.16057683e-02 -9.88536205e-01 -1.32923980e-01  1.75952509e+01]
 [ 7.00947484e-01 -4.49380023e-02  7.11795758e-01 -2.16588342e+01]
 [-7.09609215e-01 -1.44141412e-01  6.89694146e-01  1.08201900e+02]
 [ 0.00000000e+00  0.00000000e+00  0.00000000e+00  1.00000000e+00]]
T_pred_ICP (Predicted Transformation from ICP):
[[ 9.02260244e-02 -9.80841600e-01 -1.72652889e-01  1.76830122e+01]
 [ 6.98788209e-01 -6.11742207e-02  7.12708043e-01 -2.16221145e+01]
 [-7.09615603e-01 -1.84952616e-01  6.79881038e-01  1.08291592e+02]
 [ 0.00000000e+00  0.00000000e+00  0.00000000e+00  1.00000000e+00]]
