Object ID: 11
Inlier ration of P_pred: 0.06910112500190735
Num. of correspondences: 1780
Avg. Euclidean Distance (ADD) [cm]: 8.147007785227968
Add Score thres: 0
Add Score thres (xyz direction): 0
Add-S Score: 0
Avg. Euclidean Distance (ADD) ICP: 8.021100796238334
Add Score ICP thres: 8.021100796238334
Add Score ICP thres (xyz direction): 0
Add-S Score ICP: 0
Error [cm]: 4.374689033490877
Error [deg]: 95.57624019481919
T_gt (Ground Truth Transformation):
[[ 9.29205656e-01  2.79450268e-01  2.41835490e-01 -8.17398987e+00]
 [ 3.61100018e-01 -5.47301352e-01 -7.55028486e-01 -2.36466202e+01]
 [-7.86360204e-02  7.88903534e-01 -6.09465003e-01  9.92880188e+01]
 [ 0.00000000e+00  0.00000000e+00  0.00000000e+00  1.00000000e+00]]
T_pred (Predicted Transformation):
[[  0.24296312   0.1227515    0.96223749 -11.41478061]
 [  0.49395747   0.83806422  -0.23163417 -23.54836982]
 [ -0.83485025   0.53158296   0.14298468  96.17376231]
 [  0.           0.           0.           1.        ]]
T_pred_ICP (Predicted Transformation from ICP):
[[  0.23248771   0.13470015   0.96322652 -11.37045519]
 [  0.50184779   0.83172809  -0.23743879 -23.46910816]
 [ -0.8331256    0.5385947    0.12576758  96.30657569]
 [  0.           0.           0.           1.        ]]
