Object ID: 11
Inlier ration of P_pred: 0.0
Num. of correspondences: 297
Avg. Euclidean Distance (ADD) [cm]: 5.790514946823931
Add Score thres: 0
Add Score thres (xyz direction): 0
Add-S Score: 0
Avg. Euclidean Distance (ADD) ICP: 5.782661101301885
Add Score ICP thres: 5.782661101301885
Add Score ICP thres (xyz direction): 0
Add-S Score ICP: 0
Error [cm]: 3.9728328330475704
Error [deg]: 57.003728340433874
T_gt (Ground Truth Transformation):
[[-9.67087626e-01 -2.50404149e-01 -4.51666415e-02 -3.32388123e+01]
 [-2.15222597e-01  8.99708390e-01 -3.79742175e-01 -1.60992630e+01]
 [ 1.35725811e-01 -3.57522935e-01 -9.23989475e-01  6.23417358e+01]
 [ 0.00000000e+00  0.00000000e+00  0.00000000e+00  1.00000000e+00]]
T_pred (Predicted Transformation):
[[ -0.48966224  -0.61375852  -0.6192991  -30.06262668]
 [ -0.73527886   0.67240978  -0.08502989 -14.91162077]
 [  0.46861059   0.41372161  -0.78053734  64.42695312]
 [  0.           0.           0.           1.        ]]
T_pred_ICP (Predicted Transformation from ICP):
[[ -0.4912927   -0.61372916  -0.6180356  -30.07086613]
 [ -0.73554897   0.67237065  -0.08297844 -14.92322618]
 [  0.46647529   0.41382875  -0.78175864  64.43086376]
 [  0.           0.           0.           1.        ]]
