Object ID: 12
Inlier ration of P_pred: 0.09195402264595032
Num. of correspondences: 174
Avg. Euclidean Distance (ADD) [cm]: 7.836988219274578
Add Score thres: 0
Add Score thres (xyz direction): 0
Add-S Score: 0
Avg. Euclidean Distance (ADD) ICP: 7.809318930104934
Add Score ICP thres: 7.809318930104934
Add Score ICP thres (xyz direction): 0
Add-S Score ICP: 0
Error [cm]: 4.101852122779897
Error [deg]: 91.88829609586557
T_gt (Ground Truth Transformation):
[[-6.85628235e-01 -5.71327925e-01 -4.51108664e-01 -7.84831314e+00]
 [-8.12204741e-03  6.25660539e-01 -7.80053258e-01 -3.63218422e+00]
 [ 7.27907062e-01 -5.31162322e-01 -4.33611035e-01  1.31201953e+02]
 [ 0.00000000e+00  0.00000000e+00  0.00000000e+00  1.00000000e+00]]
T_pred (Predicted Transformation):
[[ -0.51018862   0.82536187  -0.24183747  -7.57814126]
 [  0.82109369   0.38373967  -0.4225506   -6.4684846 ]
 [ -0.25595452  -0.41415173  -0.87347904 134.27622831]
 [  0.           0.           0.           1.        ]]
T_pred_ICP (Predicted Transformation from ICP):
[[ -0.49360044   0.83214227  -0.25278021  -7.48115605]
 [  0.82394719   0.35442924  -0.44214357  -6.30671711]
 [ -0.27833365  -0.42651981  -0.86058772 134.29019863]
 [  0.           0.           0.           1.        ]]
