Object ID: 8
Inlier ration of P_pred: 0.36199724674224854
Num. of correspondences: 721
Avg. Euclidean Distance (ADD) [cm]: 1.7162203680125465
Add Score thres: 1
Add Score thres (xyz direction): 0
Add-S Score: 0
Avg. Euclidean Distance (ADD) ICP: 3.8245687840009914e-07
Add Score ICP thres: 3.8245687840009914e-07
Add Score ICP thres (xyz direction): 0
Add-S Score ICP: 0
Error [cm]: 6.274375759789082e-08
Error [deg]: 0.01725428068651092
T_gt (Ground Truth Transformation):
[[-2.13401303e-01  9.72210586e-01 -9.62624177e-02 -1.33988632e+01]
 [ 9.53739703e-01  1.85957834e-01 -2.36220613e-01  9.90199738e+00]
 [-2.11755425e-01 -1.42219082e-01 -9.66919482e-01  1.34991467e+02]
 [ 0.00000000e+00  0.00000000e+00  0.00000000e+00  1.00000000e+00]]
T_pred (Predicted Transformation):
[[-3.03605734e-01  9.44698960e-01 -1.23965453e-01 -1.32011902e+01]
 [ 9.08852766e-01  2.48083820e-01 -3.35322335e-01  8.60581140e+00]
 [-2.86024838e-01 -2.14472128e-01 -9.33911933e-01  1.35503710e+02]
 [ 0.00000000e+00  0.00000000e+00  0.00000000e+00  1.00000000e+00]]
T_pred_ICP (Predicted Transformation from ICP):
[[-2.13401319e-01  9.72210586e-01 -9.62624211e-02 -1.33988632e+01]
 [ 9.53739750e-01  1.85957810e-01 -2.36220622e-01  9.90199743e+00]
 [-2.11755440e-01 -1.42219090e-01 -9.66919523e-01  1.34991467e+02]
 [ 0.00000000e+00  0.00000000e+00  0.00000000e+00  1.00000000e+00]]
