Object ID: 12
Inlier ration of P_pred: 0.6666666865348816
Num. of correspondences: 6
Avg. Euclidean Distance (ADD) [cm]: 10.948141674756775
Add Score thres: 0
Add Score thres (xyz direction): 0
Add-S Score: 0
Avg. Euclidean Distance (ADD) ICP: 10.75166452809259
Add Score ICP thres: 10.75166452809259
Add Score ICP thres (xyz direction): 0
Add-S Score ICP: 0
Error [cm]: 7.239540834792043
Error [deg]: 152.43630769028258
T_gt (Ground Truth Transformation):
[[ 8.41468751e-01  5.28518379e-01  1.12243734e-01  2.86481460e-05]
 [ 5.34459710e-01 -7.83728302e-01 -3.16422105e-01 -1.01272155e-05]
 [-7.92663097e-02  3.26249093e-01 -9.41954613e-01  1.15474280e+02]
 [ 0.00000000e+00  0.00000000e+00  0.00000000e+00  1.00000000e+00]]
T_pred (Predicted Transformation):
[[ 5.46986501e-01  8.04120609e-01  2.32799945e-01 -1.67351483e-01]
 [-7.72032784e-01  5.92071123e-01 -2.31121537e-01  3.23284444e+00]
 [-3.23683716e-01 -5.33088287e-02  9.44662385e-01  1.08727579e+02]
 [ 0.00000000e+00  0.00000000e+00  0.00000000e+00  1.00000000e+00]]
T_pred_ICP (Predicted Transformation from ICP):
[[ 5.46912188e-01  7.98878225e-01  2.50361021e-01 -2.06148687e-01]
 [-7.66538418e-01  5.98080616e-01 -2.33919711e-01  3.18825287e+00]
 [-3.36609437e-01 -6.39777997e-02  9.39468429e-01  1.08977864e+02]
 [ 0.00000000e+00  0.00000000e+00  0.00000000e+00  1.00000000e+00]]
