Object ID: 8
Inlier ration of P_pred: 0.0
Num. of correspondences: 268
Avg. Euclidean Distance (ADD) [cm]: 15.892996175392296
Add Score thres: 0
Add Score thres (xyz direction): 0
Add-S Score: 0
Avg. Euclidean Distance (ADD) ICP: 15.67353547319006
Add Score ICP thres: 15.67353547319006
Add Score ICP thres (xyz direction): 0
Add-S Score ICP: 0
Error [cm]: 11.318881193289792
Error [deg]: 104.50905997900355
T_gt (Ground Truth Transformation):
[[ 6.23815417e-01 -3.52492690e-01 -6.97569609e-01 -1.86213913e+01]
 [-6.70028567e-01  2.18318373e-01 -7.09506214e-01  1.24130730e+01]
 [ 4.02388066e-01  9.09992456e-01 -9.99898314e-02  1.37194995e+02]
 [ 0.00000000e+00  0.00000000e+00  0.00000000e+00  1.00000000e+00]]
T_pred (Predicted Transformation):
[[ 5.68105473e-01  1.55729564e-01  8.08086922e-01 -2.81205475e+01]
 [ 8.22917458e-01 -1.16971426e-01 -5.55989697e-01  9.20977984e+00]
 [ 7.93904726e-03  9.80849626e-01 -1.94604684e-01  1.31674507e+02]
 [ 0.00000000e+00  0.00000000e+00  0.00000000e+00  1.00000000e+00]]
T_pred_ICP (Predicted Transformation from ICP):
[[ 5.97908637e-01  2.43082423e-01  7.63816861e-01 -2.82684492e+01]
 [ 7.96086292e-01 -6.88676839e-02 -6.01251909e-01  9.46554431e+00]
 [-9.35514730e-02  9.67557842e-01 -2.34691168e-01  1.32060463e+02]
 [ 0.00000000e+00  0.00000000e+00  0.00000000e+00  1.00000000e+00]]
