Object ID: 8
Inlier ration of P_pred: 0.024793386459350586
Num. of correspondences: 121
Avg. Euclidean Distance (ADD) [cm]: 19.491169689231675
Add Score thres: 0
Add Score thres (xyz direction): 0
Add-S Score: 0
Avg. Euclidean Distance (ADD) ICP: 19.433523615433135
Add Score ICP thres: 19.433523615433135
Add Score ICP thres (xyz direction): 0
Add-S Score ICP: 0
Error [cm]: 13.57140533549854
Error [deg]: 167.77193886034775
T_gt (Ground Truth Transformation):
[[-2.74799109e-01  8.62139165e-01 -4.25677598e-01  4.13086945e+01]
 [ 7.35286474e-01 -9.68398675e-02 -6.70802355e-01 -6.64048004e+00]
 [-6.19547546e-01 -4.97330904e-01 -6.07307792e-01  1.06635022e+02]
 [ 0.00000000e+00  0.00000000e+00  0.00000000e+00  1.00000000e+00]]
T_pred (Predicted Transformation):
[[  0.72036189  -0.63519376   0.27858148  48.47238437]
 [  0.1291035    0.51742195   0.84593547   2.6056004 ]
 [ -0.6814771   -0.57341382   0.45473679 113.68017518]
 [  0.           0.           0.           1.        ]]
T_pred_ICP (Predicted Transformation from ICP):
[[  0.71365743  -0.64442514   0.27460756  48.33316931]
 [  0.13983849   0.51519138   0.84559035   2.53314366]
 [ -0.68639513  -0.56506113   0.4577856  113.75432139]
 [  0.           0.           0.           1.        ]]
