Object ID: 6
Inlier ration of P_pred: 0.34550562500953674
Num. of correspondences: 356
Avg. Euclidean Distance (ADD) [cm]: 13.821148737186235
Add Score thres: 0
Add Score thres (xyz direction): 0
Add-S Score: 0
Avg. Euclidean Distance (ADD) ICP: 13.435930055983965
Add Score ICP thres: 13.435930055983965
Add Score ICP thres (xyz direction): 0
Add-S Score ICP: 0
Error [cm]: 9.703159112033457
Error [deg]: 129.09307004507167
T_gt (Ground Truth Transformation):
[[ 9.08343911e-01  4.14499849e-01 -5.56890592e-02 -3.81146118e+01]
 [ 4.07207519e-01 -9.06902313e-01 -1.08214572e-01  2.62363800e+01]
 [-9.53594521e-02  7.56190419e-02 -9.92566586e-01  1.06375452e+02]
 [ 0.00000000e+00  0.00000000e+00  0.00000000e+00  1.00000000e+00]]
T_pred (Predicted Transformation):
[[ -0.2713608   -0.91753304  -0.29068271 -34.36021716]
 [  0.14105351  -0.33666565   0.93099954  18.48211337]
 [ -0.95208572   0.21163497   0.22077912 101.29995942]
 [  0.           0.           0.           1.        ]]
T_pred_ICP (Predicted Transformation from ICP):
[[-1.62153126e-01 -9.05706613e-01 -3.91665539e-01 -3.38367738e+01]
 [ 1.46607721e-01 -4.14625928e-01  8.98104401e-01  1.89388754e+01]
 [-9.75813783e-01  8.82092441e-02  2.00016473e-01  1.01621735e+02]
 [ 0.00000000e+00  0.00000000e+00  0.00000000e+00  1.00000000e+00]]
