Object ID: 12
Inlier ration of P_pred: 0.7158730030059814
Num. of correspondences: 630
Avg. Euclidean Distance (ADD) [cm]: 1.2488160858607549
Add Score thres: 1
Add Score thres (xyz direction): 0
Add-S Score: 0
Avg. Euclidean Distance (ADD) ICP: 1.0368087165342413e-06
Add Score ICP thres: 1.0368087165342413e-06
Add Score ICP thres (xyz direction): 0
Add-S Score ICP: 0
Error [cm]: 2.1921353713490268e-07
Error [deg]: 0.0
T_gt (Ground Truth Transformation):
[[ 9.46367502e-01  3.19424123e-01  4.85465452e-02 -3.34644012e+01]
 [ 3.19424123e-01 -9.02424872e-01 -2.89133310e-01 -1.57942688e+01]
 [-4.85465452e-02  2.89133310e-01 -9.56057370e-01  1.14536646e+02]
 [ 0.00000000e+00  0.00000000e+00  0.00000000e+00  1.00000000e+00]]
T_pred (Predicted Transformation):
[[ 9.72832632e-01  2.02072318e-01  1.12975431e-01 -3.34850816e+01]
 [ 2.31222838e-01 -8.23803060e-01 -5.17575615e-01 -1.57185086e+01]
 [-1.15181985e-02  5.29636948e-01 -8.48146234e-01  1.14317786e+02]
 [ 0.00000000e+00  0.00000000e+00  0.00000000e+00  1.00000000e+00]]
T_pred_ICP (Predicted Transformation from ICP):
[[ 9.46367528e-01  3.19424075e-01  4.85464939e-02 -3.34644013e+01]
 [ 3.19424064e-01 -9.02424642e-01 -2.89133243e-01 -1.57942688e+01]
 [-4.85465664e-02  2.89133231e-01 -9.56057114e-01  1.14536646e+02]
 [ 0.00000000e+00  0.00000000e+00  0.00000000e+00  1.00000000e+00]]
