Object ID: 6
Inlier ration of P_pred: 0.2860962748527527
Num. of correspondences: 374
Avg. Euclidean Distance (ADD) [cm]: 14.537829239445195
Add Score thres: 0
Add Score thres (xyz direction): 0
Add-S Score: 0
Avg. Euclidean Distance (ADD) ICP: 14.503547122905799
Add Score ICP thres: 14.503547122905799
Add Score ICP thres (xyz direction): 0
Add-S Score ICP: 0
Error [cm]: 10.187694875166141
Error [deg]: 160.7012828732171
T_gt (Ground Truth Transformation):
[[-9.88348782e-01 -1.16228886e-01  9.82736871e-02 -1.17842552e+01]
 [-1.44594327e-01  5.15348673e-01 -8.44694197e-01  8.08211670e+00]
 [ 4.75326516e-02 -8.49062204e-01 -5.26150286e-01  1.23153809e+02]
 [ 0.00000000e+00  0.00000000e+00  0.00000000e+00  1.00000000e+00]]
T_pred (Predicted Transformation):
[[-5.01511919e-01  6.84197203e-01 -5.29490305e-01 -1.05644222e+01]
 [-8.58464475e-01 -4.69494011e-01  2.06431875e-01  6.80514761e+00]
 [-1.07352416e-01  5.58076663e-01  8.22815835e-01  1.13067126e+02]
 [ 0.00000000e+00  0.00000000e+00  0.00000000e+00  1.00000000e+00]]
T_pred_ICP (Predicted Transformation from ICP):
[[ -0.46010327   0.65277688  -0.60182002 -10.13328314]
 [ -0.87852496  -0.43278037   0.20222522   6.74982618]
 [ -0.12844794   0.62175839   0.77260445 113.18945111]
 [  0.           0.           0.           1.        ]]
