Object ID: 12
Inlier ration of P_pred: 0.5283687710762024
Num. of correspondences: 564
Avg. Euclidean Distance (ADD) [cm]: 9.297252607532556
Add Score thres: 0
Add Score thres (xyz direction): 0
Add-S Score: 0
Avg. Euclidean Distance (ADD) ICP: 9.281205223019844
Add Score ICP thres: 9.281205223019844
Add Score ICP thres (xyz direction): 0
Add-S Score ICP: 0
Error [cm]: 5.009179964049357
Error [deg]: 169.38378074023723
T_gt (Ground Truth Transformation):
[[ 9.54730928e-01 -2.93326616e-01 -4.94808815e-02 -7.71883469e+00]
 [-2.97127992e-01 -9.48328614e-01 -1.11301668e-01  1.51553802e+01]
 [-1.42763909e-02  1.20965295e-01 -9.92554188e-01  1.29814124e+02]
 [ 0.00000000e+00  0.00000000e+00  0.00000000e+00  1.00000000e+00]]
T_pred (Predicted Transformation):
[[  0.48862521   0.36864383   0.79078893 -10.42671527]
 [ -0.42668193   0.89154272  -0.15196745  14.2685087 ]
 [ -0.76104397  -0.26316022   0.59292391 125.69472698]
 [  0.           0.           0.           1.        ]]
T_pred_ICP (Predicted Transformation from ICP):
[[ 4.76955419e-01  3.33285526e-01  8.13286104e-01 -1.04307570e+01]
 [-4.78208797e-01  8.74772482e-01 -7.80349377e-02  1.40678664e+01]
 [-7.37448219e-01 -3.51701383e-01  5.76607546e-01  1.25745380e+02]
 [ 0.00000000e+00  0.00000000e+00  0.00000000e+00  1.00000000e+00]]
