Object ID: 12
Inlier ration of P_pred: 0.7142857313156128
Num. of correspondences: 287
Avg. Euclidean Distance (ADD) [cm]: 1.5047432827495337
Add Score thres: 0
Add Score thres (xyz direction): 0
Add-S Score: 0
Avg. Euclidean Distance (ADD) ICP: 8.28008831154581e-07
Add Score ICP thres: 8.28008831154581e-07
Add Score ICP thres (xyz direction): 0
Add-S Score ICP: 0
Error [cm]: 1.8083966773637845e-07
Error [deg]: 0.0
T_gt (Ground Truth Transformation):
[[ 8.59324694e-01 -3.73314261e-01 -3.49567771e-01  3.05570801e+01]
 [-4.97434020e-01 -4.51278210e-01 -7.40883112e-01 -6.19426956e+00]
 [ 1.18829936e-01  8.10545981e-01 -5.73493719e-01  1.25782971e+02]
 [ 0.00000000e+00  0.00000000e+00  0.00000000e+00  1.00000000e+00]]
T_pred (Predicted Transformation):
[[ 9.39065913e-01 -1.89189587e-01 -2.86988694e-01  3.08260675e+01]
 [-3.33201322e-01 -7.06136669e-01 -6.24778268e-01 -5.95712011e+00]
 [-8.44516984e-02  6.82332987e-01 -7.26147097e-01  1.25189968e+02]
 [ 0.00000000e+00  0.00000000e+00  0.00000000e+00  1.00000000e+00]]
T_pred_ICP (Predicted Transformation from ICP):
[[ 8.59324673e-01 -3.73314227e-01 -3.49567726e-01  3.05570801e+01]
 [-4.97433983e-01 -4.51278104e-01 -7.40882922e-01 -6.19426942e+00]
 [ 1.18829875e-01  8.10545841e-01 -5.73493592e-01  1.25782971e+02]
 [ 0.00000000e+00  0.00000000e+00  0.00000000e+00  1.00000000e+00]]
