Object ID: 11
Inlier ration of P_pred: 0.25799575448036194
Num. of correspondences: 938
Avg. Euclidean Distance (ADD) [cm]: 5.65203975382598
Add Score thres: 0
Add Score thres (xyz direction): 0
Add-S Score: 0
Avg. Euclidean Distance (ADD) ICP: 5.577539965821
Add Score ICP thres: 5.577539965821
Add Score ICP thres (xyz direction): 0
Add-S Score ICP: 0
Error [cm]: 3.511396765916082
Error [deg]: 48.23978880706918
T_gt (Ground Truth Transformation):
[[-9.10758376e-01 -8.73431638e-02 -4.03596759e-01  2.72243988e+01]
 [ 2.07937330e-01  7.47412026e-01 -6.30981266e-01 -1.41154877e+01]
 [ 3.56764972e-01 -6.58594310e-01 -6.62549853e-01  1.14653662e+02]
 [ 0.00000000e+00  0.00000000e+00  0.00000000e+00  1.00000000e+00]]
T_pred (Predicted Transformation):
[[-7.81474673e-01  1.08873696e-01 -6.14364594e-01  2.80554188e+01]
 [ 4.29514111e-02  9.91709418e-01  1.21109892e-01 -1.75316941e+01]
 [ 6.22456835e-01  6.82564867e-02 -7.79672072e-01  1.14937312e+02]
 [ 0.00000000e+00  0.00000000e+00  0.00000000e+00  1.00000000e+00]]
T_pred_ICP (Predicted Transformation from ICP):
[[-7.80933646e-01  7.64749600e-02 -6.19914689e-01  2.80698940e+01]
 [ 1.74771179e-02  9.94763221e-01  1.00700966e-01 -1.75170441e+01]
 [ 6.24369435e-01  6.78064505e-02 -7.78180631e-01  1.14864515e+02]
 [ 0.00000000e+00  0.00000000e+00  0.00000000e+00  1.00000000e+00]]
