Object ID: 11
Inlier ration of P_pred: 0.44117647409439087
Num. of correspondences: 306
Avg. Euclidean Distance (ADD) [cm]: 2.770577950437848
Add Score thres: 0
Add Score thres (xyz direction): 0
Add-S Score: 0
Avg. Euclidean Distance (ADD) ICP: 1.0654042599198582e-07
Add Score ICP thres: 1.0654042599198582e-07
Add Score ICP thres (xyz direction): 0
Add-S Score ICP: 0
Error [cm]: 4.1434794082599464e-08
Error [deg]: 0.010025480887636433
T_gt (Ground Truth Transformation):
[[ 5.27924336e-02 -9.96528149e-01 -6.43783882e-02 -7.67213974e+00]
 [-9.82263803e-01 -4.02052216e-02 -1.83143049e-01  1.47612961e+01]
 [ 1.79918855e-01  7.29051307e-02 -9.80976045e-01  1.28422510e+02]
 [ 0.00000000e+00  0.00000000e+00  0.00000000e+00  1.00000000e+00]]
T_pred (Predicted Transformation):
[[ 6.72624915e-01 -7.14910154e-01 -1.90995274e-01 -7.53900643e+00]
 [-7.21543171e-01 -6.90902053e-01  4.50533646e-02  1.28123442e+01]
 [-1.64168135e-01  1.07507320e-01 -9.80556475e-01  1.28582388e+02]
 [ 0.00000000e+00  0.00000000e+00  0.00000000e+00  1.00000000e+00]]
T_pred_ICP (Predicted Transformation from ICP):
[[ 5.27924305e-02 -9.96528164e-01 -6.43783903e-02 -7.67213974e+00]
 [-9.82263795e-01 -4.02052240e-02 -1.83143053e-01  1.47612961e+01]
 [ 1.79918863e-01  7.29051289e-02 -9.80976067e-01  1.28422510e+02]
 [ 0.00000000e+00  0.00000000e+00  0.00000000e+00  1.00000000e+00]]
