Object ID: 11
Inlier ration of P_pred: 0.27591460943222046
Num. of correspondences: 656
Avg. Euclidean Distance (ADD) [cm]: 2.5876466607578865
Add Score thres: 0
Add Score thres (xyz direction): 0
Add-S Score: 0
Avg. Euclidean Distance (ADD) ICP: 2.5618648187515305
Add Score ICP thres: 2.5618648187515305
Add Score ICP thres (xyz direction): 0
Add-S Score ICP: 0
Error [cm]: 2.2569132622985935
Error [deg]: 16.186298079666248
T_gt (Ground Truth Transformation):
[[ -0.38135806  -0.91026443   0.1611982   -1.30126591]
 [ -0.85116112   0.27771744  -0.44541875 -17.60764313]
 [  0.36068127  -0.3070696   -0.88069153 124.27890625]
 [  0.           0.           0.           1.        ]]
T_pred (Predicted Transformation):
[[-6.47216705e-01 -7.56980241e-01  8.99524935e-02 -6.41972798e-01]
 [-6.63642265e-01  5.01451083e-01 -5.55090763e-01 -1.56816141e+01]
 [ 3.75085964e-01 -4.18960291e-01 -8.26911600e-01  1.23216337e+02]
 [ 0.00000000e+00  0.00000000e+00  0.00000000e+00  1.00000000e+00]]
T_pred_ICP (Predicted Transformation from ICP):
[[-6.03732140e-01 -7.92129391e-01  8.96578562e-02 -6.74272150e-01]
 [-6.85059580e-01  4.58007623e-01 -5.66500123e-01 -1.57044810e+01]
 [ 4.07677416e-01 -4.03435305e-01 -8.19169750e-01  1.23240393e+02]
 [ 0.00000000e+00  0.00000000e+00  0.00000000e+00  1.00000000e+00]]
