Object ID: 11
Inlier ration of P_pred: 0.23600001633167267
Num. of correspondences: 2000
Avg. Euclidean Distance (ADD) [cm]: 7.726676858513105
Add Score thres: 0
Add Score thres (xyz direction): 0
Add-S Score: 0
Avg. Euclidean Distance (ADD) ICP: 7.530109728761639
Add Score ICP thres: 7.530109728761639
Add Score ICP thres (xyz direction): 0
Add-S Score ICP: 0
Error [cm]: 6.97353177681859
Error [deg]: 66.64474983927003
T_gt (Ground Truth Transformation):
[[-9.94338632e-01  4.64470945e-02 -9.55710635e-02  1.93205322e+01]
 [ 1.03456937e-01  6.28384829e-01 -7.70992339e-01  3.51753922e+00]
 [ 2.42450628e-02 -7.76514769e-01 -6.29632711e-01  5.43135132e+01]
 [ 0.00000000e+00  0.00000000e+00  0.00000000e+00  1.00000000e+00]]
T_pred (Predicted Transformation):
[[-0.65276071 -0.43133071 -0.62278188 16.74052863]
 [ 0.20604769  0.69000627 -0.69385567  7.64262329]
 [ 0.72900467 -0.58124449 -0.36153429 49.20380673]
 [ 0.          0.          0.          1.        ]]
T_pred_ICP (Predicted Transformation from ICP):
[[-0.40248372 -0.73083693 -0.55125695 15.66784816]
 [-0.20081074  0.65800514 -0.72574395  7.85314005]
 [ 0.89313039 -0.18140181 -0.41159626 50.25264998]
 [ 0.          0.          0.          1.        ]]
