Object ID: 11
Inlier ration of P_pred: 0.22671157121658325
Num. of correspondences: 891
Avg. Euclidean Distance (ADD) [cm]: 4.580295312585686
Add Score thres: 0
Add Score thres (xyz direction): 0
Add-S Score: 0
Avg. Euclidean Distance (ADD) ICP: 1.9015509235432067
Add Score ICP thres: 1.9015509235432067
Add Score ICP thres (xyz direction): 0
Add-S Score ICP: 0
Error [cm]: 0.8020927971579265
Error [deg]: 21.600318385689793
T_gt (Ground Truth Transformation):
[[-5.98092735e-01  7.95179963e-01  9.98709127e-02 -1.76421158e+01]
 [ 3.78061146e-01  3.89821082e-01 -8.39707911e-01  6.55383301e+00]
 [-7.06650615e-01 -4.64465767e-01 -5.33775866e-01  1.18723413e+02]
 [ 0.00000000e+00  0.00000000e+00  0.00000000e+00  1.00000000e+00]]
T_pred (Predicted Transformation):
[[-2.29356823e-01  8.31901988e-01 -5.05306373e-01 -1.58051695e+01]
 [ 8.84254918e-01 -3.88878735e-02 -4.65382609e-01  5.24134532e+00]
 [-4.06803008e-01 -5.53558322e-01 -7.26694225e-01  1.19581987e+02]
 [ 0.00000000e+00  0.00000000e+00  0.00000000e+00  1.00000000e+00]]
T_pred_ICP (Predicted Transformation from ICP):
[[ -0.43940536   0.88801474  -0.13547231 -17.08876229]
 [  0.68427292   0.23318322  -0.69093861   6.13661451]
 [ -0.5819738   -0.39630216  -0.7101064  119.12724658]
 [  0.           0.           0.           1.        ]]
