Object ID: 11
Inlier ration of P_pred: 0.08726003766059875
Num. of correspondences: 573
Avg. Euclidean Distance (ADD) [cm]: 4.489560759783604
Add Score thres: 0
Add Score thres (xyz direction): 0
Add-S Score: 0
Avg. Euclidean Distance (ADD) ICP: 4.418330096853453
Add Score ICP thres: 4.418330096853453
Add Score ICP thres (xyz direction): 0
Add-S Score ICP: 0
Error [cm]: 3.2349950510682564
Error [deg]: 46.011549124784985
T_gt (Ground Truth Transformation):
[[  0.87463558   0.43123826  -0.22146389  15.55407715]
 [  0.33301705  -0.86645114  -0.37197134  15.51610718]
 [ -0.35229582   0.25158814  -0.90143871 102.9583374 ]
 [  0.           0.           0.           1.        ]]
T_pred (Predicted Transformation):
[[  0.27375456   0.70836943  -0.65059295  13.80300822]
 [  0.41145585  -0.69766366  -0.58648913  13.04176983]
 [ -0.86934603  -0.1071362   -0.48245136 101.65636321]
 [  0.           0.           0.           1.        ]]
T_pred_ICP (Predicted Transformation from ICP):
[[ 2.89748799e-01  7.19435549e-01 -6.31235396e-01  1.39473510e+01]
 [ 4.12043168e-01 -6.89044362e-01 -5.96186460e-01  1.30890502e+01]
 [-8.63866924e-01 -8.73519214e-02 -4.96088279e-01  1.01546594e+02]
 [ 0.00000000e+00  0.00000000e+00  0.00000000e+00  1.00000000e+00]]
