Object ID: 11
Inlier ration of P_pred: 0.32684823870658875
Num. of correspondences: 514
Avg. Euclidean Distance (ADD) [cm]: 5.478824475284839
Add Score thres: 0
Add Score thres (xyz direction): 0
Add-S Score: 0
Avg. Euclidean Distance (ADD) ICP: 5.434024950625242
Add Score ICP thres: 5.434024950625242
Add Score ICP thres (xyz direction): 0
Add-S Score ICP: 0
Error [cm]: 2.5839952798425605
Error [deg]: 171.3946225066043
T_gt (Ground Truth Transformation):
[[  0.84350497   0.42197984  -0.33231372  14.24651642]
 [  0.22426625  -0.83887643  -0.49597484  11.56530762]
 [ -0.48806152   0.3438305   -0.80223227 119.47475586]
 [  0.           0.           0.           1.        ]]
T_pred (Predicted Transformation):
[[-8.37164340e-01 -3.42367498e-01 -4.26544679e-01  1.57912240e+01]
 [ 3.13738042e-02  7.48515489e-01 -6.62374703e-01  1.27253808e+01]
 [ 5.46050869e-01 -5.67898811e-01 -6.15889104e-01  1.17758166e+02]
 [ 0.00000000e+00  0.00000000e+00  0.00000000e+00  1.00000000e+00]]
T_pred_ICP (Predicted Transformation from ICP):
[[-8.46898063e-01 -3.57539988e-01 -3.93609995e-01  1.57988891e+01]
 [-1.52726380e-02  7.56258388e-01 -6.54094792e-01  1.27911628e+01]
 [ 5.31535905e-01 -5.47940149e-01 -6.45934342e-01  1.17812092e+02]
 [ 0.00000000e+00  0.00000000e+00  0.00000000e+00  1.00000000e+00]]
