Object ID: 6
Inlier ration of P_pred: 0.9055556058883667
Num. of correspondences: 180
Avg. Euclidean Distance (ADD) [cm]: 2.6786690473100263
Add Score thres: 0
Add Score thres (xyz direction): 1.0
Add-S Score: 1.0
Avg. Euclidean Distance (ADD) ICP: 2.5993457619108695
Add Score ICP thres: 2.5993457619108695
Add Score ICP thres (xyz direction): 1.0
Add-S Score ICP: 1.0
Error [cm]: 1.2726967683282056
Error [deg]: 30.87203992774129
T_gt (Ground Truth Transformation):
[[-5.44718325e-01 -7.83716142e-01 -2.98447669e-01 -2.75887787e+01]
 [-7.25908995e-01  6.18841171e-01 -3.00152749e-01  2.75215790e+01]
 [ 4.19926256e-01  5.31471521e-02 -9.06000733e-01  1.24303406e+02]
 [ 0.00000000e+00  0.00000000e+00  0.00000000e+00  1.00000000e+00]]
T_pred (Predicted Transformation):
[[-8.49381188e-01 -5.25803658e-01 -4.56301494e-02 -2.79629596e+01]
 [-4.49164883e-01  7.65553376e-01 -4.60628848e-01  2.84895938e+01]
 [ 2.77132648e-01 -3.70754018e-01 -8.86419175e-01  1.25219220e+02]
 [ 0.00000000e+00  0.00000000e+00  0.00000000e+00  1.00000000e+00]]
T_pred_ICP (Predicted Transformation from ICP):
[[-8.57663517e-01 -5.11131831e-01 -5.61920150e-02 -2.79109002e+01]
 [-4.32203615e-01  7.75769135e-01 -4.59763291e-01  2.82760327e+01]
 [ 2.78591684e-01 -3.70035810e-01 -8.86261910e-01  1.25276439e+02]
 [ 0.00000000e+00  0.00000000e+00  0.00000000e+00  1.00000000e+00]]
