Object ID: 6
Inlier ration of P_pred: 0.0555555559694767
Num. of correspondences: 18
Avg. Euclidean Distance (ADD) [cm]: 9.071170968546365
Add Score thres: 0
Add Score thres (xyz direction): 0.0
Add-S Score: 0.6666666666666666
Avg. Euclidean Distance (ADD) ICP: 8.906858429953587
Add Score ICP thres: 8.906858429953587
Add Score ICP thres (xyz direction): 0.0
Add-S Score ICP: 0.6666666666666666
Error [cm]: 6.3984361763519
Error [deg]: 88.59738281287768
T_gt (Ground Truth Transformation):
[[-4.19653393e-02 -9.59752619e-01  2.77693748e-01 -7.92543888e-01]
 [-9.53942418e-01 -4.41426449e-02 -2.96724319e-01 -2.78414886e+01]
 [ 2.97040075e-01 -2.77355969e-01 -9.13696289e-01  1.20173828e+02]
 [ 0.00000000e+00  0.00000000e+00  0.00000000e+00  1.00000000e+00]]
T_pred (Predicted Transformation):
[[-8.98681522e-01 -1.41534911e-01  4.15137798e-01 -5.48798232e+00]
 [-4.00149765e-01 -1.22973539e-01 -9.08161701e-01 -2.36123106e+01]
 [ 1.79587550e-01 -9.82265431e-01  5.38788862e-02  1.18176898e+02]
 [ 0.00000000e+00  0.00000000e+00  0.00000000e+00  1.00000000e+00]]
T_pred_ICP (Predicted Transformation from ICP):
[[-9.53641749e-01 -7.72447149e-02  2.90861942e-01 -4.95715594e+00]
 [-2.89133036e-01 -3.29428960e-02 -9.56721931e-01 -2.34550730e+01]
 [ 8.34835475e-02 -9.96467771e-01  9.08172200e-03  1.18086881e+02]
 [ 0.00000000e+00  0.00000000e+00  0.00000000e+00  1.00000000e+00]]
