Object ID: 8
Inlier ration of P_pred: 0.08026030659675598
Num. of correspondences: 461
Avg. Euclidean Distance (ADD) [cm]: 12.00761190448003
Add Score thres: 0
Add Score thres (xyz direction): 0.0
Add-S Score: 1.0
Avg. Euclidean Distance (ADD) ICP: 12.018430385176343
Add Score ICP thres: 12.018430385176343
Add Score ICP thres (xyz direction): 0.0
Add-S Score ICP: 1.0
Error [cm]: 7.442619005542729
Error [deg]: 102.24280372248874
T_gt (Ground Truth Transformation):
[[ 5.37409425e-01  8.40860665e-01 -6.43779486e-02 -5.43351074e+01]
 [ 8.21934521e-01 -5.39335191e-01 -1.83142796e-01  1.04228584e+01]
 [-1.88718870e-01  4.55082096e-02 -9.80976164e-01  1.30501379e+02]
 [ 0.00000000e+00  0.00000000e+00  0.00000000e+00  1.00000000e+00]]
T_pred (Predicted Transformation):
[[ 9.93668312e-01 -3.61315500e-02 -1.06385136e-01 -5.58940760e+01]
 [-1.04552290e-01  4.93101740e-02 -9.93296192e-01  1.47760132e+01]
 [ 4.11352005e-02  9.98129760e-01  4.52203211e-02  1.24776181e+02]
 [ 0.00000000e+00  0.00000000e+00  0.00000000e+00  1.00000000e+00]]
T_pred_ICP (Predicted Transformation from ICP):
[[ 9.95030649e-01 -3.29277179e-02 -9.39668766e-02 -5.59107367e+01]
 [-9.20335982e-02  5.59943390e-02 -9.94180291e-01  1.48427439e+01]
 [ 3.79977013e-02  9.97887969e-01  5.26856271e-02  1.24724305e+02]
 [ 0.00000000e+00  0.00000000e+00  0.00000000e+00  1.00000000e+00]]
