Object ID: 5
Inlier ration of P_pred: 0.7440000176429749
Num. of correspondences: 375
Avg. Euclidean Distance (ADD) [cm]: 8.593143865763468
Add Score thres: 0
Add Score thres (xyz direction): 0.0
Add-S Score: 1.0
Avg. Euclidean Distance (ADD) ICP: 8.5824583266146
Add Score ICP thres: 8.5824583266146
Add Score ICP thres (xyz direction): 0.0
Add-S Score ICP: 1.0
Error [cm]: 1.6649521432558296
Error [deg]: 115.57446907406843
T_gt (Ground Truth Transformation):
[[ 9.89408612e-01 -1.64437890e-02 -1.44222632e-01 -1.03375046e+01]
 [-9.10318494e-02 -8.44193637e-01 -5.28252542e-01 -1.35426788e+01]
 [-1.13065332e-01  5.35786450e-01 -8.36749375e-01  8.67806946e+01]
 [ 0.00000000e+00  0.00000000e+00  0.00000000e+00  1.00000000e+00]]
T_pred (Predicted Transformation):
[[ -0.36527324   0.87571083  -0.31576256  -9.17648031]
 [  0.89041456   0.22972736  -0.39292142 -14.70147545]
 [ -0.27154624  -0.42468327  -0.86365894  87.1187681 ]
 [  0.           0.           0.           1.        ]]
T_pred_ICP (Predicted Transformation from ICP):
[[ -0.36087782   0.87660193  -0.31833355  -9.17675658]
 [  0.89142872   0.22391043  -0.39397837 -14.69234691]
 [ -0.274084    -0.42594973  -0.86223245  87.10161983]
 [  0.           0.           0.           1.        ]]
