Object ID: 6
Inlier ration of P_pred: 0.92586749792099
Num. of correspondences: 634
Avg. Euclidean Distance (ADD) [cm]: 0.2994908683370818
Add Score thres: 1
Add Score thres (xyz direction): 1.0
Add-S Score: 1.0
Avg. Euclidean Distance (ADD) ICP: 8.232357616834405e-07
Add Score ICP thres: 8.232357616834405e-07
Add Score ICP thres (xyz direction): 1.0
Add-S Score ICP: 1.0
Error [cm]: 3.0117860097861094e-07
Error [deg]: 0.0
T_gt (Ground Truth Transformation):
[[ 9.83621120e-01 -1.68359652e-01 -6.43781275e-02 -8.48032287e-06]
 [-1.77489698e-01 -9.66931522e-01 -1.83142647e-01 -2.87677132e-05]
 [-3.14153954e-02  1.91569418e-01 -9.80976343e-01  1.33496521e+02]
 [ 0.00000000e+00  0.00000000e+00  0.00000000e+00  1.00000000e+00]]
T_pred (Predicted Transformation):
[[ 9.74866203e-01 -1.84546274e-01 -1.24814098e-01 -2.02116642e-01]
 [-2.04869672e-01 -9.62703750e-01 -1.76719854e-01 -1.56184554e-01]
 [-8.75460095e-02  1.97848836e-01 -9.76315284e-01  1.33518084e+02]
 [ 0.00000000e+00  0.00000000e+00  0.00000000e+00  1.00000000e+00]]
T_pred_ICP (Predicted Transformation from ICP):
[[ 9.83621113e-01 -1.68359629e-01 -6.43781145e-02 -8.44995486e-06]
 [-1.77489660e-01 -9.66931334e-01 -1.83142611e-01 -2.86425693e-05]
 [-3.14153941e-02  1.91569388e-01 -9.80976168e-01  1.33496521e+02]
 [ 0.00000000e+00  0.00000000e+00  0.00000000e+00  1.00000000e+00]]
