Object ID: 5
Inlier ration of P_pred: 0.791229784488678
Num. of correspondences: 1049
Avg. Euclidean Distance (ADD) [cm]: 6.687085925829025
Add Score thres: 0
Add Score thres (xyz direction): 0.0
Add-S Score: 1.0
Avg. Euclidean Distance (ADD) ICP: 6.41951151255435
Add Score ICP thres: 6.41951151255435
Add Score ICP thres (xyz direction): 0.0
Add-S Score ICP: 1.0
Error [cm]: 0.9914433541107226
Error [deg]: 80.90926512969108
T_gt (Ground Truth Transformation):
[[  0.76081717   0.6286276    0.16119726   8.56192017]
 [  0.62448066  -0.64158064  -0.44541919 -26.51109924]
 [ -0.17658176   0.43954715  -0.88069141 129.39962158]
 [  0.           0.           0.           1.        ]]
T_pred (Predicted Transformation):
[[ -0.54017829   0.82771717   0.15195954   7.62707184]
 [  0.67488313   0.5339471   -0.50934591 -27.30818961]
 [ -0.50273271  -0.17258267  -0.84703898 129.64625991]
 [  0.           0.           0.           1.        ]]
T_pred_ICP (Predicted Transformation from ICP):
[[-5.00308900e-01  8.50592671e-01  1.61811968e-01  8.44471654e+00]
 [ 7.31597063e-01  5.15241673e-01 -4.46421053e-01 -2.73958728e+01]
 [-4.63094745e-01 -1.04967265e-01 -8.80071094e-01  1.29831361e+02]
 [ 0.00000000e+00  0.00000000e+00  0.00000000e+00  1.00000000e+00]]
