Object ID: 6
Inlier ration of P_pred: 0.7404994964599609
Num. of correspondences: 1842
Avg. Euclidean Distance (ADD) [cm]: 2.33295425438795
Add Score thres: 0
Add Score thres (xyz direction): 0.6666666666666666
Add-S Score: 1.0
Avg. Euclidean Distance (ADD) ICP: 2.363819354989127
Add Score ICP thres: 2.363819354989127
Add Score ICP thres (xyz direction): 0.6666666666666666
Add-S Score ICP: 1.0
Error [cm]: 1.6899250669040384
Error [deg]: 26.595373981412948
T_gt (Ground Truth Transformation):
[[-9.28395629e-01  2.02524647e-01 -3.11553121e-01 -2.70397552e+01]
 [ 3.65329802e-01  6.50753021e-01 -6.65623486e-01  1.81970749e+01]
 [ 6.79389834e-02 -7.31781542e-01 -6.78144574e-01  8.79414429e+01]
 [ 0.00000000e+00  0.00000000e+00  0.00000000e+00  1.00000000e+00]]
T_pred (Predicted Transformation):
[[-6.79565825e-01  4.65586969e-01 -5.66938325e-01 -2.53551369e+01]
 [ 7.32075893e-01  4.80405874e-01 -4.82985593e-01  1.83973713e+01]
 [ 4.74887032e-02 -7.43262383e-01 -6.67312410e-01  8.75097041e+01]
 [ 0.00000000e+00  0.00000000e+00  0.00000000e+00  1.00000000e+00]]
T_pred_ICP (Predicted Transformation from ICP):
[[-6.65616432e-01  4.39914989e-01 -6.02851199e-01 -2.54114374e+01]
 [ 7.42520824e-01  4.71501540e-01 -4.75761626e-01  1.83668213e+01]
 [ 7.49505984e-02 -7.64304325e-01 -6.40485212e-01  8.75223796e+01]
 [ 0.00000000e+00  0.00000000e+00  0.00000000e+00  1.00000000e+00]]
