Object ID: 11
Inlier ration of P_pred: 0.1805054098367691
Num. of correspondences: 554
Avg. Euclidean Distance (ADD) [cm]: 3.763300434465702
Add Score thres: 0
Add Score thres (xyz direction): 0.3333333333333333
Add-S Score: 1.0
Avg. Euclidean Distance (ADD) ICP: 3.6725693845491265
Add Score ICP thres: 3.6725693845491265
Add Score ICP thres (xyz direction): 0.3333333333333333
Add-S Score ICP: 1.0
Error [cm]: 1.9864566004300235
Error [deg]: 61.17957943662146
T_gt (Ground Truth Transformation):
[[-0.74310148  0.5512802  -0.37932855 14.38768768]
 [ 0.65522081  0.48423764 -0.57982719 -8.73316269]
 [-0.1359621  -0.67941445 -0.72104794 94.3600708 ]
 [ 0.          0.          0.          1.        ]]
T_pred (Predicted Transformation):
[[ 0.0996512   0.71461042 -0.69238832 16.10657092]
 [ 0.76987353 -0.49621139 -0.40133404 -7.79658782]
 [-0.63036846 -0.49305802 -0.5996077  94.84148111]
 [ 0.          0.          0.          1.        ]]
T_pred_ICP (Predicted Transformation from ICP):
[[ 9.07554191e-02  7.29927063e-01 -6.77473200e-01  1.61123875e+01]
 [ 7.76340867e-01 -4.77935901e-01 -4.10940547e-01 -7.83186759e+00]
 [-6.23745391e-01 -4.88655050e-01 -6.10047482e-01  9.47589284e+01]
 [ 0.00000000e+00  0.00000000e+00  0.00000000e+00  1.00000000e+00]]
