Object ID: 8
Inlier ration of P_pred: 0.7227272391319275
Num. of correspondences: 440
Avg. Euclidean Distance (ADD) [cm]: 6.11107318297988
Add Score thres: 0
Add Score thres (xyz direction): 0.3333333333333333
Add-S Score: 1.0
Avg. Euclidean Distance (ADD) ICP: 6.26952043252278
Add Score ICP thres: 6.26952043252278
Add Score ICP thres (xyz direction): 0.3333333333333333
Add-S Score ICP: 1.0
Error [cm]: 5.135529169739492
Error [deg]: 57.76708227095136
T_gt (Ground Truth Transformation):
[[ 0.17725258 -0.90287369 -0.39166406 15.03735046]
 [-0.76423585  0.12447624 -0.63281065 -5.36392708]
 [ 0.62010098  0.41149104 -0.66794467 50.91502686]
 [ 0.          0.          0.          1.        ]]
T_pred (Predicted Transformation):
[[ 0.3485038  -0.1650692  -0.92265771 18.43865918]
 [-0.91629936  0.14724258 -0.37244476 -5.7023848 ]
 [ 0.19733366  0.97522909 -0.09993821 47.15662983]
 [ 0.          0.          0.          1.        ]]
T_pred_ICP (Predicted Transformation from ICP):
[[ 0.31878198 -0.13636626 -0.93796711 18.40583941]
 [-0.92551918  0.16865597 -0.3390714  -5.86279323]
 [ 0.20443165  0.9761964  -0.07244511 47.07080071]
 [ 0.          0.          0.          1.        ]]
