Object ID: 5
Inlier ration of P_pred: 0.0
Num. of correspondences: 169
Avg. Euclidean Distance (ADD) [cm]: 11.11187912770226
Add Score thres: 0
Add Score thres (xyz direction): 0.0
Add-S Score: 1.0
Avg. Euclidean Distance (ADD) ICP: 11.064458450451804
Add Score ICP thres: 11.064458450451804
Add Score ICP thres (xyz direction): 0.0
Add-S Score ICP: 1.0
Error [cm]: 6.360597177000788
Error [deg]: 138.98876984910066
T_gt (Ground Truth Transformation):
[[ 3.20068985e-01  8.57126355e-01 -4.03596908e-01 -1.33566660e-05]
 [ 5.81022382e-01 -5.14077663e-01 -6.30981386e-01  8.01503411e-06]
 [-7.48310804e-01 -3.25411819e-02 -6.62549973e-01  1.16216052e+02]
 [ 0.00000000e+00  0.00000000e+00  0.00000000e+00  1.00000000e+00]]
T_pred (Predicted Transformation):
[[ 4.87119347e-01 -8.46427150e-01 -2.15118157e-01  1.70259559e+00]
 [-3.73571848e-01  2.06988989e-02 -9.27370277e-01  4.25163163e+00]
 [ 7.89404089e-01  5.32102091e-01 -3.06118520e-01  1.11714899e+02]
 [ 0.00000000e+00  0.00000000e+00  0.00000000e+00  1.00000000e+00]]
T_pred_ICP (Predicted Transformation from ICP):
[[ 5.00316566e-01 -8.41173308e-01 -2.05209160e-01  1.61377447e+00]
 [-3.70578596e-01  6.16719886e-03 -9.28780636e-01  4.22550281e+00]
 [ 7.82531046e-01  5.40730461e-01 -3.08635272e-01  1.11744131e+02]
 [ 0.00000000e+00  0.00000000e+00  0.00000000e+00  1.00000000e+00]]
