Object ID: 6
Inlier ration of P_pred: 0.8140794038772583
Num. of correspondences: 554
Avg. Euclidean Distance (ADD) [cm]: 14.115639508805991
Add Score thres: 0
Add Score thres (xyz direction): 0.0
Add-S Score: 0.6666666666666666
Avg. Euclidean Distance (ADD) ICP: 13.971031755566242
Add Score ICP thres: 13.971031755566242
Add Score ICP thres (xyz direction): 0.0
Add-S Score ICP: 0.6666666666666666
Error [cm]: 10.001340217690453
Error [deg]: 168.6973024238676
T_gt (Ground Truth Transformation):
[[-9.01914954e-01  2.57398576e-01  3.46837431e-01 -2.44743729e+01]
 [-1.36473989e-02  7.85638690e-01 -6.18535101e-01 -6.75700607e+00]
 [-4.31698948e-01 -5.62599242e-01 -7.05066562e-01  1.00766302e+02]
 [ 0.00000000e+00  0.00000000e+00  0.00000000e+00  1.00000000e+00]]
T_pred (Predicted Transformation):
[[ 9.44192005e-01  8.79605129e-02 -3.17434097e-01 -2.09666789e+01]
 [-1.78276908e-01  9.46803740e-01 -2.67917939e-01 -8.29363130e+00]
 [ 2.76981591e-01  3.09557145e-01  9.09645850e-01  9.13298084e+01]
 [ 0.00000000e+00  0.00000000e+00  0.00000000e+00  1.00000000e+00]]
T_pred_ICP (Predicted Transformation from ICP):
[[  0.92163832   0.18927444  -0.3387595  -21.21690837]
 [ -0.24989156   0.95736186  -0.14495684  -8.86280745]
 [  0.29687879   0.21825092   0.92963946  91.54777052]
 [  0.           0.           0.           1.        ]]
