Object ID: 11
Inlier ration of P_pred: 0.1666666716337204
Num. of correspondences: 36
Avg. Euclidean Distance (ADD) [cm]: 6.202873556332009
Add Score thres: 0
Add Score thres (xyz direction): 0.0
Add-S Score: 1.0
Avg. Euclidean Distance (ADD) ICP: 6.200406866820273
Add Score ICP thres: 6.200406866820273
Add Score ICP thres (xyz direction): 0.0
Add-S Score ICP: 1.0
Error [cm]: 0.9744453395877073
Error [deg]: 72.83485794994783
T_gt (Ground Truth Transformation):
[[ 6.95597351e-01  6.45129859e-01  3.16151619e-01  4.30994929e-05]
 [ 3.67593944e-01  5.84953167e-02 -9.28145051e-01  2.28410325e-05]
 [-6.17267430e-01  7.61830688e-01 -1.96456641e-01  1.47047205e+02]
 [ 0.00000000e+00  0.00000000e+00  0.00000000e+00  1.00000000e+00]]
T_pred (Predicted Transformation):
[[ 6.05246477e-01 -5.18486823e-02  7.94347793e-01 -1.03994997e+00]
 [ 3.32709542e-01  9.23014433e-01 -1.93258164e-01  3.13670502e-01]
 [-7.23174297e-01  3.81255913e-01  5.75901785e-01  1.46721329e+02]
 [ 0.00000000e+00  0.00000000e+00  0.00000000e+00  1.00000000e+00]]
T_pred_ICP (Predicted Transformation from ICP):
[[ 6.03249712e-01 -1.67879670e-02  7.97375664e-01 -8.85724625e-01]
 [ 2.72519226e-01  9.43941713e-01 -1.86298992e-01  2.85412725e-01]
 [-7.49548568e-01  3.29685012e-01  5.74007610e-01  1.46758220e+02]
 [ 0.00000000e+00  0.00000000e+00  0.00000000e+00  1.00000000e+00]]
