Object ID: 11
Inlier ration of P_pred: 0.678819477558136
Num. of correspondences: 576
Avg. Euclidean Distance (ADD) [cm]: 1.9508700875114935
Add Score thres: 0
Add Score thres (xyz direction): 1.0
Add-S Score: 1.0
Avg. Euclidean Distance (ADD) ICP: 1.9483587795257844
Add Score ICP thres: 1.9483587795257844
Add Score ICP thres (xyz direction): 1.0
Add-S Score ICP: 1.0
Error [cm]: 0.8849851806004634
Error [deg]: 20.158022777854693
T_gt (Ground Truth Transformation):
[[-4.58664626e-01  8.56625795e-01  2.36260563e-01  3.30965240e+01]
 [ 6.95028484e-01  5.11497736e-01 -5.05277634e-01 -8.80476074e+00]
 [-5.53680599e-01 -6.75451458e-02 -8.29985261e-01  9.89524292e+01]
 [ 0.00000000e+00  0.00000000e+00  0.00000000e+00  1.00000000e+00]]
T_pred (Predicted Transformation):
[[-4.49996416e-01  8.92725371e-01 -2.33374625e-02  3.29889435e+01]
 [ 8.52042323e-01  4.21369686e-01 -3.10598562e-01 -8.73383851e+00]
 [-2.67445517e-01 -1.59652746e-01 -9.50254648e-01  9.98307205e+01]
 [ 0.00000000e+00  0.00000000e+00  0.00000000e+00  1.00000000e+00]]
T_pred_ICP (Predicted Transformation from ICP):
[[-4.46682763e-01  8.94444896e-01 -2.10436772e-02  3.29787477e+01]
 [ 8.53948403e-01  4.19205949e-01 -3.08283144e-01 -8.73201461e+00]
 [-2.66920651e-01 -1.55674981e-01 -9.51061863e-01  9.98265204e+01]
 [ 0.00000000e+00  0.00000000e+00  0.00000000e+00  1.00000000e+00]]
