Object ID: 12
Inlier ration of P_pred: 0.7175257802009583
Num. of correspondences: 970
Avg. Euclidean Distance (ADD) [cm]: 9.556501515858256
Add Score thres: 0
Add Score thres (xyz direction): 0.3333333333333333
Add-S Score: 0.6666666666666666
Avg. Euclidean Distance (ADD) ICP: 9.567252911329273
Add Score ICP thres: 9.567252911329273
Add Score ICP thres (xyz direction): 0.0
Add-S Score ICP: 0.6666666666666666
Error [cm]: 5.700585567002031
Error [deg]: 175.8910469148623
T_gt (Ground Truth Transformation):
[[  0.81819099  -0.28578678   0.49888828 -15.42281342]
 [  0.20964119  -0.65968156  -0.72171426  -0.55168309]
 [  0.53536355   0.69508761  -0.47983292  86.74519653]
 [  0.           0.           0.           1.        ]]
T_pred (Predicted Transformation):
[[ 7.46994624e-01 -6.28925579e-01  2.15526444e-01 -1.45781273e+01]
 [ 7.86995128e-02  4.05553687e-01  9.10676997e-01 -6.09713498e+00]
 [-6.60155602e-01 -6.63308995e-01  3.52442561e-01  8.57422001e+01]
 [ 0.00000000e+00  0.00000000e+00  0.00000000e+00  1.00000000e+00]]
T_pred_ICP (Predicted Transformation from ICP):
[[  0.74245721  -0.63970785   0.19882442 -14.53708644]
 [  0.10040566   0.39971466   0.91112397  -6.09282963]
 [ -0.66232619  -0.65650747   0.36100132  85.74127493]
 [  0.           0.           0.           1.        ]]
