Object ID: 6
Inlier ration of P_pred: 0.3214285969734192
Num. of correspondences: 28
Avg. Euclidean Distance (ADD) [cm]: 4.585232051611727
Add Score thres: 0
Add Score thres (xyz direction): 0.3333333333333333
Add-S Score: 1.0
Avg. Euclidean Distance (ADD) ICP: 4.563853799708635
Add Score ICP thres: 4.563853799708635
Add Score ICP thres (xyz direction): 0.3333333333333333
Add-S Score ICP: 1.0
Error [cm]: 3.1384563677769806
Error [deg]: 40.50849290029912
T_gt (Ground Truth Transformation):
[[-8.06387246e-01  5.84141254e-01 -9.22976807e-02  3.92382126e+00]
 [ 5.77098012e-01  7.43157625e-01 -3.38636488e-01 -4.36261169e+01]
 [-1.29219800e-01 -3.26336890e-01 -9.36379552e-01  1.41502356e+02]
 [ 0.00000000e+00  0.00000000e+00  0.00000000e+00  1.00000000e+00]]
T_pred (Predicted Transformation):
[[ -0.91142216   0.3840661   -0.14765796   6.12466361]
 [  0.31835457   0.43084194  -0.84440843 -41.35656694]
 [ -0.26069141  -0.81662014  -0.51494809 141.73665587]
 [  0.           0.           0.           1.        ]]
T_pred_ICP (Predicted Transformation from ICP):
[[-9.22209909e-01  3.72636873e-01 -1.03298810e-01  6.11135978e+00]
 [ 2.73117244e-01  4.38571706e-01 -8.56190300e-01 -4.13882987e+01]
 [-2.73744140e-01 -8.17799865e-01 -5.06228729e-01  1.41740585e+02]
 [ 0.00000000e+00  0.00000000e+00  0.00000000e+00  1.00000000e+00]]
