Object ID: 5
Inlier ration of P_pred: 0.44186046719551086
Num. of correspondences: 688
Avg. Euclidean Distance (ADD) [cm]: 13.372739078316457
Add Score thres: 0
Add Score thres (xyz direction): 0.0
Add-S Score: 1.0
Avg. Euclidean Distance (ADD) ICP: 13.348521832362685
Add Score ICP thres: 13.348521832362685
Add Score ICP thres (xyz direction): 0.0
Add-S Score ICP: 1.0
Error [cm]: 4.796816124982194
Error [deg]: 178.58254242809502
T_gt (Ground Truth Transformation):
[[  0.97011936  -0.20269479   0.13335381   4.71928177]
 [ -0.13657638  -0.91048115  -0.39034769  27.72039185]
 [  0.20053755   0.36047089  -0.91095877 105.06652832]
 [  0.           0.           0.           1.        ]]
T_pred (Predicted Transformation):
[[-4.02116002e-01 -9.13499943e-01 -6.18108028e-02  6.87001402e+00]
 [ 8.19760469e-01 -3.89275926e-01  4.20067885e-01  2.68392806e+01]
 [-4.07793446e-01  1.18245966e-01  9.05385220e-01  1.00793713e+02]
 [ 0.00000000e+00  0.00000000e+00  0.00000000e+00  1.00000000e+00]]
T_pred_ICP (Predicted Transformation from ICP):
[[-3.96091579e-01 -9.15740016e-01 -6.73177804e-02  6.85653197e+00]
 [ 8.15985051e-01 -3.84664997e-01  4.31510413e-01  2.68221228e+01]
 [-4.21046146e-01  1.15987338e-01  8.99592730e-01  1.00867157e+02]
 [ 0.00000000e+00  0.00000000e+00  0.00000000e+00  1.00000000e+00]]
