Object ID: 6
Inlier ration of P_pred: 0.014925372786819935
Num. of correspondences: 134
Avg. Euclidean Distance (ADD) [cm]: 9.71910881515039
Add Score thres: 0
Add Score thres (xyz direction): 0.0
Add-S Score: 0.6666666666666666
Avg. Euclidean Distance (ADD) ICP: 9.94853460347828
Add Score ICP thres: 9.94853460347828
Add Score ICP thres (xyz direction): 0.0
Add-S Score ICP: 0.6666666666666666
Error [cm]: 6.810666202842259
Error [deg]: 110.59066062923675
T_gt (Ground Truth Transformation):
[[ 5.72872758e-01 -6.83356524e-01 -4.52593297e-01 -8.57872656e-06]
 [-6.62137687e-01 -6.03753030e-02 -7.46946216e-01  1.31963934e-06]
 [ 4.83105093e-01  7.27584243e-01 -4.87063438e-01  1.50229468e+02]
 [ 0.00000000e+00  0.00000000e+00  0.00000000e+00  1.00000000e+00]]
T_pred (Predicted Transformation):
[[-5.62439951e-01 -5.53737148e-01 -6.14032957e-01  2.26126598e+00]
 [-4.52291535e-01 -4.15628693e-01  7.89104022e-01 -5.65043211e+00]
 [-6.92165926e-01  7.21545536e-01 -1.66844431e-02  1.47682127e+02]
 [ 0.00000000e+00  0.00000000e+00  0.00000000e+00  1.00000000e+00]]
T_pred_ICP (Predicted Transformation from ICP):
[[-5.92717544e-01 -5.53709958e-01 -5.84885626e-01  2.14954660e+00]
 [-4.73495997e-01 -3.47888591e-01  8.09181728e-01 -5.96866176e+00]
 [-6.51527017e-01  7.56557209e-01 -5.59797778e-02  1.47751637e+02]
 [ 0.00000000e+00  0.00000000e+00  0.00000000e+00  1.00000000e+00]]
