Object ID: 8
Inlier ration of P_pred: 0.17270874977111816
Num. of correspondences: 2455
Avg. Euclidean Distance (ADD) [cm]: 22.15098636999286
Add Score thres: 0
Add Score thres (xyz direction): 0.0
Add-S Score: 0.6666666666666666
Avg. Euclidean Distance (ADD) ICP: 21.86784289969143
Add Score ICP thres: 21.86784289969143
Add Score ICP thres (xyz direction): 0.0
Add-S Score ICP: 0.6666666666666666
Error [cm]: 20.286045707799925
Error [deg]: 172.65106739567574
T_gt (Ground Truth Transformation):
[[-6.24474406e-01  7.34434307e-01 -2.65777916e-01  3.64703827e+01]
 [ 7.78451025e-01  5.57545424e-01 -2.88369685e-01  2.34500778e+01]
 [-6.36053458e-02 -3.86974603e-01 -9.19894040e-01  7.22494202e+01]
 [ 0.00000000e+00  0.00000000e+00  0.00000000e+00  1.00000000e+00]]
T_pred (Predicted Transformation):
[[-0.49753505  0.86517988 -0.06263102 32.00304805]
 [-0.86377311 -0.48750128  0.12743045 25.77307826]
 [ 0.07971756  0.11750011  0.98986809 52.38331764]
 [ 0.          0.          0.          1.        ]]
T_pred_ICP (Predicted Transformation from ICP):
[[-0.55821908  0.82384387 -0.09835008 32.50889711]
 [-0.82646221 -0.54167301  0.15346195 25.48481522]
 [ 0.0731551   0.16694801  0.98324803 52.45825734]
 [ 0.          0.          0.          1.        ]]
