Object ID: 6
Inlier ration of P_pred: 0.5670886039733887
Num. of correspondences: 790
Avg. Euclidean Distance (ADD) [cm]: 6.345942188147728
Add Score thres: 0
Add Score thres (xyz direction): 0.3333333333333333
Add-S Score: 1.0
Avg. Euclidean Distance (ADD) ICP: 6.355430829130848
Add Score ICP thres: 6.355430829130848
Add Score ICP thres (xyz direction): 0.3333333333333333
Add-S Score ICP: 1.0
Error [cm]: 3.790396735832625
Error [deg]: 75.31300061177757
T_gt (Ground Truth Transformation):
[[  0.7303983    0.63877535   0.2418354  -33.07896729]
 [  0.55514377  -0.34892285  -0.75502855   1.50213127]
 [ -0.39791173   0.68572491  -0.60946482  62.79210815]
 [  0.           0.           0.           1.        ]]
T_pred (Predicted Transformation):
[[ -0.33820627   0.62631236   0.70238831 -34.382286  ]
 [  0.6032372    0.71714612  -0.34900762  -1.93946068]
 [ -0.72230284   0.30567019  -0.62035823  63.67578928]
 [  0.           0.           0.           1.        ]]
T_pred_ICP (Predicted Transformation from ICP):
[[ -0.3472164    0.62037025   0.70326491 -34.26249722]
 [  0.57324748   0.7339059   -0.36437544  -1.96196326]
 [ -0.74217794   0.27662771  -0.61044984  63.77517143]
 [  0.           0.           0.           1.        ]]
