Object ID: 6
Inlier ration of P_pred: 0.7618364691734314
Num. of correspondences: 1394
Avg. Euclidean Distance (ADD) [cm]: 2.9235312676285035
Add Score thres: 0
Add Score thres (xyz direction): 0.6666666666666666
Add-S Score: 1.0
Avg. Euclidean Distance (ADD) ICP: 2.738909440716452
Add Score ICP thres: 2.738909440716452
Add Score ICP thres (xyz direction): 0.6666666666666666
Add-S Score ICP: 1.0
Error [cm]: 1.2890862822562539
Error [deg]: 30.255104341719264
T_gt (Ground Truth Transformation):
[[ -0.46806031  -0.7625832    0.4465273  -16.56061859]
 [ -0.80384386   0.15751198  -0.57360721  -4.25853577]
 [  0.36708975  -0.6274209   -0.68672299  60.1973938 ]
 [  0.           0.           0.           1.        ]]
T_pred (Predicted Transformation):
[[-2.45570759e-01 -9.69142672e-01  2.13888445e-02 -1.55453505e+01]
 [-8.99765771e-01  2.19669927e-01 -3.77049971e-01 -4.46528098e+00]
 [ 3.60716730e-01 -1.11837398e-01 -9.25945915e-01  5.95807170e+01]
 [ 0.00000000e+00  0.00000000e+00  0.00000000e+00  1.00000000e+00]]
T_pred_ICP (Predicted Transformation from ICP):
[[-2.57492192e-01 -9.65373434e-01  4.18557655e-02 -1.56080969e+01]
 [-8.68911800e-01  2.12378746e-01 -4.47087857e-01 -4.52934490e+00]
 [ 4.22717464e-01 -1.51490601e-01 -8.93510237e-01  5.93721009e+01]
 [ 0.00000000e+00  0.00000000e+00  0.00000000e+00  1.00000000e+00]]
