Object ID: 11
Inlier ration of P_pred: 0.0
Num. of correspondences: 391
Avg. Euclidean Distance (ADD) [cm]: 4.744646375147059
Add Score thres: 0
Add Score thres (xyz direction): 0.3333333333333333
Add-S Score: 1.0
Avg. Euclidean Distance (ADD) ICP: 4.723055358054537
Add Score ICP thres: 4.723055358054537
Add Score ICP thres (xyz direction): 0.3333333333333333
Add-S Score ICP: 1.0
Error [cm]: 4.150535444063572
Error [deg]: 23.14057068245069
T_gt (Ground Truth Transformation):
[[ 3.11945379e-01 -7.29780555e-01 -6.08367145e-01  6.65761327e-06]
 [-6.03817880e-01  3.42096150e-01 -7.19982147e-01  8.38408596e-06]
 [ 7.33549058e-01  5.91938078e-01 -3.33939254e-01  1.12545703e+02]
 [ 0.00000000e+00  0.00000000e+00  0.00000000e+00  1.00000000e+00]]
T_pred (Predicted Transformation):
[[  0.43920328  -0.78978505  -0.42818227  -0.92728206]
 [ -0.39473613   0.25849046  -0.88168366   3.46874022]
 [  0.8070216    0.55625737  -0.19822683 110.29998674]
 [  0.           0.           0.           1.        ]]
T_pred_ICP (Predicted Transformation from ICP):
[[ 6.38776399e-01 -6.66362743e-01 -3.84610720e-01 -1.26780369e+00]
 [-4.35423116e-01  9.90403006e-02 -8.94761269e-01  3.51236381e+00]
 [ 6.34327535e-01  7.39020780e-01 -2.26885135e-01  1.10733809e+02]
 [ 0.00000000e+00  0.00000000e+00  0.00000000e+00  1.00000000e+00]]
