Object ID: 6
Inlier ration of P_pred: 0.09037558734416962
Num. of correspondences: 852
Avg. Euclidean Distance (ADD) [cm]: 7.6973839898885466
Add Score thres: 0
Add Score thres (xyz direction): 0.0
Add-S Score: 1.0
Avg. Euclidean Distance (ADD) ICP: 7.648028991073752
Add Score ICP thres: 7.648028991073752
Add Score ICP thres (xyz direction): 0.0
Add-S Score ICP: 1.0
Error [cm]: 5.494315578430431
Error [deg]: 119.84796746945906
T_gt (Ground Truth Transformation):
[[-4.75773215e-01  8.20785105e-01  3.16151559e-01  5.81669693e+00]
 [ 2.40434613e-02  3.71441573e-01 -9.28144991e-01  7.99262085e+00]
 [-8.79239380e-01 -4.33985114e-01 -1.96456507e-01  1.32736755e+02]
 [ 0.00000000e+00  0.00000000e+00  0.00000000e+00  1.00000000e+00]]
T_pred (Predicted Transformation):
[[ 9.96071431e-01  1.41651580e-02  8.74131094e-02  1.86848589e+00]
 [ 2.85079746e-02  8.83278119e-01 -4.67981902e-01  1.16534362e+01]
 [-8.38391244e-02  4.68635374e-01  8.79404280e-01  1.33933987e+02]
 [ 0.00000000e+00  0.00000000e+00  0.00000000e+00  1.00000000e+00]]
T_pred_ICP (Predicted Transformation from ICP):
[[ 9.96613660e-01  1.89849807e-02  8.00048947e-02  1.85020650e+00]
 [ 1.63450333e-02  9.07823815e-01 -4.19033125e-01  1.16072466e+01]
 [-8.05856845e-02  4.18921819e-01  9.04439305e-01  1.33915288e+02]
 [ 0.00000000e+00  0.00000000e+00  0.00000000e+00  1.00000000e+00]]
