Object ID: 12
Inlier ration of P_pred: 0.0
Num. of correspondences: 75
Avg. Euclidean Distance (ADD) [cm]: 8.868324405504863
Add Score thres: 0
Add Score thres (xyz direction): 0.0
Add-S Score: 1.0
Avg. Euclidean Distance (ADD) ICP: 8.839171055055557
Add Score ICP thres: 8.839171055055557
Add Score ICP thres (xyz direction): 0.0
Add-S Score ICP: 1.0
Error [cm]: 5.4885105338348845
Error [deg]: 110.09692151650349
T_gt (Ground Truth Transformation):
[[-1.58115327e-01  9.19196844e-01  3.60661626e-01 -1.42308167e+01]
 [ 3.80456567e-01  3.93767834e-01 -8.36779416e-01  1.04302826e+01]
 [-9.11181927e-01  4.90848208e-03 -4.11975235e-01  6.45677917e+01]
 [ 0.00000000e+00  0.00000000e+00  0.00000000e+00  1.00000000e+00]]
T_pred (Predicted Transformation):
[[  0.71454362  -0.1713619    0.67827909 -15.33201103]
 [  0.56747103  -0.42505559  -0.70519811  15.35154988]
 [  0.40915041   0.88879854  -0.20647784  66.9221511 ]
 [  0.           0.           0.           1.        ]]
T_pred_ICP (Predicted Transformation from ICP):
[[  0.70809503  -0.17922306   0.6829938  -15.31932834]
 [  0.56965258  -0.42656541  -0.70252252  15.28801238]
 [  0.41724976   0.88652188  -0.19995396  66.87892815]
 [  0.           0.           0.           1.        ]]
