Object ID: 5
Inlier ration of P_pred: 0.0
Num. of correspondences: 236
Avg. Euclidean Distance (ADD) [cm]: 18.7926543394876
Add Score thres: 0
Add Score thres (xyz direction): 0.0
Add-S Score: 0.6666666666666666
Avg. Euclidean Distance (ADD) ICP: 18.93286768938189
Add Score ICP thres: 18.93286768938189
Add Score ICP thres (xyz direction): 0.0
Add-S Score ICP: 0.6666666666666666
Error [cm]: 16.266968274368427
Error [deg]: 96.9693865410297
T_gt (Ground Truth Transformation):
[[ 0.21895264 -0.95621812  0.19418184  4.38118858]
 [-0.26959646 -0.25055015 -0.92980766 -1.28979855]
 [ 0.93775129  0.15123311 -0.31265163 50.95161133]
 [ 0.          0.          0.          1.        ]]
T_pred (Predicted Transformation):
[[ 1.58202733e-02 -9.90636088e-01 -1.35609219e-01  6.47058455e+00]
 [ 9.60223740e-01  5.28675625e-02 -2.74181309e-01 -7.66079674e+00]
 [ 2.78783228e-01 -1.25877568e-01  9.52068668e-01  3.61748993e+01]
 [ 0.00000000e+00  0.00000000e+00  0.00000000e+00  1.00000000e+00]]
T_pred_ICP (Predicted Transformation from ICP):
[[ 2.26160556e-02 -9.82595978e-01 -1.84373689e-01  6.81418753e+00]
 [ 9.69112220e-01  6.68489071e-02 -2.37387296e-01 -7.97384072e+00]
 [ 2.45580982e-01 -1.73310031e-01  9.53757629e-01  3.63222452e+01]
 [ 0.00000000e+00  0.00000000e+00  0.00000000e+00  1.00000000e+00]]
