Object ID: 12
Inlier ration of P_pred: 0.8760000467300415
Num. of correspondences: 250
Avg. Euclidean Distance (ADD) [cm]: 13.726393295510688
Add Score thres: 0
Add Score thres (xyz direction): 0.0
Add-S Score: 0.6666666666666666
Avg. Euclidean Distance (ADD) ICP: 13.835895621058025
Add Score ICP thres: 13.835895621058025
Add Score ICP thres (xyz direction): 0.0
Add-S Score ICP: 0.6666666666666666
Error [cm]: 11.063532373920642
Error [deg]: 156.66032473658657
T_gt (Ground Truth Transformation):
[[-6.30959868e-01  7.65473008e-01  1.26257777e-01  1.05250618e+01]
 [ 4.72505987e-01  5.08235812e-01 -7.20023990e-01 -5.55469692e-02]
 [-6.15327656e-01 -3.94648582e-01 -6.82367027e-01  1.48828931e+02]
 [ 0.00000000e+00  0.00000000e+00  0.00000000e+00  1.00000000e+00]]
T_pred (Predicted Transformation):
[[ 9.74052418e-01  2.22837648e-01 -3.95634897e-02  7.08815104e+00]
 [-1.88057370e-01  8.94164706e-01  4.06329797e-01 -2.99029638e+00]
 [ 1.25921853e-01 -3.88346315e-01  9.12869556e-01  1.38918596e+02]
 [ 0.00000000e+00  0.00000000e+00  0.00000000e+00  1.00000000e+00]]
T_pred_ICP (Predicted Transformation from ICP):
[[ 9.74925086e-01  2.22168337e-01  1.27399477e-02  6.88925080e+00]
 [-2.18339733e-01  9.43922204e-01  2.47666376e-01 -2.32447678e+00]
 [ 4.29981074e-02 -2.44237800e-01  9.68761612e-01  1.38629196e+02]
 [ 0.00000000e+00  0.00000000e+00  0.00000000e+00  1.00000000e+00]]
