Object ID: 8
Inlier ration of P_pred: 0.05525846406817436
Num. of correspondences: 561
Avg. Euclidean Distance (ADD) [cm]: 10.025786594089478
Add Score thres: 0
Add Score thres (xyz direction): 0.0
Add-S Score: 1.0
Avg. Euclidean Distance (ADD) ICP: 10.018782088653943
Add Score ICP thres: 10.018782088653943
Add Score ICP thres (xyz direction): 0.0
Add-S Score ICP: 1.0
Error [cm]: 1.8541701943618707
Error [deg]: 166.22335437113938
T_gt (Ground Truth Transformation):
[[-5.45972399e-02  9.62159157e-01 -2.66962111e-01 -3.42943542e+01]
 [ 2.36336619e-01 -2.47311682e-01 -9.39671099e-01  5.86429882e-01]
 [-9.70136106e-01 -1.14396423e-01 -2.13890865e-01  1.24906738e+02]
 [ 0.00000000e+00  0.00000000e+00  0.00000000e+00  1.00000000e+00]]
T_pred (Predicted Transformation):
[[-3.63438641e-01 -8.14508575e-01 -4.52203643e-01 -3.35043179e+01]
 [-5.74615873e-01  5.78054886e-01 -5.79369612e-01 -1.06305239e+00]
 [ 7.33300043e-01  4.92780865e-02 -6.78117038e-01  1.25161196e+02]
 [ 0.00000000e+00  0.00000000e+00  0.00000000e+00  1.00000000e+00]]
T_pred_ICP (Predicted Transformation from ICP):
[[-3.76323390e-01 -8.12432453e-01 -4.45347297e-01 -3.34719715e+01]
 [-5.69357709e-01  5.81999971e-01 -5.80609880e-01 -1.05732743e+00]
 [ 7.30898423e-01  3.50648387e-02 -6.81584883e-01  1.25151065e+02]
 [ 0.00000000e+00  0.00000000e+00  0.00000000e+00  1.00000000e+00]]
