Object ID: 5
Inlier ration of P_pred: 0.7368420958518982
Num. of correspondences: 76
Avg. Euclidean Distance (ADD) [cm]: 10.215578422011534
Add Score thres: 0
Add Score thres (xyz direction): 0.0
Add-S Score: 1.0
Avg. Euclidean Distance (ADD) ICP: 10.209145865879494
Add Score ICP thres: 10.209145865879494
Add Score ICP thres (xyz direction): 0.0
Add-S Score ICP: 1.0
Error [cm]: 4.468817698810104
Error [deg]: 120.33660453287803
T_gt (Ground Truth Transformation):
[[-4.01561260e-01  7.96183407e-01 -4.52593714e-01 -2.16451569e+01]
 [ 6.58415198e-01 -9.25280601e-02 -7.46946037e-01  6.34789085e+00]
 [-6.36583447e-01 -5.97938955e-01 -4.87063706e-01  1.52777466e+02]
 [ 0.00000000e+00  0.00000000e+00  0.00000000e+00  1.00000000e+00]]
T_pred (Predicted Transformation):
[[-4.07153105e-01 -5.13410174e-02  9.11915812e-01 -1.89000560e+01]
 [-9.12196941e-01 -2.75106405e-02 -4.08827477e-01  9.94231543e+00]
 [ 4.60770066e-02 -9.98302191e-01 -3.56320763e-02  1.53345154e+02]
 [ 0.00000000e+00  0.00000000e+00  0.00000000e+00  1.00000000e+00]]
T_pred_ICP (Predicted Transformation from ICP):
[[-3.99713263e-01 -5.61105286e-02  9.14921262e-01 -1.89273947e+01]
 [-9.15557715e-01 -2.40552238e-02 -4.01466583e-01  9.85426821e+00]
 [ 4.45351379e-02 -9.98134738e-01 -4.17572353e-02  1.53315442e+02]
 [ 0.00000000e+00  0.00000000e+00  0.00000000e+00  1.00000000e+00]]
