Object ID: 12
Inlier ration of P_pred: 0.8062382340431213
Num. of correspondences: 1058
Avg. Euclidean Distance (ADD) [cm]: 9.007482660783678
Add Score thres: 0
Add Score thres (xyz direction): 0.0
Add-S Score: 1.0
Avg. Euclidean Distance (ADD) ICP: 8.734367054013092
Add Score ICP thres: 8.734367054013092
Add Score ICP thres (xyz direction): 0.0
Add-S Score ICP: 1.0
Error [cm]: 3.9591647712849465
Error [deg]: 168.39687595481973
T_gt (Ground Truth Transformation):
[[ 7.54650831e-01 -6.53039515e-01 -6.35730624e-02 -1.22272697e+01]
 [-6.26230955e-01 -6.87963426e-01 -3.66799027e-01  8.51822128e+00]
 [ 1.95798308e-01  3.16616625e-01 -9.28125739e-01  8.43832764e+01]
 [ 0.00000000e+00  0.00000000e+00  0.00000000e+00  1.00000000e+00]]
T_pred (Predicted Transformation):
[[ 5.32858162e-01  7.75269980e-01  3.39143978e-01 -1.38014914e+01]
 [-6.02804345e-01  6.29042362e-01 -4.90848886e-01  8.30805261e+00]
 [-5.93876335e-01  5.71153712e-02  8.02526469e-01  8.00473587e+01]
 [ 0.00000000e+00  0.00000000e+00  0.00000000e+00  1.00000000e+00]]
T_pred_ICP (Predicted Transformation from ICP):
[[  0.45297372   0.73830501   0.49972045 -13.89354197]
 [ -0.63173392   0.66132495  -0.40442744   8.19181281]
 [ -0.62906841  -0.13249535   0.76597514  80.8066886 ]
 [  0.           0.           0.           1.        ]]
