Object ID: 8
Inlier ration of P_pred: 0.0
Num. of correspondences: 117
Avg. Euclidean Distance (ADD) [cm]: 8.291335229580582
Add Score thres: 0
Add Score thres (xyz direction): 0.0
Add-S Score: 1.0
Avg. Euclidean Distance (ADD) ICP: 8.363049970039727
Add Score ICP thres: 8.363049970039727
Add Score ICP thres (xyz direction): 0.0
Add-S Score ICP: 1.0
Error [cm]: 2.5201089618708816
Error [deg]: 71.15659905174802
T_gt (Ground Truth Transformation):
[[-6.10452414e-01 -5.81754506e-01 -5.37503719e-01  1.73102158e+01]
 [-2.80180518e-02  6.94056392e-01 -7.19375312e-01 -1.36029449e+01]
 [ 7.91557670e-01 -4.24084306e-01 -4.39988136e-01  5.56841980e+01]
 [ 0.00000000e+00  0.00000000e+00  0.00000000e+00  1.00000000e+00]]
T_pred (Predicted Transformation):
[[-8.90390501e-01  3.56466740e-01 -2.83083413e-01  1.87153243e+01]
 [ 3.31037481e-01  9.33936940e-01  1.34818314e-01 -1.17407025e+01]
 [ 3.12440301e-01  2.63297260e-02 -9.49572432e-01  5.46506097e+01]
 [ 0.00000000e+00  0.00000000e+00  0.00000000e+00  1.00000000e+00]]
T_pred_ICP (Predicted Transformation from ICP):
[[-8.83071874e-01  3.77949558e-01 -2.78097459e-01  1.87170616e+01]
 [ 3.49408504e-01  9.25221772e-01  1.47913389e-01 -1.17571317e+01]
 [ 3.13205624e-01  3.34485371e-02 -9.49096114e-01  5.47020029e+01]
 [ 0.00000000e+00  0.00000000e+00  0.00000000e+00  1.00000000e+00]]
