Object ID: 6
Inlier ration of P_pred: 0.8488371968269348
Num. of correspondences: 516
Avg. Euclidean Distance (ADD) [cm]: 1.4290487084083812
Add Score thres: 1
Add Score thres (xyz direction): 1.0
Add-S Score: 1.0
Avg. Euclidean Distance (ADD) ICP: 1.263810334765421e-07
Add Score ICP thres: 1.263810334765421e-07
Add Score ICP thres (xyz direction): 1.0
Add-S Score ICP: 1.0
Error [cm]: 4.2312577879818116e-08
Error [deg]: 0.0
T_gt (Ground Truth Transformation):
[[-8.82758677e-01  3.13909620e-01 -3.49568188e-01 -7.86751099e+00]
 [ 4.65537697e-01  4.84115064e-01 -7.40882754e-01  9.25368347e+00]
 [-6.33389801e-02 -8.16757858e-01 -5.73493540e-01  1.26923389e+02]
 [ 0.00000000e+00  0.00000000e+00  0.00000000e+00  1.00000000e+00]]
T_pred (Predicted Transformation):
[[ -0.66718924   0.64734704  -0.36851097  -8.21457405]
 [  0.70106659   0.37852944  -0.60433526   9.34845701]
 [ -0.25172239  -0.6615567   -0.70638415 126.68778163]
 [  0.           0.           0.           1.        ]]
T_pred_ICP (Predicted Transformation from ICP):
[[-8.82758649e-01  3.13909616e-01 -3.49568191e-01 -7.86751099e+00]
 [ 4.65537688e-01  4.84115070e-01 -7.40882757e-01  9.25368347e+00]
 [-6.33389931e-02 -8.16757830e-01 -5.73493522e-01  1.26923389e+02]
 [ 0.00000000e+00  0.00000000e+00  0.00000000e+00  1.00000000e+00]]
