Object ID: 11
Inlier ration of P_pred: 0.0
Num. of correspondences: 286
Avg. Euclidean Distance (ADD) [cm]: 5.873152231663287
Add Score thres: 0
Add Score thres (xyz direction): 0.3333333333333333
Add-S Score: 1.0
Avg. Euclidean Distance (ADD) ICP: 5.840953015188149
Add Score ICP thres: 5.840953015188149
Add Score ICP thres (xyz direction): 0.3333333333333333
Add-S Score ICP: 1.0
Error [cm]: 4.376643456041075
Error [deg]: 37.09174850787038
T_gt (Ground Truth Transformation):
[[ 9.34531868e-01 -3.46633375e-01  8.05948079e-02  2.05833618e+01]
 [-3.25293303e-01 -9.23872650e-01 -2.01602727e-01  7.38486576e-01]
 [ 1.44341573e-01  1.62187219e-01 -9.76145923e-01  1.33550854e+02]
 [ 0.00000000e+00  0.00000000e+00  0.00000000e+00  1.00000000e+00]]
T_pred (Predicted Transformation):
[[  0.88698884  -0.19348301  -0.41930313  21.53276699]
 [ -0.40869799  -0.75161154  -0.51773163   5.04987821]
 [ -0.2149808    0.63059053  -0.74574717 133.39618483]
 [  0.           0.           0.           1.        ]]
T_pred_ICP (Predicted Transformation from ICP):
[[  0.89204982  -0.20414398  -0.40320262  21.58025964]
 [ -0.41126074  -0.73658759  -0.53693885   4.99521396]
 [ -0.18738121   0.64479762  -0.74102923 133.34720131]
 [  0.           0.           0.           1.        ]]
