Object ID: 8
Inlier ration of P_pred: 0.5884955525398254
Num. of correspondences: 452
Avg. Euclidean Distance (ADD) [cm]: 10.81945819401243
Add Score thres: 0
Add Score thres (xyz direction): 0.0
Add-S Score: 1.0
Avg. Euclidean Distance (ADD) ICP: 10.857557944415257
Add Score ICP thres: 10.857557944415257
Add Score ICP thres (xyz direction): 0.0
Add-S Score ICP: 1.0
Error [cm]: 8.409635075035153
Error [deg]: 76.08088225875176
T_gt (Ground Truth Transformation):
[[ 9.44206059e-01 -3.07878107e-01  1.16987266e-01 -1.27470795e+01]
 [-2.15102639e-02 -4.12087768e-01 -9.10890579e-01  1.60881290e+00]
 [ 3.28652173e-01  8.57551992e-01 -3.95718336e-01  1.34052795e+02]
 [ 0.00000000e+00  0.00000000e+00  0.00000000e+00  1.00000000e+00]]
T_pred (Predicted Transformation):
[[ 4.50585818e-01 -2.62990467e-01  8.53116894e-01 -1.82371340e+01]
 [ 8.88494574e-01  2.25118759e-01 -3.99873651e-01 -2.75202872e+00]
 [-8.68896579e-02  9.38167127e-01  3.35100923e-01  1.29417471e+02]
 [ 0.00000000e+00  0.00000000e+00  0.00000000e+00  1.00000000e+00]]
T_pred_ICP (Predicted Transformation from ICP):
[[ 4.48071161e-01 -2.65271966e-01  8.53734747e-01 -1.81655633e+01]
 [ 8.88711565e-01  2.35865240e-01 -3.93140361e-01 -2.81011362e+00]
 [-9.70772350e-02  9.34878801e-01  3.41434676e-01  1.29379993e+02]
 [ 0.00000000e+00  0.00000000e+00  0.00000000e+00  1.00000000e+00]]
