Object ID: 5
Inlier ration of P_pred: 0.0
Num. of correspondences: 285
Avg. Euclidean Distance (ADD) [cm]: 8.367306085714613
Add Score thres: 0
Add Score thres (xyz direction): 0.0
Add-S Score: 1.0
Avg. Euclidean Distance (ADD) ICP: 8.374496050921051
Add Score ICP thres: 8.374496050921051
Add Score ICP thres (xyz direction): 0.0
Add-S Score ICP: 1.0
Error [cm]: 3.662609830555941
Error [deg]: 87.7620018221564
T_gt (Ground Truth Transformation):
[[-9.71320033e-01 -3.28624062e-02 -2.35494345e-01  2.39389343e+00]
 [ 1.94709420e-01  4.58532184e-01 -8.67085040e-01 -1.52846237e+01]
 [ 1.36476249e-01 -8.88069987e-01 -4.38982934e-01  1.40222290e+02]
 [ 0.00000000e+00  0.00000000e+00  0.00000000e+00  1.00000000e+00]]
T_pred (Predicted Transformation):
[[-4.99584999e-01 -8.66006045e-01  2.11744816e-02  2.15078315e+00]
 [-8.65769726e-01  4.98323923e-01 -4.60005266e-02 -1.38332255e+01]
 [ 2.92849833e-02 -4.13133982e-02 -9.98716973e-01  1.36858605e+02]
 [ 0.00000000e+00  0.00000000e+00  0.00000000e+00  1.00000000e+00]]
T_pred_ICP (Predicted Transformation from ICP):
[[-4.95608298e-01 -8.68306466e-01  2.04033448e-02  2.15155359e+00]
 [-8.68096363e-01  4.94459027e-01 -4.38061030e-02 -1.37628396e+01]
 [ 2.79485044e-02 -3.94227376e-02 -9.98831682e-01  1.36899617e+02]
 [ 0.00000000e+00  0.00000000e+00  0.00000000e+00  1.00000000e+00]]
