Object ID: 12
Inlier ration of P_pred: 0.7903563380241394
Num. of correspondences: 477
Avg. Euclidean Distance (ADD) [cm]: 1.5597741312905828
Add Score thres: 0
Add Score thres (xyz direction): 0.6666666666666666
Add-S Score: 1.0
Avg. Euclidean Distance (ADD) ICP: 1.3722588694229738
Add Score ICP thres: 1.3722588694229738
Add Score ICP thres (xyz direction): 1.0
Add-S Score ICP: 1.0
Error [cm]: 1.282168357909946
Error [deg]: 8.657177410180685
T_gt (Ground Truth Transformation):
[[ 8.82285357e-01 -3.18239599e-01  3.46837342e-01  1.34965134e+01]
 [-3.99024934e-02 -7.84743607e-01 -6.18535101e-01 -1.03994989e+00]
 [ 4.69020665e-01  5.31884789e-01 -7.05066383e-01  1.16319958e+02]
 [ 0.00000000e+00  0.00000000e+00  0.00000000e+00  1.00000000e+00]]
T_pred (Predicted Transformation):
[[ 9.03758514e-01 -1.71505735e-01  3.92181503e-01  1.20309342e+01]
 [ 9.21879011e-02 -8.16730435e-01 -5.69607574e-01 -1.09910969e+00]
 [ 4.17997535e-01  5.50942084e-01 -7.22316330e-01  1.16279554e+02]
 [ 0.00000000e+00  0.00000000e+00  0.00000000e+00  1.00000000e+00]]
T_pred_ICP (Predicted Transformation from ICP):
[[ 9.09749507e-01 -1.73038267e-01  3.77377254e-01  1.22148231e+01]
 [ 8.24589690e-02 -8.15573040e-01 -5.72748753e-01 -1.03468132e+00]
 [ 4.06886167e-01  5.52176035e-01 -7.27698614e-01  1.16354572e+02]
 [ 0.00000000e+00  0.00000000e+00  0.00000000e+00  1.00000000e+00]]
