Object ID: 6
Inlier ration of P_pred: 0.09508197009563446
Num. of correspondences: 610
Avg. Euclidean Distance (ADD) [cm]: 3.3643975402691
Add Score thres: 0
Add Score thres (xyz direction): 0.3333333333333333
Add-S Score: 1.0
Avg. Euclidean Distance (ADD) ICP: 3.255407746474617
Add Score ICP thres: 3.255407746474617
Add Score ICP thres (xyz direction): 0.3333333333333333
Add-S Score ICP: 1.0
Error [cm]: 0.7972278380896407
Error [deg]: 66.53633760654544
T_gt (Ground Truth Transformation):
[[ 0.18770687 -0.9393034   0.28718534 27.30653381]
 [-0.11896564 -0.31197131 -0.94261408 13.20301971]
 [ 0.97499406  0.14277002 -0.17030407 69.9204834 ]
 [ 0.          0.          0.          1.        ]]
T_pred (Predicted Transformation):
[[ 0.91563996 -0.39018972 -0.09672359 27.02567938]
 [-0.36012207 -0.68923273 -0.62870528 13.34211446]
 [ 0.17864927  0.61049998 -0.77160496 69.70706991]
 [ 0.          0.          0.          1.        ]]
T_pred_ICP (Predicted Transformation from ICP):
[[ 0.87647562 -0.46247092 -0.13383246 26.67975138]
 [-0.4414376  -0.66101849 -0.60678448 13.60532655]
 [ 0.19215445  0.59091049 -0.78351864 69.6361153 ]
 [ 0.          0.          0.          1.        ]]
