Object ID: 11
Inlier ration of P_pred: 0.0
Num. of correspondences: 886
Avg. Euclidean Distance (ADD) [cm]: 5.858428992094683
Add Score thres: 0
Add Score thres (xyz direction): 0.0
Add-S Score: 1.0
Avg. Euclidean Distance (ADD) ICP: 5.728275757295578
Add Score ICP thres: 5.728275757295578
Add Score ICP thres (xyz direction): 0.0
Add-S Score ICP: 1.0
Error [cm]: 2.735563445422398
Error [deg]: 99.06802114438494
T_gt (Ground Truth Transformation):
[[-8.40130746e-01 -2.12816402e-01  4.98888046e-01 -1.60701782e+01]
 [-5.38681209e-01  4.34685230e-01 -7.21714079e-01 -1.19777130e+01]
 [-6.32666275e-02 -8.75075936e-01 -4.79832560e-01  9.47116821e+01]
 [ 0.00000000e+00  0.00000000e+00  0.00000000e+00  1.00000000e+00]]
T_pred (Predicted Transformation):
[[ 2.93838467e-02  2.36095114e-01  9.71285585e-01 -1.83484931e+01]
 [ 3.29807045e-01  9.14998320e-01 -2.32390592e-01 -1.04985140e+01]
 [-9.43590961e-01  3.27165358e-01 -5.09796616e-02  9.40524177e+01]
 [ 0.00000000e+00  0.00000000e+00  0.00000000e+00  1.00000000e+00]]
T_pred_ICP (Predicted Transformation from ICP):
[[-7.43793199e-03  2.48479148e-01  9.68608688e-01 -1.82729460e+01]
 [ 3.05582099e-01  9.22863684e-01 -2.34397529e-01 -1.04614687e+01]
 [-9.52136680e-01  2.94246043e-01 -8.27949769e-02  9.41353796e+01]
 [ 0.00000000e+00  0.00000000e+00  0.00000000e+00  1.00000000e+00]]
