Object ID: 12
Inlier ration of P_pred: 0.7127862572669983
Num. of correspondences: 1048
Avg. Euclidean Distance (ADD) [cm]: 9.251410573275386
Add Score thres: 0
Add Score thres (xyz direction): 0.0
Add-S Score: 1.0
Avg. Euclidean Distance (ADD) ICP: 9.19293399747533
Add Score ICP thres: 9.19293399747533
Add Score ICP thres (xyz direction): 0.0
Add-S Score ICP: 1.0
Error [cm]: 4.869699299194458
Error [deg]: 169.64732423523338
T_gt (Ground Truth Transformation):
[[  0.18910861   0.95665658  -0.22146411  -4.2863781 ]
 [  0.89046246  -0.26213449  -0.37197116  12.19646606]
 [ -0.41390193  -0.12686245  -0.90143871 113.75167236]
 [  0.           0.           0.           1.        ]]
T_pred (Predicted Transformation):
[[ 3.87227590e-01 -8.78484482e-01  2.79856765e-01 -4.91428989e+00]
 [ 7.52702048e-02  3.32645768e-01  9.40043185e-01  8.26272608e+00]
 [-9.18906519e-01 -3.42945781e-01  1.94933326e-01  1.10744029e+02]
 [ 0.00000000e+00  0.00000000e+00  0.00000000e+00  1.00000000e+00]]
T_pred_ICP (Predicted Transformation from ICP):
[[ 3.63849072e-01 -8.77668949e-01  3.11947221e-01 -4.99376211e+00]
 [ 7.69962046e-02  3.62095626e-01  9.28955511e-01  8.34386541e+00]
 [-9.28270132e-01 -3.13980849e-01  1.99325335e-01  1.10858396e+02]
 [ 0.00000000e+00  0.00000000e+00  0.00000000e+00  1.00000000e+00]]
