Object ID: 12
Inlier ration of P_pred: 0.973946750164032
Num. of correspondences: 1804
Avg. Euclidean Distance (ADD) [cm]: 0.4018046677556317
Add Score thres: 1
Add Score thres (xyz direction): 1.0
Add-S Score: 1.0
Avg. Euclidean Distance (ADD) ICP: 1.4777207114988381e-06
Add Score ICP thres: 1.4777207114988381e-06
Add Score ICP thres (xyz direction): 1.0
Add-S Score ICP: 1.0
Error [cm]: 3.8714171043444597e-07
Error [deg]: 0.0
T_gt (Ground Truth Transformation):
[[ -0.26765227   0.95115328   0.15385124 -17.24533539]
 [  0.93705773   0.29412478  -0.18818524  25.9210083 ]
 [ -0.22424446   0.09379931  -0.97000873  76.83961182]
 [  0.           0.           0.           1.        ]]
T_pred (Predicted Transformation):
[[-3.27936851e-01  9.35453988e-01  1.31845582e-01 -1.70565663e+01]
 [ 9.17293677e-01  3.48679528e-01 -1.92340578e-01  2.60661976e+01]
 [-2.25897616e-01  5.78655553e-02 -9.72430895e-01  7.67372086e+01]
 [ 0.00000000e+00  0.00000000e+00  0.00000000e+00  1.00000000e+00]]
T_pred_ICP (Predicted Transformation from ICP):
[[ -0.26765196   0.95115312   0.15385115 -17.24533529]
 [  0.93705756   0.29412489  -0.18818521  25.92100823]
 [ -0.2242444    0.09379924  -0.97000833  76.83961219]
 [  0.           0.           0.           1.        ]]
