Object ID: 11
Inlier ration of P_pred: 0.1471698135137558
Num. of correspondences: 265
Avg. Euclidean Distance (ADD) [cm]: 8.32967220188206
Add Score thres: 0
Add Score thres (xyz direction): 0.0
Add-S Score: 1.0
Avg. Euclidean Distance (ADD) ICP: 8.380898640695383
Add Score ICP thres: 8.380898640695383
Add Score ICP thres (xyz direction): 0.0
Add-S Score ICP: 1.0
Error [cm]: 0.7242697028318037
Error [deg]: 119.87455298986094
T_gt (Ground Truth Transformation):
[[ 2.27203720e-01  9.70456140e-01  8.30633000e-02 -5.80408698e-01]
 [ 8.26989000e-01 -1.47156730e-01 -5.42822430e-01 -4.79918140e+00]
 [-5.14500420e-01  1.92000330e-01 -8.35824890e-01  1.08562274e+02]
 [ 0.00000000e+00  0.00000000e+00  0.00000000e+00  1.00000000e+00]]
T_pred (Predicted Transformation):
[[-7.71819650e-01  1.91665986e-01 -6.06266095e-01 -1.26130770e+00]
 [ 6.66075887e-02 -9.23868398e-01 -3.76869490e-01 -4.68689952e+00]
 [-6.32343148e-01 -3.31257200e-01  7.00293374e-01  1.08774232e+02]
 [ 0.00000000e+00  0.00000000e+00  0.00000000e+00  1.00000000e+00]]
T_pred_ICP (Predicted Transformation from ICP):
[[-7.76303793e-01  1.92408988e-01 -6.00275938e-01 -1.28648358e+00]
 [ 5.01957301e-02 -9.30383407e-01 -3.63135105e-01 -4.77207596e+00]
 [-6.28357231e-01 -3.12034448e-01  7.12602058e-01  1.08721302e+02]
 [ 0.00000000e+00  0.00000000e+00  0.00000000e+00  1.00000000e+00]]
