Object ID: 11
Inlier ration of P_pred: 0.0
Num. of correspondences: 97
Avg. Euclidean Distance (ADD) [cm]: 2.4498778998209185
Add Score thres: 0
Add Score thres (xyz direction): 1.0
Add-S Score: 1.0
Avg. Euclidean Distance (ADD) ICP: 2.2875659558556114
Add Score ICP thres: 2.2875659558556114
Add Score ICP thres (xyz direction): 1.0
Add-S Score ICP: 1.0
Error [cm]: 1.3409305488438237
Error [deg]: 42.37375446241545
T_gt (Ground Truth Transformation):
[[ 7.92759160e-01  6.08304520e-01  4.21307700e-02 -7.53195768e-01]
 [ 5.21816210e-01 -6.41097110e-01 -5.62979890e-01 -6.67437354e+00]
 [-3.15411720e-01  4.68257050e-01 -8.25491690e-01  1.05067990e+02]
 [ 0.00000000e+00  0.00000000e+00  0.00000000e+00  1.00000000e+00]]
T_pred (Predicted Transformation):
[[ 1.13107425e-01  9.76094778e-01  1.85595512e-01 -1.34837898e+00]
 [ 8.52158556e-01  7.51504975e-04 -5.23283127e-01 -5.39048485e+00]
 [-5.10913404e-01  2.17344010e-01 -8.31702516e-01  1.05222807e+02]
 [ 0.00000000e+00  0.00000000e+00  0.00000000e+00  1.00000000e+00]]
T_pred_ICP (Predicted Transformation from ICP):
[[ 1.82027916e-01  9.69467390e-01  1.64313169e-01 -1.61984623e+00]
 [ 8.33136325e-01 -6.33080512e-02 -5.49432393e-01 -5.67511862e+00]
 [-5.22254441e-01  2.36907303e-01 -8.19222331e-01  1.05288220e+02]
 [ 0.00000000e+00  0.00000000e+00  0.00000000e+00  1.00000000e+00]]
