Object ID: 11
Inlier ration of P_pred: 0.0
Num. of correspondences: 63
Avg. Euclidean Distance (ADD) [cm]: 8.089994007789564
Add Score thres: 0
Add Score thres (xyz direction): 0.0
Add-S Score: 1.0
Avg. Euclidean Distance (ADD) ICP: 8.096085315289136
Add Score ICP thres: 8.096085315289136
Add Score ICP thres (xyz direction): 0.0
Add-S Score ICP: 1.0
Error [cm]: 6.254417359228971
Error [deg]: 150.2075557817648
T_gt (Ground Truth Transformation):
[[  0.96184879  -0.20428418  -0.18220231 -29.33611342]
 [ -0.21269519  -0.13874438  -0.96725706  12.59188046]
 [  0.17232231   0.96906471  -0.17689184  56.28479082]
 [  0.           0.           0.           1.        ]]
T_pred (Predicted Transformation):
[[ 5.81011328e-02  5.93829151e-01 -8.02490622e-01 -3.11964360e+01]
 [ 9.85820224e-01 -1.60888408e-01 -4.76802514e-02  1.84511902e+01]
 [-1.57425361e-01 -7.88341208e-01 -5.94756585e-01  5.53515878e+01]
 [ 0.00000000e+00  0.00000000e+00  0.00000000e+00  1.00000000e+00]]
T_pred_ICP (Predicted Transformation from ICP):
[[ 5.98867779e-02  5.96411265e-01 -8.00441864e-01 -3.11291364e+01]
 [ 9.83868381e-01 -1.70685361e-01 -5.35678686e-02  1.84895514e+01]
 [-1.68572188e-01 -7.84321434e-01 -5.97011982e-01  5.52263570e+01]
 [ 0.00000000e+00  0.00000000e+00  0.00000000e+00  1.00000000e+00]]
