Object ID: 8
Inlier ration of P_pred: 0.08064515888690948
Num. of correspondences: 310
Avg. Euclidean Distance (ADD) [cm]: 4.808284329748284
Add Score thres: 0
Add Score thres (xyz direction): 0.3333333333333333
Add-S Score: 1.0
Avg. Euclidean Distance (ADD) ICP: 4.787753148255974
Add Score ICP thres: 4.787753148255974
Add Score ICP thres (xyz direction): 0.3333333333333333
Add-S Score ICP: 1.0
Error [cm]: 2.7814696597330983
Error [deg]: 41.58644152064529
T_gt (Ground Truth Transformation):
[[ 0.78979067  0.59802027  0.13668473  5.11611443]
 [ 0.45216604 -0.41695214 -0.78852657 -5.88530925]
 [-0.41454122  0.68454456 -0.59968707 82.73171063]
 [ 0.          0.          0.          1.        ]]
T_pred (Predicted Transformation):
[[ 0.28994868  0.9481563  -0.13011303  4.70666833]
 [ 0.33804455 -0.22865408 -0.9129311  -7.33439061]
 [-0.89535225  0.22071917 -0.38681702 80.35388847]
 [ 0.          0.          0.          1.        ]]
T_pred_ICP (Predicted Transformation from ICP):
[[ 0.28603762  0.94921275 -0.1310635   4.637531  ]
 [ 0.33944957 -0.22828503 -0.91250202 -7.24311443]
 [-0.89607838  0.21652046 -0.38750797 80.35181642]
 [ 0.          0.          0.          1.        ]]
