Object ID: 8
Inlier ration of P_pred: 0.0
Num. of correspondences: 335
Avg. Euclidean Distance (ADD) [cm]: 10.873727709704758
Add Score thres: 0
Add Score thres (xyz direction): 0.0
Add-S Score: 1.0
Avg. Euclidean Distance (ADD) ICP: 10.905327399311698
Add Score ICP thres: 10.905327399311698
Add Score ICP thres (xyz direction): 0.0
Add-S Score ICP: 1.0
Error [cm]: 4.642120436850845
Error [deg]: 163.00091219419826
T_gt (Ground Truth Transformation):
[[ 5.68745560e-01  8.21671050e-01 -5.33623200e-02 -9.27859962e+00]
 [ 1.93145630e-01 -1.96251300e-01 -9.62003470e-01 -3.13502445e-01]
 [-8.00437600e-01  5.36477400e-01 -2.70157170e-01  9.27639506e+01]
 [ 0.00000000e+00  0.00000000e+00  0.00000000e+00  1.00000000e+00]]
T_pred (Predicted Transformation):
[[ -0.19943145  -0.96681156   0.15969503 -12.68756941]
 [ -0.8933182    0.11239575  -0.43514341   2.41542671]
 [  0.40275264  -0.22943976  -0.88608561  94.14729457]
 [  0.           0.           0.           1.        ]]
T_pred_ICP (Predicted Transformation from ICP):
[[ -0.21829015  -0.96069007   0.17153425 -12.78971436]
 [ -0.89230888   0.12531704  -0.43368249   2.40891531]
 [  0.3951383   -0.24773015  -0.88458776  94.10923753]
 [  0.           0.           0.           1.        ]]
