Object ID: 6
Inlier ration of P_pred: 0.8120805621147156
Num. of correspondences: 149
Avg. Euclidean Distance (ADD) [cm]: 5.837464742225927
Add Score thres: 0
Add Score thres (xyz direction): 0.3333333333333333
Add-S Score: 1.0
Avg. Euclidean Distance (ADD) ICP: 5.789151437909905
Add Score ICP thres: 5.789151437909905
Add Score ICP thres (xyz direction): 0.3333333333333333
Add-S Score ICP: 1.0
Error [cm]: 3.6790092005981214
Error [deg]: 67.39975100619324
T_gt (Ground Truth Transformation):
[[ 1.45958770e-01 -9.88978910e-01  2.93210400e-02  8.72829651e+00]
 [-9.86656830e-01 -1.47747540e-01 -7.05906400e-02 -2.51600390e+01]
 [ 7.41855200e-02 -1.86580100e-02 -9.97192330e-01  1.03228962e+02]
 [ 0.00000000e+00  0.00000000e+00  0.00000000e+00  1.00000000e+00]]
T_pred (Predicted Transformation):
[[-2.91601120e-01 -9.56531898e-01 -3.93891546e-03  7.64583741e+00]
 [-3.59424841e-01  1.13385812e-01 -9.26259921e-01 -2.20075192e+01]
 [ 8.86443777e-01 -2.68682687e-01 -3.76864755e-01  1.01633930e+02]
 [ 0.00000000e+00  0.00000000e+00  0.00000000e+00  1.00000000e+00]]
T_pred_ICP (Predicted Transformation from ICP):
[[-3.04751891e-01 -9.52393949e-01 -8.48829791e-03  7.60330927e+00]
 [-3.69975452e-01  1.26589580e-01 -9.20376686e-01 -2.21778934e+01]
 [ 8.77635716e-01 -2.77346074e-01 -3.90940795e-01  1.01391486e+02]
 [ 0.00000000e+00  0.00000000e+00  0.00000000e+00  1.00000000e+00]]
