Object ID: 11
Inlier ration of P_pred: 0.5
Num. of correspondences: 66
Avg. Euclidean Distance (ADD) [cm]: 7.345628345561561
Add Score thres: 0
Add Score thres (xyz direction): 0.0
Add-S Score: 1.0
Avg. Euclidean Distance (ADD) ICP: 7.340062261442959
Add Score ICP thres: 7.340062261442959
Add Score ICP thres (xyz direction): 0.0
Add-S Score ICP: 1.0
Error [cm]: 4.20218777892952
Error [deg]: 161.05280606334355
T_gt (Ground Truth Transformation):
[[ 9.47199430e-01  3.17919860e-01 -4.20412600e-02 -4.09098602e+01]
 [-2.84823600e-02 -4.71761300e-02 -9.98494570e-01  2.31325647e+01]
 [-3.19405740e-01  9.46961780e-01 -3.56276600e-02  8.89309542e+01]
 [ 0.00000000e+00  0.00000000e+00  0.00000000e+00  1.00000000e+00]]
T_pred (Predicted Transformation):
[[ -0.95697537  -0.11575294  -0.26608158 -37.84545598]
 [  0.24072728  -0.82869927  -0.50528002  25.36509001]
 [ -0.16201396  -0.54759362   0.82090968  90.83079797]
 [  0.           0.           0.           1.        ]]
T_pred_ICP (Predicted Transformation from ICP):
[[ -0.95698725  -0.11620371  -0.26584224 -37.84527261]
 [  0.24082995  -0.82913173  -0.50452106  25.33876557]
 [ -0.16179102  -0.546843     0.82145383  90.77469038]
 [  0.           0.           0.           1.        ]]
