Object ID: 11
Inlier ration of P_pred: 0.23999999463558197
Num. of correspondences: 625
Avg. Euclidean Distance (ADD) [cm]: 2.277741474283704
Add Score thres: 0
Add Score thres (xyz direction): 0.6666666666666666
Add-S Score: 1.0
Avg. Euclidean Distance (ADD) ICP: 2.124846638844184
Add Score ICP thres: 2.124846638844184
Add Score ICP thres (xyz direction): 1.0
Add-S Score ICP: 1.0
Error [cm]: 1.7278424293978845
Error [deg]: 28.581938586403396
T_gt (Ground Truth Transformation):
[[  0.69747546   0.30293115  -0.64945916 -17.96916459]
 [ -0.35482786  -0.64145127  -0.68023559  23.8412698 ]
 [ -0.62263245   0.70492334  -0.33986545  99.94807382]
 [  0.           0.           0.           1.        ]]
T_pred (Predicted Transformation):
[[ 6.58630752e-01  6.84113065e-01 -3.13360570e-01 -1.61781586e+01]
 [ 8.81598304e-02 -4.83732843e-01 -8.70764251e-01  2.34269481e+01]
 [-7.47284000e-01  5.45886299e-01 -3.78912618e-01  1.00018856e+02]
 [ 0.00000000e+00  0.00000000e+00  0.00000000e+00  1.00000000e+00]]
T_pred_ICP (Predicted Transformation from ICP):
[[ 6.76353479e-01  6.56200215e-01 -3.34585190e-01 -1.62835982e+01]
 [ 6.61721856e-02 -5.06537822e-01 -8.59674751e-01  2.34625028e+01]
 [-7.33598809e-01  5.59303775e-01 -3.86020821e-01  9.99190756e+01]
 [ 0.00000000e+00  0.00000000e+00  0.00000000e+00  1.00000000e+00]]
