Object ID: 12
Inlier ration of P_pred: 0.43283581733703613
Num. of correspondences: 67
Avg. Euclidean Distance (ADD) [cm]: 8.96750478856596
Add Score thres: 0
Add Score thres (xyz direction): 0.3333333333333333
Add-S Score: 0.6666666666666666
Avg. Euclidean Distance (ADD) ICP: 8.771696041149783
Add Score ICP thres: 8.771696041149783
Add Score ICP thres (xyz direction): 0.3333333333333333
Add-S Score ICP: 1.0
Error [cm]: 4.17360097750663
Error [deg]: 177.54543535545224
T_gt (Ground Truth Transformation):
[[ 0.304999  0.92224  -0.238939 32.5423  ]
 [ 0.514285 -0.370577 -0.77383  11.9591  ]
 [-0.801955  0.113105 -0.587119 83.6168  ]
 [ 0.        0.        0.        1.      ]]
T_pred (Predicted Transformation):
[[-5.05265883e-02 -9.68508842e-01  2.43798457e-01  3.19139959e+01]
 [-3.83953921e-01  2.44186919e-01  8.90478599e-01  7.52124704e+00]
 [-9.21968790e-01 -4.86145278e-02 -3.84200699e-01  8.30641666e+01]
 [ 0.00000000e+00  0.00000000e+00  0.00000000e+00  1.00000000e+00]]
T_pred_ICP (Predicted Transformation from ICP):
[[-9.58814325e-02 -9.45642177e-01  3.10753317e-01  3.18691734e+01]
 [-4.07375295e-01  3.22128350e-01  8.54563453e-01  7.85563784e+00]
 [-9.08213697e-01 -4.46564561e-02 -4.16117389e-01  8.32598070e+01]
 [ 0.00000000e+00  0.00000000e+00  0.00000000e+00  1.00000000e+00]]
