Object ID: 8
Inlier ration of P_pred: 0.7535714507102966
Num. of correspondences: 560
Avg. Euclidean Distance (ADD) [cm]: 12.94649928469842
Add Score thres: 0
Add Score thres (xyz direction): 0.0
Add-S Score: 1.0
Avg. Euclidean Distance (ADD) ICP: 12.88391258979776
Add Score ICP thres: 12.88391258979776
Add Score ICP thres (xyz direction): 0.0
Add-S Score ICP: 1.0
Error [cm]: 7.224740514300022
Error [deg]: 175.02599153847996
T_gt (Ground Truth Transformation):
[[ 9.91094970e-01 -7.93667400e-02  1.07662640e-01  1.80425606e+00]
 [-6.47438000e-03 -8.32517870e-01 -5.54148430e-01 -2.53590070e+01]
 [ 1.33600600e-01  5.48474650e-01 -8.25528720e-01  9.41487228e+01]
 [ 0.00000000e+00  0.00000000e+00  0.00000000e+00  1.00000000e+00]]
T_pred (Predicted Transformation):
[[ -0.24068619  -0.20622874   0.94844075   3.12626004]
 [ -0.35643358   0.92767245   0.1112606  -18.80907345]
 [ -0.9027875   -0.31127724  -0.2967848   91.35770006]
 [  0.           0.           0.           1.        ]]
T_pred_ICP (Predicted Transformation from ICP):
[[ -0.26416803  -0.23736124   0.93481276   2.81481745]
 [ -0.38478474   0.91470414   0.12351937 -18.88781157]
 [ -0.88439581  -0.32707181  -0.33296858  91.09925221]
 [  0.           0.           0.           1.        ]]
