Object ID: 8
Inlier ration of P_pred: 0.032258063554763794
Num. of correspondences: 62
Avg. Euclidean Distance (ADD) [cm]: 14.825631015490973
Add Score thres: 0
Add Score thres (xyz direction): 0.0
Add-S Score: 1.0
Avg. Euclidean Distance (ADD) ICP: 14.891476766407036
Add Score ICP thres: 14.891476766407036
Add Score ICP thres (xyz direction): 0.0
Add-S Score ICP: 1.0
Error [cm]: 10.521914632890994
Error [deg]: 138.81188350163728
T_gt (Ground Truth Transformation):
[[ 6.60151530e-01  7.47327350e-01  8.77995200e-02  1.28326979e+01]
 [ 7.19163120e-01 -5.92275880e-01 -3.65890860e-01  1.53940490e+00]
 [-2.21218190e-01  3.04310960e-01 -9.27556150e-01  1.01148185e+02]
 [ 0.00000000e+00  0.00000000e+00  0.00000000e+00  1.00000000e+00]]
T_pred (Predicted Transformation):
[[ 2.64415618e-01 -9.59806591e-01  9.41046697e-02  8.28995884e+00]
 [ 5.41484701e-01  6.70071557e-02 -8.38036013e-01  3.51753357e+00]
 [ 7.98046803e-01  2.72546049e-01  5.37438324e-01  9.18039930e+01]
 [ 0.00000000e+00  0.00000000e+00  0.00000000e+00  1.00000000e+00]]
T_pred_ICP (Predicted Transformation from ICP):
[[ 2.46352157e-01 -9.66095970e-01  7.72605476e-02  8.33307678e+00]
 [ 5.46145250e-01  7.25255632e-02 -8.34545031e-01  3.08597372e+00]
 [ 8.00647226e-01  2.47787450e-01  5.45495553e-01  9.17635045e+01]
 [ 0.00000000e+00  0.00000000e+00  0.00000000e+00  1.00000000e+00]]
