Object ID: 8
Inlier ration of P_pred: 0.14964371919631958
Num. of correspondences: 421
Avg. Euclidean Distance (ADD) [cm]: 10.559652008300977
Add Score thres: 0
Add Score thres (xyz direction): 0.0
Add-S Score: 1.0
Avg. Euclidean Distance (ADD) ICP: 10.583511296083715
Add Score ICP thres: 10.583511296083715
Add Score ICP thres (xyz direction): 0.0
Add-S Score ICP: 1.0
Error [cm]: 5.169013154112991
Error [deg]: 79.12761080420816
T_gt (Ground Truth Transformation):
[[  0.73434005   0.65973268   0.16185005 -25.2142939 ]
 [  0.59043384  -0.50203299  -0.63244422  -4.32306385]
 [ -0.33590012   0.55983474  -0.75787099  96.88925406]
 [  0.           0.           0.           1.        ]]
T_pred (Predicted Transformation):
[[-1.23785497e-01  9.63970918e-01 -2.35451097e-01 -3.02808259e+01]
 [-8.66372138e-02 -2.46868814e-01 -9.65168266e-01 -3.40690188e+00]
 [-9.88519673e-01 -9.90750065e-02  1.14074533e-01  9.73775978e+01]
 [ 0.00000000e+00  0.00000000e+00  0.00000000e+00  1.00000000e+00]]
T_pred_ICP (Predicted Transformation from ICP):
[[-1.22387011e-01  9.63714486e-01 -2.37225229e-01 -3.02751139e+01]
 [-9.08240929e-02 -2.48894391e-01 -9.64262706e-01 -3.40236193e+00]
 [-9.88317967e-01 -9.64674642e-02  1.17989935e-01  9.73982790e+01]
 [ 0.00000000e+00  0.00000000e+00  0.00000000e+00  1.00000000e+00]]
