Object ID: 6
Inlier ration of P_pred: 0.8896797299385071
Num. of correspondences: 562
Avg. Euclidean Distance (ADD) [cm]: 3.4743013636519153
Add Score thres: 0
Add Score thres (xyz direction): 0.3333333333333333
Add-S Score: 1.0
Avg. Euclidean Distance (ADD) ICP: 3.5082149547204735
Add Score ICP thres: 3.5082149547204735
Add Score ICP thres (xyz direction): 0.3333333333333333
Add-S Score ICP: 1.0
Error [cm]: 1.9877242137796962
Error [deg]: 53.141001160173666
T_gt (Ground Truth Transformation):
[[ 7.27478400e-02 -9.97291690e-01  1.56767300e-02  5.55599244e+00]
 [-9.91854700e-01 -7.40001800e-02 -1.04396140e-01 -2.23950177e+01]
 [ 1.05272850e-01 -7.94477000e-03 -9.94466270e-01  1.16183013e+02]
 [ 0.00000000e+00  0.00000000e+00  0.00000000e+00  1.00000000e+00]]
T_pred (Predicted Transformation):
[[-7.00138557e-01 -7.05316446e-01  1.11061748e-01  4.03254407e+00]
 [-6.63274439e-01  5.84889478e-01 -4.66873984e-01 -2.28500519e+01]
 [ 2.64335051e-01 -4.00540896e-01 -8.77322046e-01  1.17255137e+02]
 [ 0.00000000e+00  0.00000000e+00  0.00000000e+00  1.00000000e+00]]
T_pred_ICP (Predicted Transformation from ICP):
[[-7.02992448e-01 -7.02487300e-01  1.10964912e-01  4.02474653e+00]
 [-6.53192185e-01  5.76031740e-01 -4.91454376e-01 -2.29493654e+01]
 [ 2.81321146e-01 -4.17970128e-01 -8.63805178e-01  1.17322764e+02]
 [ 0.00000000e+00  0.00000000e+00  0.00000000e+00  1.00000000e+00]]
