Object ID: 6
Inlier ration of P_pred: 0.0
Num. of correspondences: 1
Avg. Euclidean Distance (ADD) [cm]: 60.96920766998759
Add Score thres: 0
Add Score thres (xyz direction): 0.0
Add-S Score: 0.3333333333333333
Avg. Euclidean Distance (ADD) ICP: 60.96920766998759
Add Score ICP thres: 60.96920766998759
Add Score ICP thres (xyz direction): 0.0
Add-S Score ICP: 0.3333333333333333
Error [cm]: 61.47715379790858
Error [deg]: 116.31147412058215
T_gt (Ground Truth Transformation):
[[-8.39537900e-02 -9.93135330e-01 -8.30926600e-02  1.19493819e+01]
 [-9.55668970e-01  1.03830690e-01 -2.75997530e-01 -4.49088219e+01]
 [ 2.82751800e-01  5.62065400e-02 -9.57682870e-01  1.17959208e+02]
 [ 0.00000000e+00  0.00000000e+00  0.00000000e+00  1.00000000e+00]]
T_pred (Predicted Transformation):
[[ 4.59674616e-01 -7.60202284e-01  4.59120611e-01  1.67268968e+01]
 [-6.75825722e-02  4.85534202e-01  8.71601477e-01  7.60245469e+00]
 [-8.85512193e-01 -4.31681626e-01  1.71811322e-01  8.63493738e+01]
 [ 0.00000000e+00  0.00000000e+00  0.00000000e+00  1.00000000e+00]]
T_pred_ICP (Predicted Transformation from ICP):
[[ 4.59674616e-01 -7.60202284e-01  4.59120611e-01  1.67268968e+01]
 [-6.75825722e-02  4.85534202e-01  8.71601477e-01  7.60245469e+00]
 [-8.85512193e-01 -4.31681626e-01  1.71811322e-01  8.63493738e+01]
 [ 0.00000000e+00  0.00000000e+00  0.00000000e+00  1.00000000e+00]]
