Object ID: 6
Inlier ration of P_pred: 0.5992063879966736
Num. of correspondences: 504
Avg. Euclidean Distance (ADD) [cm]: 1.0659124979668886
Add Score thres: 1
Add Score thres (xyz direction): 1.0
Add-S Score: 1.0
Avg. Euclidean Distance (ADD) ICP: 6.95053322716868e-05
Add Score ICP thres: 6.95053322716868e-05
Add Score ICP thres (xyz direction): 1.0
Add-S Score ICP: 1.0
Error [cm]: 2.2189837630813178e-05
Error [deg]: 0.0
T_gt (Ground Truth Transformation):
[[-6.44443000e-03 -9.99828030e-01  1.82906500e-02 -3.48637205e+00]
 [-9.65777620e-01  1.47770000e-03 -2.59409660e-01 -3.44253545e+01]
 [ 2.59334900e-01 -1.93442300e-02 -9.65605060e-01  8.77996759e+01]
 [ 0.00000000e+00  0.00000000e+00  0.00000000e+00  1.00000000e+00]]
T_pred (Predicted Transformation):
[[ 1.45094031e-02 -9.97687199e-01 -6.64058046e-02 -3.96007305e+00]
 [-9.99505311e-01 -1.26183804e-02 -2.88081572e-02 -3.41778274e+01]
 [ 2.79035959e-02  6.67909435e-02 -9.97376739e-01  8.83915742e+01]
 [ 0.00000000e+00  0.00000000e+00  0.00000000e+00  1.00000000e+00]]
T_pred_ICP (Predicted Transformation from ICP):
[[-6.44475596e-03 -9.99811883e-01  1.82938256e-02 -3.48636083e+00]
 [-9.65766923e-01  1.47886139e-03 -2.59407138e-01 -3.44253511e+01]
 [ 2.59331285e-01 -1.93393874e-02 -9.65594777e-01  8.77996947e+01]
 [ 0.00000000e+00  0.00000000e+00  0.00000000e+00  1.00000000e+00]]
