Object ID: 12
Inlier ration of P_pred: 0.0
Num. of correspondences: 219
Avg. Euclidean Distance (ADD) [cm]: 4.701213063996762
Add Score thres: 0
Add Score thres (xyz direction): 0.3333333333333333
Add-S Score: 1.0
Avg. Euclidean Distance (ADD) ICP: 4.54161482909244
Add Score ICP thres: 4.54161482909244
Add Score ICP thres (xyz direction): 0.3333333333333333
Add-S Score ICP: 1.0
Error [cm]: 4.565795658779438
Error [deg]: 39.491610179770454
T_gt (Ground Truth Transformation):
[[ 1.86859e-01  9.46169e-01 -2.64941e-01 -6.72164e+00]
 [ 3.99140e-01 -3.19525e-01 -8.59606e-01  1.21471e+01]
 [-8.97828e-01  5.48742e-02 -4.37307e-01  9.29804e+01]
 [ 0.00000e+00  0.00000e+00  0.00000e+00  1.00000e+00]]
T_pred (Predicted Transformation):
[[ 1.35143428e-01  9.76735261e-01 -1.66506705e-01 -5.38402528e+00]
 [ 8.90272171e-01 -1.93465137e-01 -4.12294437e-01  1.60833965e+01]
 [-4.34915757e-01 -9.25174021e-02 -8.95705763e-01  9.52156028e+01]
 [ 0.00000000e+00  0.00000000e+00  0.00000000e+00  1.00000000e+00]]
T_pred_ICP (Predicted Transformation from ICP):
[[ 1.66019509e-01  9.70253674e-01 -1.76196853e-01 -5.41973292e+00]
 [ 8.86831487e-01 -2.25037353e-01 -4.03593984e-01  1.59234795e+01]
 [-4.31239419e-01 -8.92524420e-02 -8.97812099e-01  9.51918442e+01]
 [ 0.00000000e+00  0.00000000e+00  0.00000000e+00  1.00000000e+00]]
