Object ID: 8
Inlier ration of P_pred: 0.00859598908573389
Num. of correspondences: 349
Avg. Euclidean Distance (ADD) [cm]: 19.64365286831475
Add Score thres: 0
Add Score thres (xyz direction): 0.0
Add-S Score: 0.3333333333333333
Avg. Euclidean Distance (ADD) ICP: 19.68112962458306
Add Score ICP thres: 19.68112962458306
Add Score ICP thres (xyz direction): 0.0
Add-S Score ICP: 0.3333333333333333
Error [cm]: 17.075278183263688
Error [deg]: 166.50957791979573
T_gt (Ground Truth Transformation):
[[ 9.02953400e-02  9.94694450e-01 -6.23846500e-02 -1.44962675e+01]
 [ 9.15125260e-01 -1.07570950e-01 -3.90333610e-01 -8.56626345e+00]
 [-3.94803380e-01 -2.18437500e-02 -9.19255580e-01  7.63978796e+01]
 [ 0.00000000e+00  0.00000000e+00  0.00000000e+00  1.00000000e+00]]
T_pred (Predicted Transformation):
[[-6.15032310e-01 -5.43769542e-02  7.86624691e-01 -2.38062041e+01]
 [-8.31964816e-02 -9.87575374e-01 -1.33316264e-01 -1.14131367e+01]
 [ 7.84100506e-01 -1.47438217e-01  6.02866793e-01  6.24737236e+01]
 [ 0.00000000e+00  0.00000000e+00  0.00000000e+00  1.00000000e+00]]
T_pred_ICP (Predicted Transformation from ICP):
[[ -0.63471665  -0.06760376   0.76978212 -23.64800587]
 [ -0.06615969  -0.98775393  -0.14129782 -11.42664437]
 [  0.76990757  -0.14061263   0.62247122  62.26886578]
 [  0.           0.           0.           1.        ]]
