Object ID: 6
Inlier ration of P_pred: 0.6000000238418579
Num. of correspondences: 10
Avg. Euclidean Distance (ADD) [cm]: 6.470119192788684
Add Score thres: 0
Add Score thres (xyz direction): 0.3333333333333333
Add-S Score: 1.0
Avg. Euclidean Distance (ADD) ICP: 6.496086428625198
Add Score ICP thres: 6.496086428625198
Add Score ICP thres (xyz direction): 0.3333333333333333
Add-S Score ICP: 1.0
Error [cm]: 1.4113356993401074
Error [deg]: 139.33482390724205
T_gt (Ground Truth Transformation):
[[-4.26714820e-01 -8.94777250e-01  1.32026830e-01 -1.51751601e+01]
 [-9.04385850e-01  4.24074800e-01 -4.88434300e-02 -3.11162138e+01]
 [-1.22825000e-02 -1.40228780e-01 -9.90095670e-01  1.05373585e+02]
 [ 0.00000000e+00  0.00000000e+00  0.00000000e+00  1.00000000e+00]]
T_pred (Predicted Transformation):
[[ -0.35984345   0.83121826  -0.42377929 -15.73663336]
 [  0.91118029   0.21539893  -0.35121757 -29.90394028]
 [ -0.20065685  -0.51252268  -0.83489959 105.97129835]
 [  0.           0.           0.           1.        ]]
T_pred_ICP (Predicted Transformation from ICP):
[[ -0.31578167   0.84451857  -0.43251627 -15.6625936 ]
 [  0.92982173   0.18464339  -0.31833689 -29.93519328]
 [ -0.18898014  -0.50268798  -0.84355871 105.97314131]
 [  0.           0.           0.           1.        ]]
