Object ID: 8
Inlier ration of P_pred: 0.0
Num. of correspondences: 56
Avg. Euclidean Distance (ADD) [cm]: 17.367657875481473
Add Score thres: 0
Add Score thres (xyz direction): 0.3333333333333333
Add-S Score: 0.6666666666666666
Avg. Euclidean Distance (ADD) ICP: 17.335830242022983
Add Score ICP thres: 17.335830242022983
Add Score ICP thres (xyz direction): 0.3333333333333333
Add-S Score ICP: 0.6666666666666666
Error [cm]: 17.454873839763163
Error [deg]: 124.37317798333888
T_gt (Ground Truth Transformation):
[[ 0.82043354  0.56404116  0.1011598  -7.15549962]
 [ 0.3436749  -0.34306948 -0.87491396 -9.46599145]
 [-0.4585333   0.75208232 -0.47494764 67.69100379]
 [ 0.          0.          0.          1.        ]]
T_pred (Predicted Transformation):
[[ 9.78641907e-01  4.78913612e-02  1.99916071e-01 -5.69503655e+00]
 [-7.94061709e-02  9.85072246e-01  1.52732873e-01 -1.56299237e+01]
 [-1.89617187e-01 -1.65345360e-01  9.67835851e-01  5.13956541e+01]
 [ 0.00000000e+00  0.00000000e+00  0.00000000e+00  1.00000000e+00]]
T_pred_ICP (Predicted Transformation from ICP):
[[ 9.76511548e-01  5.02476181e-02  2.09524161e-01 -5.69108335e+00]
 [-8.17635838e-02  9.86108872e-01  1.44582188e-01 -1.55794377e+01]
 [-1.99348723e-01 -1.58317623e-01  9.67055126e-01  5.14074575e+01]
 [ 0.00000000e+00  0.00000000e+00  0.00000000e+00  1.00000000e+00]]
