Object ID: 5
Inlier ration of P_pred: 0.9334297776222229
Num. of correspondences: 691
Avg. Euclidean Distance (ADD) [cm]: 1.5252471210264569
Add Score thres: 1
Add Score thres (xyz direction): 1.0
Add-S Score: 1.0
Avg. Euclidean Distance (ADD) ICP: 1.3764938667663205
Add Score ICP thres: 1.3764938667663205
Add Score ICP thres (xyz direction): 1.0
Add-S Score ICP: 1.0
Error [cm]: 0.3795821305489702
Error [deg]: 14.715516712070562
T_gt (Ground Truth Transformation):
[[  0.825915     0.54885728   0.12904906 -10.93675407]
 [  0.41810283  -0.44264314  -0.79328268  -7.09692161]
 [ -0.37826703   0.70912309  -0.59505164  83.06628324]
 [  0.           0.           0.           1.        ]]
T_pred (Predicted Transformation):
[[ 6.59368387e-01  7.49431784e-01  5.98776385e-02 -1.09057091e+01]
 [ 4.56675030e-01 -3.35978255e-01 -8.23751497e-01 -7.28099168e+00]
 [-5.97227970e-01  5.70500318e-01 -5.63780222e-01  8.25693444e+01]
 [ 0.00000000e+00  0.00000000e+00  0.00000000e+00  1.00000000e+00]]
T_pred_ICP (Predicted Transformation from ICP):
[[ 6.76621900e-01  7.33047038e-01  6.94610939e-02 -1.09059217e+01]
 [ 4.48026227e-01 -3.34997815e-01 -8.28884168e-01 -7.24768365e+00]
 [-5.84341770e-01  5.91961573e-01 -5.55091157e-01  8.27192922e+01]
 [ 0.00000000e+00  0.00000000e+00  0.00000000e+00  1.00000000e+00]]
