Object ID: 6
Inlier ration of P_pred: 0.09267059713602066
Num. of correspondences: 1187
Avg. Euclidean Distance (ADD) [cm]: 3.894170743231181
Add Score thres: 0
Add Score thres (xyz direction): 0.6666666666666666
Add-S Score: 1.0
Avg. Euclidean Distance (ADD) ICP: 3.8860529419541594
Add Score ICP thres: 3.8860529419541594
Add Score ICP thres (xyz direction): 0.6666666666666666
Add-S Score ICP: 1.0
Error [cm]: 2.7561008086958694
Error [deg]: 31.844480535902864
T_gt (Ground Truth Transformation):
[[ -0.39312393  -0.91072565   0.12691565  -6.97754908]
 [ -0.73332667   0.22724994  -0.64081903 -27.78655476]
 [  0.55476131  -0.3449682   -0.75716601  98.633234  ]
 [  0.           0.           0.           1.        ]]
T_pred (Predicted Transformation):
[[ -0.66428298  -0.59521736   0.4521553   -9.27592154]
 [ -0.73561212   0.41319834  -0.53678854 -26.44898249]
 [  0.13267604  -0.68919041  -0.71232973  97.91057579]
 [  0.           0.           0.           1.        ]]
T_pred_ICP (Predicted Transformation from ICP):
[[ -0.66745396  -0.59294212   0.45047182  -9.27397977]
 [ -0.72713273   0.38852339  -0.56597488 -26.51341885]
 [  0.16057151  -0.70531498  -0.6904691   97.79560476]
 [  0.           0.           0.           1.        ]]
