Object ID: 8
Inlier ration of P_pred: 0.5797752737998962
Num. of correspondences: 445
Avg. Euclidean Distance (ADD) [cm]: 20.81128047207585
Add Score thres: 0
Add Score thres (xyz direction): 0.0
Add-S Score: 0.6666666666666666
Avg. Euclidean Distance (ADD) ICP: 20.84976129712822
Add Score ICP thres: 20.84976129712822
Add Score ICP thres (xyz direction): 0.0
Add-S Score ICP: 0.6666666666666666
Error [cm]: 18.340316609133176
Error [deg]: 165.91728088572344
T_gt (Ground Truth Transformation):
[[-4.60683330e-01  8.86590470e-01 -4.19063300e-02  1.13719498e+01]
 [ 8.29830000e-01  4.13475740e-01 -3.74764850e-01 -2.73515534e+00]
 [-3.14932890e-01 -2.07418790e-01 -9.26185050e-01  9.70285254e+01]
 [ 0.00000000e+00  0.00000000e+00  0.00000000e+00  1.00000000e+00]]
T_pred (Predicted Transformation):
[[ 1.74528090e-01  9.64729526e-01 -1.97070768e-01  1.49326911e+01]
 [-8.09900696e-01  2.54476052e-01  5.28491060e-01 -1.31624332e+01]
 [ 5.60000721e-01  6.73712169e-02  8.25748334e-01  8.24343337e+01]
 [ 0.00000000e+00  0.00000000e+00  0.00000000e+00  1.00000000e+00]]
T_pred_ICP (Predicted Transformation from ICP):
[[ 1.80811946e-01  9.62188448e-01 -2.03716547e-01  1.50182990e+01]
 [-8.12731864e-01  2.62820385e-01  5.19992657e-01 -1.31368270e+01]
 [ 5.53871788e-01  7.15460447e-02  8.29522275e-01  8.23698564e+01]
 [ 0.00000000e+00  0.00000000e+00  0.00000000e+00  1.00000000e+00]]
