Object ID: 11
Inlier ration of P_pred: 0.19372694194316864
Num. of correspondences: 1084
Avg. Euclidean Distance (ADD) [cm]: 3.6486796663773813
Add Score thres: 0
Add Score thres (xyz direction): 0.6666666666666666
Add-S Score: 1.0
Avg. Euclidean Distance (ADD) ICP: 3.5910805429412824
Add Score ICP thres: 3.5910805429412824
Add Score ICP thres (xyz direction): 0.6666666666666666
Add-S Score ICP: 1.0
Error [cm]: 1.3629405558470131
Error [deg]: 80.67409057252183
T_gt (Ground Truth Transformation):
[[ 9.83630570e-01  1.80428100e-01 -2.54553000e-03 -3.27019883e+01]
 [ 1.14642160e-01 -6.35775600e-01 -7.63361200e-01 -3.78492006e-01]
 [-1.39336190e-01  7.50536100e-01 -6.46024570e-01  8.53341179e+01]
 [ 0.00000000e+00  0.00000000e+00  0.00000000e+00  1.00000000e+00]]
T_pred (Predicted Transformation):
[[ 3.16484858e-01 -9.07079477e-01 -2.77568292e-01 -3.28836480e+01]
 [-6.53770901e-01  3.44301970e-03 -7.56684713e-01 -1.58593460e+00]
 [ 6.87328847e-01  4.20945327e-01 -5.91932503e-01  8.48714167e+01]
 [ 0.00000000e+00  0.00000000e+00  0.00000000e+00  1.00000000e+00]]
T_pred_ICP (Predicted Transformation from ICP):
[[ 3.46725925e-01 -8.98588069e-01 -2.68924926e-01 -3.31272375e+01]
 [-6.65699101e-01 -3.37679488e-02 -7.45455855e-01 -1.56937291e+00]
 [ 6.60776694e-01  4.37491952e-01 -6.09897493e-01  8.48256174e+01]
 [ 0.00000000e+00  0.00000000e+00  0.00000000e+00  1.00000000e+00]]
