Object ID: 5
Inlier ration of P_pred: 0.4756380319595337
Num. of correspondences: 431
Avg. Euclidean Distance (ADD) [cm]: 6.0851646685936585
Add Score thres: 0
Add Score thres (xyz direction): 0.3333333333333333
Add-S Score: 1.0
Avg. Euclidean Distance (ADD) ICP: 6.128187032362536
Add Score ICP thres: 6.128187032362536
Add Score ICP thres (xyz direction): 0.3333333333333333
Add-S Score ICP: 1.0
Error [cm]: 2.118314369671742
Error [deg]: 58.09467355589557
T_gt (Ground Truth Transformation):
[[ 9.39924110e-01 -3.28936700e-01  9.26907300e-02  2.81835149e+01]
 [-1.84778580e-01 -7.17329200e-01 -6.71932710e-01 -1.36280322e+00]
 [ 2.87477530e-01  6.14389780e-01 -7.34917740e-01  9.48856243e+01]
 [ 0.00000000e+00  0.00000000e+00  0.00000000e+00  1.00000000e+00]]
T_pred (Predicted Transformation):
[[ 7.20481378e-01  2.70931375e-01 -6.38359439e-01  2.95318034e+01]
 [-2.88975943e-01 -7.19497384e-01 -6.31519136e-01 -3.58236636e-02]
 [-6.30396294e-01  6.39468298e-01 -4.40091817e-01  9.41585760e+01]
 [ 0.00000000e+00  0.00000000e+00  0.00000000e+00  1.00000000e+00]]
T_pred_ICP (Predicted Transformation from ICP):
[[ 7.19339809e-01  2.68244506e-01 -6.40776969e-01  2.95454599e+01]
 [-2.93550901e-01 -7.18641689e-01 -6.30382417e-01  2.80323923e-02]
 [-6.29585663e-01  6.41559824e-01 -4.38204159e-01  9.40501975e+01]
 [ 0.00000000e+00  0.00000000e+00  0.00000000e+00  1.00000000e+00]]
