Object ID: 5
Inlier ration of P_pred: 0.8266667127609253
Num. of correspondences: 150
Avg. Euclidean Distance (ADD) [cm]: 3.5102732390051288
Add Score thres: 0
Add Score thres (xyz direction): 0.6666666666666666
Add-S Score: 1.0
Avg. Euclidean Distance (ADD) ICP: 3.4849423266394104
Add Score ICP thres: 3.4849423266394104
Add Score ICP thres (xyz direction): 0.6666666666666666
Add-S Score ICP: 1.0
Error [cm]: 1.9511372584954592
Error [deg]: 25.252261456817916
T_gt (Ground Truth Transformation):
[[ 7.96856190e-01  5.98427810e-01 -8.32803500e-02 -3.54305495e+01]
 [ 2.16173680e-01 -4.11098380e-01 -8.85609530e-01 -4.69749755e+00]
 [-5.64199880e-01  6.87684190e-01 -4.56943290e-01  1.06139979e+02]
 [ 0.00000000e+00  0.00000000e+00  0.00000000e+00  1.00000000e+00]]
T_pred (Predicted Transformation):
[[ 7.20062251e-01  6.92080397e-01  5.03495687e-02 -3.55639705e+01]
 [ 8.28950316e-02 -1.37528552e-02 -9.96463383e-01 -2.76482769e+00]
 [-6.88940323e-01  7.21689395e-01 -6.72729382e-02  1.06421075e+02]
 [ 0.00000000e+00  0.00000000e+00  0.00000000e+00  1.00000000e+00]]
T_pred_ICP (Predicted Transformation from ICP):
[[ 7.24837231e-01  6.86926166e-01  5.23777737e-02 -3.55782753e+01]
 [ 8.64158087e-02 -1.52296663e-02 -9.96142743e-01 -2.79131082e+00]
 [-6.83478820e-01  7.26567615e-01 -7.04003093e-02  1.06529294e+02]
 [ 0.00000000e+00  0.00000000e+00  0.00000000e+00  1.00000000e+00]]
