Object ID: 5
Inlier ration of P_pred: 1.0
Num. of correspondences: 371
Avg. Euclidean Distance (ADD) [cm]: 14.07618118643755
Add Score thres: 0
Add Score thres (xyz direction): 0.3333333333333333
Add-S Score: 1.0
Avg. Euclidean Distance (ADD) ICP: 14.059352350835637
Add Score ICP thres: 14.059352350835637
Add Score ICP thres (xyz direction): 0.3333333333333333
Add-S Score ICP: 1.0
Error [cm]: 4.726622332830654
Error [deg]: 174.76349570183788
T_gt (Ground Truth Transformation):
[[  0.90401793   0.41694279   0.09456779  -3.00601244]
 [  0.37859706  -0.67795953  -0.63013867 -11.09301194]
 [ -0.19861192   0.60544396  -0.77072657  89.2177328 ]
 [  0.           0.           0.           1.        ]]
T_pred (Predicted Transformation):
[[ 9.42738298e-01  3.33481676e-01  5.87134528e-03 -2.32038653e+00]
 [-2.74446551e-01  7.65604699e-01  5.81832051e-01 -1.46166754e+01]
 [ 1.89535198e-01 -5.50126728e-01  8.13287767e-01  8.60567930e+01]
 [ 0.00000000e+00  0.00000000e+00  0.00000000e+00  1.00000000e+00]]
T_pred_ICP (Predicted Transformation from ICP):
[[ 9.44320456e-01  3.28921588e-01  8.33464287e-03 -2.34605753e+00]
 [-2.76159076e-01  7.78561717e-01  5.63540431e-01 -1.44964668e+01]
 [ 1.78871579e-01 -5.34464444e-01  8.26046437e-01  8.60049593e+01]
 [ 0.00000000e+00  0.00000000e+00  0.00000000e+00  1.00000000e+00]]
