Object ID: 8
Inlier ration of P_pred: 1.0
Num. of correspondences: 8
Avg. Euclidean Distance (ADD) [cm]: 14.916080646875825
Add Score thres: 0
Add Score thres (xyz direction): 0.0
Add-S Score: 1.0
Avg. Euclidean Distance (ADD) ICP: 14.889543900424604
Add Score ICP thres: 14.889543900424604
Add Score ICP thres (xyz direction): 0.0
Add-S Score ICP: 1.0
Error [cm]: 4.782387884925719
Error [deg]: 122.86432426627684
T_gt (Ground Truth Transformation):
[[ 9.40591100e-02  7.66847370e-01 -6.35119760e-01 -1.54491308e+00]
 [ 4.31102610e-01 -6.06410070e-01 -6.68345200e-01  6.06856017e-01]
 [-8.97561430e-01 -2.10898960e-01 -3.87550700e-01  1.02669413e+02]
 [ 0.00000000e+00  0.00000000e+00  0.00000000e+00  1.00000000e+00]]
T_pred (Predicted Transformation):
[[ 7.71988152e-01  1.58575704e-01  6.15538820e-01  1.69396589e+00]
 [-4.96854271e-02 -9.50364023e-01  3.07147492e-01  4.12467658e+00]
 [ 6.33692080e-01 -2.67697534e-01 -7.25790864e-01  1.02782137e+02]
 [ 0.00000000e+00  0.00000000e+00  0.00000000e+00  1.00000000e+00]]
T_pred_ICP (Predicted Transformation from ICP):
[[  0.82096373   0.1093354    0.56041442   1.60385188]
 [ -0.13875708  -0.91386924   0.3815619    4.20304298]
 [  0.55386372  -0.39100995  -0.73508244 102.82417881]
 [  0.           0.           0.           1.        ]]
