Object ID: 11
Inlier ration of P_pred: 0.2562553882598877
Num. of correspondences: 2318
Avg. Euclidean Distance (ADD) [cm]: 6.66285722029325
Add Score thres: 0
Add Score thres (xyz direction): 0.0
Add-S Score: 1.0
Avg. Euclidean Distance (ADD) ICP: 6.309571681773014
Add Score ICP thres: 6.309571681773014
Add Score ICP thres (xyz direction): 0.0
Add-S Score ICP: 1.0
Error [cm]: 5.12828024590797
Error [deg]: 106.165757891572
T_gt (Ground Truth Transformation):
[[ 9.72276600e-01  2.30478510e-01  4.05971300e-02 -3.61803206e+01]
 [ 2.03987730e-01 -7.49619920e-01 -6.29706640e-01  1.57043876e+01]
 [-1.14689990e-01  6.20498440e-01 -7.75819640e-01  8.27265464e+01]
 [ 0.00000000e+00  0.00000000e+00  0.00000000e+00  1.00000000e+00]]
T_pred (Predicted Transformation):
[[ -0.51383741   0.82538397  -0.23390685 -33.05868873]
 [  0.55071261   0.10829644  -0.82763972  19.18930688]
 [ -0.65778928  -0.5540877   -0.51019612  80.1435688 ]
 [  0.           0.           0.           1.        ]]
T_pred_ICP (Predicted Transformation from ICP):
[[ -0.48103642   0.85805526  -0.17984754 -33.19933062]
 [  0.57922929   0.15706704  -0.7998896   19.18732401]
 [ -0.65810136  -0.48894899  -0.5725657   80.42826193]
 [  0.           0.           0.           1.        ]]
