Object ID: 12
Inlier ration of P_pred: 0.8991597294807434
Num. of correspondences: 119
Avg. Euclidean Distance (ADD) [cm]: 8.213344567578906
Add Score thres: 0
Add Score thres (xyz direction): 0.0
Add-S Score: 1.0
Avg. Euclidean Distance (ADD) ICP: 8.219726660592217
Add Score ICP thres: 8.219726660592217
Add Score ICP thres (xyz direction): 0.0
Add-S Score ICP: 1.0
Error [cm]: 3.695903348947288
Error [deg]: 146.13489529152486
T_gt (Ground Truth Transformation):
[[ 9.73060e-01 -2.31505e-01 -3.65701e-02  1.44767e+01]
 [-2.18120e-01 -8.37455e-01 -5.02813e-01 -1.06359e+01]
 [ 8.56759e-02  4.96766e-01 -8.64575e-01  1.08145e+02]
 [ 0.00000e+00  0.00000e+00  0.00000e+00  1.00000e+00]]
T_pred (Predicted Transformation):
[[ 3.31581368e-01 -2.00736302e-01  9.21823592e-01  1.23559205e+01]
 [-7.24497206e-01  5.71672437e-01  3.85090150e-01 -1.28622982e+01]
 [-6.04282712e-01 -7.95547335e-01  4.41230389e-02  1.06114235e+02]
 [ 0.00000000e+00  0.00000000e+00  0.00000000e+00  1.00000000e+00]]
T_pred_ICP (Predicted Transformation from ICP):
[[ 3.39695429e-01 -2.04793885e-01  9.17968671e-01  1.23083400e+01]
 [-7.20928187e-01  5.70129522e-01  3.93973194e-01 -1.28339179e+01]
 [-6.04044340e-01 -7.95620383e-01  4.60287084e-02  1.06113588e+02]
 [ 0.00000000e+00  0.00000000e+00  0.00000000e+00  1.00000000e+00]]
