Object ID: 12
Inlier ration of P_pred: 0.40466102957725525
Num. of correspondences: 944
Avg. Euclidean Distance (ADD) [cm]: 9.452369044213947
Add Score thres: 0
Add Score thres (xyz direction): 0.0
Add-S Score: 1.0
Avg. Euclidean Distance (ADD) ICP: 9.420973162303452
Add Score ICP thres: 9.420973162303452
Add Score ICP thres (xyz direction): 0.0
Add-S Score ICP: 1.0
Error [cm]: 5.659972107829847
Error [deg]: 136.86697774597815
T_gt (Ground Truth Transformation):
[[ 7.81061e-01  6.24931e-01  1.44615e-02 -2.65060e+00]
 [ 2.45727e-01 -2.85685e-01 -9.26715e-01  1.88208e+01]
 [-5.74798e-01  7.27078e-01 -3.76521e-01  1.00678e+02]
 [ 0.00000e+00  0.00000e+00  0.00000e+00  1.00000e+00]]
T_pred (Predicted Transformation):
[[-9.73993016e-02 -9.94906882e-01  2.59551773e-02  6.52126169e-01]
 [-8.10909895e-01  6.42126020e-02 -5.81637244e-01  2.23261660e+01]
 [ 5.77008248e-01 -7.76983714e-02 -8.13034098e-01  9.76040478e+01]
 [ 0.00000000e+00  0.00000000e+00  0.00000000e+00  1.00000000e+00]]
T_pred_ICP (Predicted Transformation from ICP):
[[-9.17372950e-02 -9.94663270e-01  4.72149063e-02  5.63139771e-01]
 [-8.14250394e-01  4.76348687e-02 -5.78556147e-01  2.23887504e+01]
 [ 5.73219474e-01 -9.15199320e-02 -8.14274853e-01  9.76818540e+01]
 [ 0.00000000e+00  0.00000000e+00  0.00000000e+00  1.00000000e+00]]
