Object ID: 12
Inlier ration of P_pred: 0.32072368264198303
Num. of correspondences: 608
Avg. Euclidean Distance (ADD) [cm]: 7.975243296323169
Add Score thres: 0
Add Score thres (xyz direction): 0.0
Add-S Score: 1.0
Avg. Euclidean Distance (ADD) ICP: 7.941905699505528
Add Score ICP thres: 7.941905699505528
Add Score ICP thres (xyz direction): 0.0
Add-S Score ICP: 1.0
Error [cm]: 2.436469740622779
Error [deg]: 156.92455844880325
T_gt (Ground Truth Transformation):
[[ 7.62893e-01  6.44135e-01  5.98750e-02 -1.84288e+01]
 [ 6.12841e-01 -6.89988e-01 -3.85775e-01  5.85468e+00]
 [-2.07119e-01  3.30892e-01 -9.20897e-01  7.98009e+01]
 [ 0.00000e+00  0.00000e+00  0.00000e+00  1.00000e+00]]
T_pred (Predicted Transformation):
[[ 1.69920650e-01 -5.79617941e-01  7.96975543e-01 -1.97976693e+01]
 [ 1.99845613e-01  8.12199680e-01  5.48081573e-01  4.13236980e+00]
 [-9.64981193e-01  6.61416885e-02  2.53843601e-01  7.86351297e+01]
 [ 0.00000000e+00  0.00000000e+00  0.00000000e+00  1.00000000e+00]]
T_pred_ICP (Predicted Transformation from ICP):
[[  0.16502742  -0.56642262   0.80742267 -19.77334045]
 [  0.2113363    0.81994067   0.53200965   4.21077243]
 [ -0.96338098   0.08284154   0.25501835  78.60667905]
 [  0.           0.           0.           1.        ]]
