Object ID: 11
Inlier ration of P_pred: 0.057660624384880066
Num. of correspondences: 607
Avg. Euclidean Distance (ADD) [cm]: 6.475119677894409
Add Score thres: 0
Add Score thres (xyz direction): 0.0
Add-S Score: 1.0
Avg. Euclidean Distance (ADD) ICP: 6.9035973047863735
Add Score ICP thres: 6.9035973047863735
Add Score ICP thres (xyz direction): 0.0
Add-S Score ICP: 1.0
Error [cm]: 5.1560635873153995
Error [deg]: 54.72070484139044
T_gt (Ground Truth Transformation):
[[ -0.54237678   0.8196709   -0.18502627  31.61006771]
 [  0.55557583   0.18458184  -0.81083599 -18.1545249 ]
 [ -0.63040167  -0.54256049  -0.55539871 104.96441326]
 [  0.           0.           0.           1.        ]]
T_pred (Predicted Transformation):
[[-8.56401314e-01  4.67189403e-01  2.19797298e-01  3.08369932e+01]
 [-1.83015377e-01  1.23380109e-01 -9.75337234e-01 -1.58320839e+01]
 [-4.82785835e-01 -8.75506374e-01 -2.01600429e-02  1.00675599e+02]
 [ 0.00000000e+00  0.00000000e+00  0.00000000e+00  1.00000000e+00]]
T_pred_ICP (Predicted Transformation from ICP):
[[-8.72076544e-01  4.29593164e-01  2.34376224e-01  3.06913787e+01]
 [-2.43295088e-01  3.49498030e-02 -9.69322450e-01 -1.60442704e+01]
 [-4.24605701e-01 -9.02345956e-01  7.40390033e-02  1.00350540e+02]
 [ 0.00000000e+00  0.00000000e+00  0.00000000e+00  1.00000000e+00]]
