Object ID: 8
Inlier ration of P_pred: 0.012519561685621738
Num. of correspondences: 639
Avg. Euclidean Distance (ADD) [cm]: 8.742671187495365
Add Score thres: 0
Add Score thres (xyz direction): 0.3333333333333333
Add-S Score: 1.0
Avg. Euclidean Distance (ADD) ICP: 8.703095945864389
Add Score ICP thres: 8.703095945864389
Add Score ICP thres (xyz direction): 0.3333333333333333
Add-S Score ICP: 1.0
Error [cm]: 3.748577741842536
Error [deg]: 72.7122035506231
T_gt (Ground Truth Transformation):
[[ 2.97745190e-01  9.51814370e-01 -8.28003800e-02 -1.62957486e+01]
 [ 9.40324440e-01 -3.07300780e-01 -1.51010930e-01 -9.45106528e+00]
 [-1.69157770e-01 -3.28900200e-02 -9.85709670e-01  6.47589739e+01]
 [ 0.00000000e+00  0.00000000e+00  0.00000000e+00  1.00000000e+00]]
T_pred (Predicted Transformation):
[[ -0.31844478   0.33040876  -0.88849478 -13.60410274]
 [  0.91739371  -0.12860752  -0.37662831 -11.31684695]
 [ -0.2387084   -0.93503484  -0.26216052  62.92449033]
 [  0.           0.           0.           1.        ]]
T_pred_ICP (Predicted Transformation from ICP):
[[ -0.31266404   0.33564899  -0.88858368 -13.57337834]
 [  0.91647563  -0.13924722  -0.37507684 -11.26508793]
 [ -0.24962697  -0.93163832  -0.26407652  62.92871243]
 [  0.           0.           0.           1.        ]]
