Object ID: 12
Inlier ration of P_pred: 1.0
Num. of correspondences: 22
Avg. Euclidean Distance (ADD) [cm]: 3.78831379682054
Add Score thres: 0
Add Score thres (xyz direction): 0.3333333333333333
Add-S Score: 1.0
Avg. Euclidean Distance (ADD) ICP: 3.7238106902057826
Add Score ICP thres: 3.7238106902057826
Add Score ICP thres (xyz direction): 0.3333333333333333
Add-S Score ICP: 1.0
Error [cm]: 1.9795732325610174
Error [deg]: 39.212738388037124
T_gt (Ground Truth Transformation):
[[ 8.00759e-01 -5.99000e-01  3.24330e-02  1.46887e+01]
 [-3.69018e-01 -5.34564e-01 -7.60985e-01 -4.55173e+00]
 [ 4.72961e-01  5.97029e-01 -6.48701e-01  8.25027e+01]
 [ 0.00000e+00  0.00000e+00  0.00000e+00  1.00000e+00]]
T_pred (Predicted Transformation):
[[ 9.70196478e-01 -2.36582369e-01  5.24173391e-02  1.40663256e+01]
 [-2.13170146e-01 -9.36142100e-01 -2.79636296e-01 -5.93863492e+00]
 [ 1.15227095e-01  2.60128338e-01 -9.58674066e-01  8.38801395e+01]
 [ 0.00000000e+00  0.00000000e+00  0.00000000e+00  1.00000000e+00]]
T_pred_ICP (Predicted Transformation from ICP):
[[ 9.68872784e-01 -2.44979753e-01  3.56433443e-02  1.40662005e+01]
 [-2.25331311e-01 -9.32319007e-01 -2.82855208e-01 -5.90870436e+00]
 [ 1.02524767e-01  2.66019152e-01 -9.58500122e-01  8.38026327e+01]
 [ 0.00000000e+00  0.00000000e+00  0.00000000e+00  1.00000000e+00]]
