Object ID: 6
Inlier ration of P_pred: 0.5639097690582275
Num. of correspondences: 133
Avg. Euclidean Distance (ADD) [cm]: 6.164911180267417
Add Score thres: 0
Add Score thres (xyz direction): 0.0
Add-S Score: 1.0
Avg. Euclidean Distance (ADD) ICP: 6.149382882540781
Add Score ICP thres: 6.149382882540781
Add Score ICP thres (xyz direction): 0.0
Add-S Score ICP: 1.0
Error [cm]: 2.4141576031590084
Error [deg]: 97.63275427896986
T_gt (Ground Truth Transformation):
[[-1.96758240e-01 -9.80487550e-01 -6.06780000e-04  2.60263650e+00]
 [-4.05265150e-01  8.19005700e-02 -9.10552600e-01 -4.02941835e+00]
 [ 8.92816560e-01 -1.78897210e-01 -4.13461100e-01  1.32540223e+02]
 [ 0.00000000e+00  0.00000000e+00  0.00000000e+00  1.00000000e+00]]
T_pred (Predicted Transformation):
[[-9.56883249e-01  2.77979364e-01 -8.42729003e-02  5.00188289e-01]
 [ 2.77803168e-01  7.91035715e-01 -5.45057701e-01 -5.13185312e+00]
 [-8.48519190e-02 -5.44967862e-01 -8.34152373e-01  1.32825865e+02]
 [ 0.00000000e+00  0.00000000e+00  0.00000000e+00  1.00000000e+00]]
T_pred_ICP (Predicted Transformation from ICP):
[[-9.53988789e-01  2.82308204e-01 -1.01032015e-01  5.19249596e-01]
 [ 2.89606872e-01  7.80253921e-01 -5.54375034e-01 -5.20408301e+00]
 [-7.76739944e-02 -5.58127133e-01 -8.26111889e-01  1.32868581e+02]
 [ 0.00000000e+00  0.00000000e+00  0.00000000e+00  1.00000000e+00]]
