Object ID: 6
Inlier ration of P_pred: 0.8561643958091736
Num. of correspondences: 292
Avg. Euclidean Distance (ADD) [cm]: 2.6758572978191677
Add Score thres: 0
Add Score thres (xyz direction): 0.6666666666666666
Add-S Score: 1.0
Avg. Euclidean Distance (ADD) ICP: 2.3940494556874046
Add Score ICP thres: 2.3940494556874046
Add Score ICP thres (xyz direction): 0.6666666666666666
Add-S Score ICP: 1.0
Error [cm]: 1.5264325662919
Error [deg]: 23.413231491157845
T_gt (Ground Truth Transformation):
[[ 2.01759140e-01 -9.68973820e-01 -1.42989120e-01  2.70645573e+01]
 [-9.77871580e-01 -1.90927850e-01 -8.59547200e-02 -3.48899561e+01]
 [ 5.59971800e-02  1.57175510e-01 -9.86013400e-01  9.36202123e+01]
 [ 0.00000000e+00  0.00000000e+00  0.00000000e+00  1.00000000e+00]]
T_pred (Predicted Transformation):
[[ 4.03279472e-01 -9.11116286e-01 -8.50457514e-02  2.60811375e+01]
 [-8.85107345e-01 -3.64793026e-01 -2.88982761e-01 -3.29729348e+01]
 [ 2.32272803e-01  1.91815435e-01 -9.53549256e-01  9.31460939e+01]
 [ 0.00000000e+00  0.00000000e+00  0.00000000e+00  1.00000000e+00]]
T_pred_ICP (Predicted Transformation from ICP):
[[ 2.72922417e-01 -9.61160959e-01 -4.10239465e-02  2.66091660e+01]
 [-8.57095288e-01 -2.23563490e-01 -4.64119633e-01 -3.35246069e+01]
 [ 4.36922215e-01  1.61830083e-01 -8.84822017e-01  9.31118454e+01]
 [ 0.00000000e+00  0.00000000e+00  0.00000000e+00  1.00000000e+00]]
