Object ID: 11
Inlier ration of P_pred: 0.20948617160320282
Num. of correspondences: 253
Avg. Euclidean Distance (ADD) [cm]: 8.101875760698599
Add Score thres: 0
Add Score thres (xyz direction): 0.0
Add-S Score: 1.0
Avg. Euclidean Distance (ADD) ICP: 6.2676437275696575
Add Score ICP thres: 6.2676437275696575
Add Score ICP thres (xyz direction): 0.0
Add-S Score ICP: 0.6666666666666666
Error [cm]: 4.347830431024902
Error [deg]: 85.36695646755788
T_gt (Ground Truth Transformation):
[[ 1.33266650e-01  9.83683890e-01 -1.22091200e-01  1.55672844e+01]
 [ 9.51936940e-01 -1.61342580e-01 -2.60814400e-01 -1.38847813e+01]
 [-2.76225350e-01 -8.14739000e-02 -9.57720350e-01  8.97172284e+01]
 [ 0.00000000e+00  0.00000000e+00  0.00000000e+00  1.00000000e+00]]
T_pred (Predicted Transformation):
[[ 0.45594217 -0.19022403 -0.86944324 17.5276572 ]
 [-0.88417059 -0.2085258  -0.41804229 -9.85101986]
 [-0.10177966  0.95933926 -0.2632662  87.42405641]
 [ 0.          0.          0.          1.        ]]
T_pred_ICP (Predicted Transformation from ICP):
[[ 0.64729449  0.22112598 -0.72946086 16.31723577]
 [-0.17789631 -0.88674266 -0.42666188 -9.60244502]
 [-0.74119009  0.40594428 -0.53464614 89.77012561]
 [ 0.          0.          0.          1.        ]]
