Object ID: 11
Inlier ration of P_pred: 0.0
Num. of correspondences: 68
Avg. Euclidean Distance (ADD) [cm]: 5.071676244988667
Add Score thres: 0
Add Score thres (xyz direction): 0.0
Add-S Score: 1.0
Avg. Euclidean Distance (ADD) ICP: 5.063745999056456
Add Score ICP thres: 5.063745999056456
Add Score ICP thres (xyz direction): 0.0
Add-S Score ICP: 1.0
Error [cm]: 2.1475638104925077
Error [deg]: 120.4265507255184
T_gt (Ground Truth Transformation):
[[ 5.80166390e-01  8.12489360e-01  5.96782300e-02  7.19859106e+00]
 [ 6.31046760e-01 -4.01879310e-01 -6.63695410e-01 -3.03413567e+00]
 [-5.15199610e-01  4.22679600e-01 -7.45724460e-01  1.07470137e+02]
 [ 0.00000000e+00  0.00000000e+00  0.00000000e+00  1.00000000e+00]]
T_pred (Predicted Transformation):
[[ -0.85486487   0.13686291   0.50047437   5.85629943]
 [ -0.25533901   0.72872071  -0.63542751  -1.45252174]
 [ -0.45167249  -0.67099529  -0.58801129 106.98245223]
 [  0.           0.           0.           1.        ]]
T_pred_ICP (Predicted Transformation from ICP):
[[ -0.86141006   0.13227856   0.4903826    5.85913136]
 [ -0.25790978   0.71783578  -0.64667948  -1.42378717]
 [ -0.437556    -0.68353067  -0.58423502 106.99615796]
 [  0.           0.           0.           1.        ]]
