Object ID: 11
Inlier ration of P_pred: 0.32608696818351746
Num. of correspondences: 46
Avg. Euclidean Distance (ADD) [cm]: 6.603538605201793
Add Score thres: 0
Add Score thres (xyz direction): 0.3333333333333333
Add-S Score: 0.6666666666666666
Avg. Euclidean Distance (ADD) ICP: 6.814552691746694
Add Score ICP thres: 6.814552691746694
Add Score ICP thres (xyz direction): 0.3333333333333333
Add-S Score ICP: 0.6666666666666666
Error [cm]: 2.9651881915760585
Error [deg]: 72.51798553697928
T_gt (Ground Truth Transformation):
[[ 9.57364590e-01  2.82573770e-01  6.21104000e-02 -9.47331502e+00]
 [ 2.60711570e-01 -7.49575310e-01 -6.08620310e-01 -1.46766818e+01]
 [-1.25401780e-01  5.98826290e-01 -7.91126390e-01  8.81941257e+01]
 [ 0.00000000e+00  0.00000000e+00  0.00000000e+00  1.00000000e+00]]
T_pred (Predicted Transformation):
[[ 4.23324523e-01 -4.85687486e-02  9.04675315e-01 -1.17270158e+01]
 [ 8.75344866e-01 -2.35542408e-01 -4.22245354e-01 -1.33402340e+01]
 [ 2.33597331e-01  9.70649705e-01 -5.71964729e-02  8.69039861e+01]
 [ 0.00000000e+00  0.00000000e+00  0.00000000e+00  1.00000000e+00]]
T_pred_ICP (Predicted Transformation from ICP):
[[ 3.80101903e-01 -5.96902692e-02  9.23016584e-01 -1.18575866e+01]
 [ 9.01200342e-01 -2.00759915e-01 -3.84100767e-01 -1.34851246e+01]
 [ 2.08231809e-01  9.77820295e-01 -2.25163345e-02  8.68949791e+01]
 [ 0.00000000e+00  0.00000000e+00  0.00000000e+00  1.00000000e+00]]
