Object ID: 8
Inlier ration of P_pred: 0.9514563679695129
Num. of correspondences: 309
Avg. Euclidean Distance (ADD) [cm]: 11.471585172297617
Add Score thres: 0
Add Score thres (xyz direction): 0.0
Add-S Score: 1.0
Avg. Euclidean Distance (ADD) ICP: 11.414723564266414
Add Score ICP thres: 11.414723564266414
Add Score ICP thres (xyz direction): 0.0
Add-S Score ICP: 1.0
Error [cm]: 1.2599825188586182
Error [deg]: 162.09115338878496
T_gt (Ground Truth Transformation):
[[ 9.23697980e-01  3.58916980e-01 -1.34289920e-01 -7.43989093e+00]
 [-1.55953800e-02 -3.14957020e-01 -9.49022490e-01 -1.47260358e+00]
 [-3.82892560e-01  8.78668830e-01 -2.85313270e-01  9.58558355e+01]
 [ 0.00000000e+00  0.00000000e+00  0.00000000e+00  1.00000000e+00]]
T_pred (Predicted Transformation):
[[-8.03048950e-01 -5.95743212e-01  1.42270785e-02 -6.55871008e+00]
 [-5.90961939e-01  7.93078669e-01 -1.47615080e-01 -1.77060665e+00]
 [ 7.66574891e-02 -1.26949797e-01 -9.88942556e-01  9.50440236e+01]
 [ 0.00000000e+00  0.00000000e+00  0.00000000e+00  1.00000000e+00]]
T_pred_ICP (Predicted Transformation from ICP):
[[-7.85739379e-01 -6.18344157e-01  1.62521365e-02 -6.50818433e+00]
 [-6.12974529e-01  7.74856203e-01 -1.54467120e-01 -1.73011497e+00]
 [ 8.29207724e-02 -1.31333045e-01 -9.87864250e-01  9.50476483e+01]
 [ 0.00000000e+00  0.00000000e+00  0.00000000e+00  1.00000000e+00]]
