Object ID: 6
Inlier ration of P_pred: 0.08955223858356476
Num. of correspondences: 335
Avg. Euclidean Distance (ADD) [cm]: 8.889557505184285
Add Score thres: 0
Add Score thres (xyz direction): 0.0
Add-S Score: 0.6666666666666666
Avg. Euclidean Distance (ADD) ICP: 8.885845519669761
Add Score ICP thres: 8.885845519669761
Add Score ICP thres (xyz direction): 0.0
Add-S Score ICP: 0.6666666666666666
Error [cm]: 5.525676658683704
Error [deg]: 160.2197220815001
T_gt (Ground Truth Transformation):
[[-2.61988180e-01 -9.41465350e-01 -2.12455220e-01  9.14588034e+00]
 [-6.31819920e-01  3.33716870e-01 -6.99686200e-01 -1.69774792e+01]
 [ 7.29599970e-01 -4.90600600e-02 -6.82208350e-01  1.31823090e+02]
 [ 0.00000000e+00  0.00000000e+00  0.00000000e+00  1.00000000e+00]]
T_pred (Predicted Transformation):
[[ 1.12928646e-01 -5.97796653e-01 -7.93653755e-01  1.09882438e+01]
 [ 3.06987960e-01 -7.38690794e-01  6.00078581e-01 -2.18219169e+01]
 [-9.44989690e-01 -3.11408209e-01  1.00097023e-01  1.29906508e+02]
 [ 0.00000000e+00  0.00000000e+00  0.00000000e+00  1.00000000e+00]]
T_pred_ICP (Predicted Transformation from ICP):
[[ 1.13330286e-01 -6.17380039e-01 -7.78458819e-01  1.09304000e+01]
 [ 2.80608678e-01 -7.31719834e-01  6.21164112e-01 -2.19206460e+01]
 [-9.53108082e-01 -2.88839007e-01  9.03161791e-02  1.30116135e+02]
 [ 0.00000000e+00  0.00000000e+00  0.00000000e+00  1.00000000e+00]]
