Object ID: 5
Inlier ration of P_pred: 0.4024064242839813
Num. of correspondences: 748
Avg. Euclidean Distance (ADD) [cm]: 10.09038982691036
Add Score thres: 0
Add Score thres (xyz direction): 0.0
Add-S Score: 1.0
Avg. Euclidean Distance (ADD) ICP: 10.101767694312944
Add Score ICP thres: 10.101767694312944
Add Score ICP thres (xyz direction): 0.0
Add-S Score ICP: 1.0
Error [cm]: 3.327439254942186
Error [deg]: 149.24666723391607
T_gt (Ground Truth Transformation):
[[ 4.49163310e-01 -8.89613460e-01  8.35009100e-02  2.17024157e+01]
 [-7.19150900e-01 -4.15384840e-01 -5.57150920e-01 -5.89112881e+00]
 [ 5.30299020e-01  1.90187650e-01 -8.26293570e-01  1.04153640e+02]
 [ 0.00000000e+00  0.00000000e+00  0.00000000e+00  1.00000000e+00]]
T_pred (Predicted Transformation):
[[ 9.05826612e-02  9.91335251e-01 -9.51272948e-02  2.10502311e+01]
 [ 6.46425010e-01 -1.31190646e-01 -7.51614077e-01 -3.63593581e+00]
 [-7.57581340e-01  6.59054074e-03 -6.52707498e-01  1.01761862e+02]
 [ 0.00000000e+00  0.00000000e+00  0.00000000e+00  1.00000000e+00]]
T_pred_ICP (Predicted Transformation from ICP):
[[ 7.49216191e-02  9.93250526e-01 -8.85445861e-02  2.10285342e+01]
 [ 6.51285176e-01 -1.15979284e-01 -7.49917612e-01 -3.62673330e+00]
 [-7.55125400e-01 -1.48273467e-03 -6.55578699e-01  1.01810512e+02]
 [ 0.00000000e+00  0.00000000e+00  0.00000000e+00  1.00000000e+00]]
