Object ID: 8
Inlier ration of P_pred: 0.5114344954490662
Num. of correspondences: 962
Avg. Euclidean Distance (ADD) [cm]: 10.10211341023758
Add Score thres: 0
Add Score thres (xyz direction): 0.0
Add-S Score: 1.0
Avg. Euclidean Distance (ADD) ICP: 10.077420645072074
Add Score ICP thres: 10.077420645072074
Add Score ICP thres (xyz direction): 0.0
Add-S Score ICP: 1.0
Error [cm]: 10.18204595198132
Error [deg]: 85.25982391452104
T_gt (Ground Truth Transformation):
[[ 7.78823930e-01  6.24154510e-01  7.66488200e-02  1.78797601e+01]
 [ 4.66452370e-01 -4.91637260e-01 -7.36637380e-01 -9.84987323e+00]
 [-4.21649120e-01  6.08784610e-01 -6.73375390e-01  1.02672235e+02]
 [ 0.00000000e+00  0.00000000e+00  0.00000000e+00  1.00000000e+00]]
T_pred (Predicted Transformation):
[[  0.24138501   0.56603737   0.78824804  10.19131909]
 [  0.10454137   0.79237272  -0.60101296 -11.16301342]
 [ -0.96478204   0.22748005   0.13209258  96.07729943]
 [  0.           0.           0.           1.        ]]
T_pred_ICP (Predicted Transformation from ICP):
[[  0.23773004   0.56998325   0.78651352  10.21074918]
 [  0.10478259   0.78995341  -0.60414751 -11.14145017]
 [ -0.965663     0.22603693   0.12807133  96.10016111]
 [  0.           0.           0.           1.        ]]
