Object ID: 12
Inlier ration of P_pred: 0.0
Num. of correspondences: 9
Avg. Euclidean Distance (ADD) [cm]: 10.877385429411515
Add Score thres: 0
Add Score thres (xyz direction): 0.0
Add-S Score: 0.6666666666666666
Avg. Euclidean Distance (ADD) ICP: 10.883571462305978
Add Score ICP thres: 10.883571462305978
Add Score ICP thres (xyz direction): 0.0
Add-S Score ICP: 0.6666666666666666
Error [cm]: 9.167198911115813
Error [deg]: 150.43678372735573
T_gt (Ground Truth Transformation):
[[-8.84493500e-02  9.44646680e-01  3.17877040e-01  6.35295922e+00]
 [ 3.07253770e-01  3.29486230e-01 -8.93502280e-01  1.08317620e+01]
 [-9.48187680e-01  1.86814100e-02 -3.19170210e-01  7.27113421e+01]
 [ 0.00000000e+00  0.00000000e+00  0.00000000e+00  1.00000000e+00]]
T_pred (Predicted Transformation):
[[ 1.50168511e-01 -7.72375694e-01  6.17158979e-01  1.08758212e+01]
 [-9.88660194e-01 -1.16898731e-01  9.42640278e-02  1.81816046e+01]
 [-6.62142312e-04 -6.24316005e-01 -7.81171612e-01  7.57958180e+01]
 [ 0.00000000e+00  0.00000000e+00  0.00000000e+00  1.00000000e+00]]
T_pred_ICP (Predicted Transformation from ICP):
[[ 1.56426995e-01 -7.54919204e-01  6.36888994e-01  1.07885354e+01]
 [-9.87160168e-01 -1.40606337e-01  7.57935442e-02  1.82173576e+01]
 [ 3.23326264e-02 -6.40567602e-01 -7.67220795e-01  7.58444200e+01]
 [ 0.00000000e+00  0.00000000e+00  0.00000000e+00  1.00000000e+00]]
