Object ID: 8
Inlier ration of P_pred: 0.0
Num. of correspondences: 358
Avg. Euclidean Distance (ADD) [cm]: 12.900131045355062
Add Score thres: 0
Add Score thres (xyz direction): 0.0
Add-S Score: 1.0
Avg. Euclidean Distance (ADD) ICP: 12.909733757980824
Add Score ICP thres: 12.909733757980824
Add Score ICP thres (xyz direction): 0.0
Add-S Score ICP: 1.0
Error [cm]: 7.652435427711922
Error [deg]: 124.04381887116591
T_gt (Ground Truth Transformation):
[[-1.95974260e-01  9.64501410e-01 -1.77086050e-01  3.32655556e+01]
 [ 7.97212020e-01  5.15437000e-02 -6.01516680e-01 -1.51530990e+01]
 [-5.71030470e-01 -2.59051900e-01 -7.79000070e-01  9.35916697e+01]
 [ 0.00000000e+00  0.00000000e+00  0.00000000e+00  1.00000000e+00]]
T_pred (Predicted Transformation):
[[-6.90937473e-01 -7.19895025e-01 -6.60042554e-02  3.21438756e+01]
 [ 4.31890330e-02  5.00336853e-02 -9.97813278e-01 -1.36075575e+01]
 [ 7.21623251e-01 -6.92277244e-01 -3.47857810e-03  8.62386836e+01]
 [ 0.00000000e+00  0.00000000e+00  0.00000000e+00  1.00000000e+00]]
T_pred_ICP (Predicted Transformation from ICP):
[[-7.08750179e-01 -7.03837285e-01 -4.78148516e-02  3.21203187e+01]
 [ 3.14717596e-02  3.61649730e-02 -9.98850150e-01 -1.35625904e+01]
 [ 7.04757201e-01 -7.09440041e-01 -3.48093328e-03  8.61944754e+01]
 [ 0.00000000e+00  0.00000000e+00  0.00000000e+00  1.00000000e+00]]
