Object ID: 8
Inlier ration of P_pred: 0.782608687877655
Num. of correspondences: 552
Avg. Euclidean Distance (ADD) [cm]: 7.512836623468883
Add Score thres: 0
Add Score thres (xyz direction): 0.3333333333333333
Add-S Score: 1.0
Avg. Euclidean Distance (ADD) ICP: 7.51940614967351
Add Score ICP thres: 7.51940614967351
Add Score ICP thres (xyz direction): 0.3333333333333333
Add-S Score ICP: 1.0
Error [cm]: 7.251302122003439
Error [deg]: 45.46301311103267
T_gt (Ground Truth Transformation):
[[ 8.26627920e-01  5.55896770e-01  8.80038100e-02 -1.34542275e+00]
 [ 4.17112600e-01 -5.00122990e-01 -7.58928830e-01 -6.02325649e+00]
 [-3.77852180e-01  6.64029250e-01 -6.45262090e-01  1.06758951e+02]
 [ 0.00000000e+00  0.00000000e+00  0.00000000e+00  1.00000000e+00]]
T_pred (Predicted Transformation):
[[ 7.09565359e-01  6.65521132e-01 -2.31513768e-01  7.47022291e-01]
 [ 6.45932160e-01 -7.45632522e-01 -1.63718622e-01 -1.22781139e+01]
 [-2.81582397e-01 -3.33731254e-02 -9.58956510e-01  1.09944062e+02]
 [ 0.00000000e+00  0.00000000e+00  0.00000000e+00  1.00000000e+00]]
T_pred_ICP (Predicted Transformation from ICP):
[[ 6.90306218e-01  6.80263976e-01 -2.46410729e-01  8.05618863e-01]
 [ 6.58326048e-01 -7.31839517e-01 -1.76118529e-01 -1.22191976e+01]
 [-3.00140200e-01 -4.06428860e-02 -9.53028864e-01  1.09851639e+02]
 [ 0.00000000e+00  0.00000000e+00  0.00000000e+00  1.00000000e+00]]
