Object ID: 6
Inlier ration of P_pred: 0.800000011920929
Num. of correspondences: 140
Avg. Euclidean Distance (ADD) [cm]: 6.977634353592657
Add Score thres: 0
Add Score thres (xyz direction): 0.0
Add-S Score: 1.0
Avg. Euclidean Distance (ADD) ICP: 6.945602234845469
Add Score ICP thres: 6.945602234845469
Add Score ICP thres (xyz direction): 0.0
Add-S Score ICP: 1.0
Error [cm]: 2.901347338232303
Error [deg]: 142.50216316593853
T_gt (Ground Truth Transformation):
[[ 5.14785840e-01 -8.24761580e-01 -2.34090540e-01  3.46341250e+01]
 [-4.38643610e-01 -1.87786900e-02 -8.98476270e-01  6.35462154e+00]
 [ 7.36621550e-01  5.65198890e-01 -3.71432540e-01  1.15829070e+02]
 [ 0.00000000e+00  0.00000000e+00  0.00000000e+00  1.00000000e+00]]
T_pred (Predicted Transformation):
[[ 5.67039462e-02 -5.41177600e-01  8.38994319e-01  3.63591016e+01]
 [ 7.73362667e-01  5.55277718e-01  3.05903320e-01  8.72157155e+00]
 [-6.31422876e-01  6.31500959e-01  4.50012990e-01  1.16020556e+02]
 [ 0.00000000e+00  0.00000000e+00  0.00000000e+00  1.00000000e+00]]
T_pred_ICP (Predicted Transformation from ICP):
[[ 7.57382053e-02 -5.34900995e-01  8.41513309e-01  3.63853271e+01]
 [ 7.84891339e-01  5.52487033e-01  2.80541733e-01  8.65644820e+00]
 [-6.14987244e-01  6.39248781e-01  4.61683535e-01  1.16058638e+02]
 [ 0.00000000e+00  0.00000000e+00  0.00000000e+00  1.00000000e+00]]
