Object ID: 12
Inlier ration of P_pred: 0.2838428020477295
Num. of correspondences: 229
Avg. Euclidean Distance (ADD) [cm]: 5.793637452269043
Add Score thres: 0
Add Score thres (xyz direction): 0.0
Add-S Score: 1.0
Avg. Euclidean Distance (ADD) ICP: 5.772098815798439
Add Score ICP thres: 5.772098815798439
Add Score ICP thres (xyz direction): 0.0
Add-S Score ICP: 1.0
Error [cm]: 2.900036376756429
Error [deg]: 71.57199042784593
T_gt (Ground Truth Transformation):
[[ 9.33893e-01 -2.46591e-01  2.63894e-01  4.88811e+00]
 [ 7.95971e-02 -5.73168e-01 -8.17096e-01  1.57897e+00]
 [ 3.52290e-01  7.83022e-01 -5.14887e-01  1.05324e+02]
 [ 0.00000e+00  0.00000e+00  0.00000e+00  1.00000e+00]]
T_pred (Predicted Transformation):
[[ 5.98561423e-01  7.94860989e-01 -9.96003520e-02  3.22581255e+00]
 [ 6.35293672e-01 -5.46743906e-01 -5.45410901e-01  7.09341096e-01]
 [-4.87981734e-01  2.63186451e-01 -8.32229968e-01  1.07534450e+02]
 [ 0.00000000e+00  0.00000000e+00  0.00000000e+00  1.00000000e+00]]
T_pred_ICP (Predicted Transformation from ICP):
[[ 6.00111464e-01  7.97476025e-01 -6.24357249e-02  3.23595294e+00]
 [ 6.56386781e-01 -5.35541567e-01 -5.31367692e-01  7.07454602e-01]
 [-4.57189920e-01  2.77897859e-01 -8.44837355e-01  1.07542344e+02]
 [ 0.00000000e+00  0.00000000e+00  0.00000000e+00  1.00000000e+00]]
