Object ID: 8
Inlier ration of P_pred: 0.139164999127388
Num. of correspondences: 503
Avg. Euclidean Distance (ADD) [cm]: 11.283525999295014
Add Score thres: 0
Add Score thres (xyz direction): 0.0
Add-S Score: 1.0
Avg. Euclidean Distance (ADD) ICP: 11.272288023685274
Add Score ICP thres: 11.272288023685274
Add Score ICP thres (xyz direction): 0.0
Add-S Score ICP: 1.0
Error [cm]: 4.385140257733719
Error [deg]: 178.6739754443154
T_gt (Ground Truth Transformation):
[[  0.79722028   0.52049565   0.30611965  23.33506915]
 [  0.42857548  -0.13059869  -0.89411257   0.30113358]
 [ -0.42535096   0.84394144  -0.32714491 103.40457737]
 [  0.           0.           0.           1.        ]]
T_pred (Predicted Transformation):
[[-5.63486285e-01 -6.51374122e-01  5.08128882e-01  2.76914494e+01]
 [-8.21020492e-01  3.73273915e-01 -4.31962887e-01  9.13293303e-01]
 [ 9.16981892e-02 -6.60589387e-01 -7.45126233e-01  1.03781541e+02]
 [ 0.00000000e+00  0.00000000e+00  0.00000000e+00  1.00000000e+00]]
T_pred_ICP (Predicted Transformation from ICP):
[[-5.71024661e-01 -6.46198114e-01  5.06318906e-01  2.76517051e+01]
 [-8.16426252e-01  3.82478218e-01 -4.32618293e-01  9.56169109e-01]
 [ 8.59011720e-02 -6.60407761e-01 -7.45977599e-01  1.03813279e+02]
 [ 0.00000000e+00  0.00000000e+00  0.00000000e+00  1.00000000e+00]]
