Object ID: 12
Inlier ration of P_pred: 0.2361702024936676
Num. of correspondences: 470
Avg. Euclidean Distance (ADD) [cm]: 9.377546941721073
Add Score thres: 0
Add Score thres (xyz direction): 0.0
Add-S Score: 0.6666666666666666
Avg. Euclidean Distance (ADD) ICP: 9.362112439628413
Add Score ICP thres: 9.362112439628413
Add Score ICP thres (xyz direction): 0.0
Add-S Score ICP: 0.6666666666666666
Error [cm]: 6.346105189570554
Error [deg]: 127.23319111596409
T_gt (Ground Truth Transformation):
[[ 9.94906e-01 -5.42543e-02 -8.79058e-02 -2.54852e+00]
 [-9.65231e-02 -1.85050e-01 -9.78207e-01  1.64281e+01]
 [ 3.67930e-02  9.81468e-01 -1.89287e-01  8.37476e+01]
 [ 0.00000e+00  0.00000e+00  0.00000e+00  1.00000e+00]]
T_pred (Predicted Transformation):
[[ 4.29626646e-01  1.94189777e-01  8.81879400e-01 -7.18006755e+00]
 [-3.70605157e-01  9.28482869e-01 -2.39035296e-02  1.63399791e+01]
 [-8.23451737e-01 -3.16559460e-01  4.70868714e-01  7.93784109e+01]
 [ 0.00000000e+00  0.00000000e+00  0.00000000e+00  1.00000000e+00]]
T_pred_ICP (Predicted Transformation from ICP):
[[ 4.23065176e-01  1.91422313e-01  8.85648551e-01 -7.17143284e+00]
 [-3.70163815e-01  9.28659127e-01 -2.38950975e-02  1.63259779e+01]
 [-8.27039665e-01 -3.17725862e-01  4.63740950e-01  7.94011878e+01]
 [ 0.00000000e+00  0.00000000e+00  0.00000000e+00  1.00000000e+00]]
