Object ID: 8
Inlier ration of P_pred: 0.0
Num. of correspondences: 273
Avg. Euclidean Distance (ADD) [cm]: 14.89345590876615
Add Score thres: 0
Add Score thres (xyz direction): 0.0
Add-S Score: 0.6666666666666666
Avg. Euclidean Distance (ADD) ICP: 15.03503331911626
Add Score ICP thres: 15.03503331911626
Add Score ICP thres (xyz direction): 0.0
Add-S Score ICP: 0.6666666666666666
Error [cm]: 12.682780162261746
Error [deg]: 160.07435279733116
T_gt (Ground Truth Transformation):
[[ 8.23398e-01  5.67473e-01 -8.29188e-03  3.73909e+00]
 [ 5.31880e-01 -7.76701e-01 -3.37507e-01 -7.89068e+00]
 [-1.97956e-01  2.73475e-01 -9.41330e-01  8.56298e+01]
 [ 0.00000e+00  0.00000e+00  0.00000e+00  1.00000e+00]]
T_pred (Predicted Transformation):
[[-4.91934611e-01 -8.69987408e-01 -3.34999810e-02  5.25282050e+00]
 [-3.01364147e-01  1.34055019e-01  9.44038613e-01 -1.90947370e+01]
 [-8.16810865e-01  4.74500961e-01 -3.28129316e-01  8.02719553e+01]
 [ 0.00000000e+00  0.00000000e+00  0.00000000e+00  1.00000000e+00]]
T_pred_ICP (Predicted Transformation from ICP):
[[-4.98475069e-01 -8.65416915e-01 -5.07559837e-02  5.32048772e+00]
 [-2.77752927e-01  1.03973553e-01  9.55009326e-01 -1.91264315e+01]
 [-8.21203944e-01  4.90145962e-01 -2.92200305e-01  7.99632330e+01]
 [ 0.00000000e+00  0.00000000e+00  0.00000000e+00  1.00000000e+00]]
