Object ID: 8
Inlier ration of P_pred: 0.0
Num. of correspondences: 1481
Avg. Euclidean Distance (ADD) [cm]: 15.74449152293279
Add Score thres: 0
Add Score thres (xyz direction): 0.0
Add-S Score: 1.0
Avg. Euclidean Distance (ADD) ICP: 15.770706909239713
Add Score ICP thres: 15.770706909239713
Add Score ICP thres (xyz direction): 0.0
Add-S Score ICP: 1.0
Error [cm]: 14.329687357678253
Error [deg]: 129.50889016065116
T_gt (Ground Truth Transformation):
[[ 4.44749420e-01  8.90954150e-01 -9.27441200e-02  1.74471218e+01]
 [ 8.86952150e-01 -4.52495760e-01 -9.34337300e-02 -6.00716750e+00]
 [-1.25199680e-01 -4.07152100e-02 -9.91381590e-01  9.10356514e+01]
 [ 0.00000000e+00  0.00000000e+00  0.00000000e+00  1.00000000e+00]]
T_pred (Predicted Transformation):
[[  0.66100019  -0.30322583  -0.68639117  21.416211  ]
 [  0.67685441   0.63583179   0.37092591 -13.96923778]
 [  0.32395501  -0.70976899   0.62552468  79.83014787]
 [  0.           0.           0.           1.        ]]
T_pred_ICP (Predicted Transformation from ICP):
[[  0.66079611  -0.29836379  -0.68871442  21.44256735]
 [  0.67165291   0.64462203   0.36516407 -13.87078454]
 [  0.33500875  -0.70387604   0.62636064  79.74229576]
 [  0.           0.           0.           1.        ]]
