Object ID: 5
Inlier ration of P_pred: 0.8849557638168335
Num. of correspondences: 565
Avg. Euclidean Distance (ADD) [cm]: 6.0290797755436385
Add Score thres: 0
Add Score thres (xyz direction): 0.0
Add-S Score: 1.0
Avg. Euclidean Distance (ADD) ICP: 5.906547167045561
Add Score ICP thres: 5.906547167045561
Add Score ICP thres (xyz direction): 0.3333333333333333
Add-S Score ICP: 1.0
Error [cm]: 0.1591705782393212
Error [deg]: 71.87092941229444
T_gt (Ground Truth Transformation):
[[ 0.82447726  0.53825534 -0.17477417 29.66151974]
 [ 0.36197661 -0.73899141 -0.56821828 -3.60480201]
 [-0.43499986  0.40522145 -0.80410727 86.5942904 ]
 [ 0.          0.          0.          1.        ]]
T_pred (Predicted Transformation):
[[ 7.73557048e-01 -6.33531189e-01  1.57393375e-02  2.97511154e+01]
 [-4.86937176e-01 -6.10090693e-01 -6.25045225e-01 -3.41570065e+00]
 [ 4.05588068e-01  4.75844071e-01 -7.80429843e-01  8.68069031e+01]
 [ 0.00000000e+00  0.00000000e+00  0.00000000e+00  1.00000000e+00]]
T_pred_ICP (Predicted Transformation from ICP):
[[ 7.91936549e-01 -6.10264975e-01  2.03263997e-02  2.97710410e+01]
 [-4.65842627e-01 -6.25371839e-01 -6.26019736e-01 -3.49857330e+00]
 [ 3.94749476e-01  4.86299005e-01 -7.79542256e-01  8.65489492e+01]
 [ 0.00000000e+00  0.00000000e+00  0.00000000e+00  1.00000000e+00]]
