Object ID: 11
Inlier ration of P_pred: 0.2219451516866684
Num. of correspondences: 401
Avg. Euclidean Distance (ADD) [cm]: 9.821043405023687
Add Score thres: 0
Add Score thres (xyz direction): 0.0
Add-S Score: 0.6666666666666666
Avg. Euclidean Distance (ADD) ICP: 9.80304272024526
Add Score ICP thres: 9.80304272024526
Add Score ICP thres (xyz direction): 0.0
Add-S Score ICP: 0.6666666666666666
Error [cm]: 4.808003752855026
Error [deg]: 105.68022199340558
T_gt (Ground Truth Transformation):
[[ 4.19510350e-01  7.77274380e-01 -4.69164540e-01 -5.58676208e+00]
 [-3.11473500e-02 -5.04248700e-01 -8.63115080e-01  6.56313215e+00]
 [-9.07349730e-01  3.76670590e-01 -1.87284530e-01  1.19901167e+02]
 [ 0.00000000e+00  0.00000000e+00  0.00000000e+00  1.00000000e+00]]
T_pred (Predicted Transformation):
[[  0.19659049   0.36663642   0.90935687 -10.03678231]
 [ -0.30111313   0.90521241  -0.29986892   7.72900447]
 [ -0.93310399  -0.21486792   0.28835519 118.37377042]
 [  0.           0.           0.           1.        ]]
T_pred_ICP (Predicted Transformation from ICP):
[[  0.19569389   0.36625119   0.90970543  -9.99634332]
 [ -0.30585174   0.90416567  -0.29822669   7.71238766]
 [ -0.9317503   -0.21987385   0.28895826 118.36763998]
 [  0.           0.           0.           1.        ]]
