Object ID: 5
Inlier ration of P_pred: 0.44516128301620483
Num. of correspondences: 155
Avg. Euclidean Distance (ADD) [cm]: 5.936596397618673
Add Score thres: 0
Add Score thres (xyz direction): 0.0
Add-S Score: 1.0
Avg. Euclidean Distance (ADD) ICP: 5.765725389943821
Add Score ICP thres: 5.765725389943821
Add Score ICP thres (xyz direction): 0.0
Add-S Score ICP: 1.0
Error [cm]: 0.8933472402107118
Error [deg]: 71.28945961521237
T_gt (Ground Truth Transformation):
[[ 0.8520727   0.51861181 -0.07132679 15.9885615 ]
 [ 0.28696486 -0.57669139 -0.76494888  4.81005847]
 [-0.43782587  0.63130771 -0.64018141 66.54163995]
 [ 0.          0.          0.          1.        ]]
T_pred (Predicted Transformation):
[[-2.34010919e-01  9.59975379e-01 -1.53903089e-01  1.50670966e+01]
 [ 7.19541892e-01  6.45490571e-02 -6.91442612e-01  4.70624362e+00]
 [-6.53833584e-01 -2.72544841e-01 -7.05847685e-01  6.71896821e+01]
 [ 0.00000000e+00  0.00000000e+00  0.00000000e+00  1.00000000e+00]]
T_pred_ICP (Predicted Transformation from ICP):
[[-0.21794971  0.97324763 -0.07271157 15.66593791]
 [ 0.63757403  0.085579   -0.76562105  4.29250449]
 [-0.73891629 -0.21322589 -0.63916933 67.19441953]
 [ 0.          0.          0.          1.        ]]
