Object ID: 11
Inlier ration of P_pred: 0.4971751570701599
Num. of correspondences: 354
Avg. Euclidean Distance (ADD) [cm]: 3.975791473672297
Add Score thres: 0
Add Score thres (xyz direction): 0.6666666666666666
Add-S Score: 1.0
Avg. Euclidean Distance (ADD) ICP: 3.953733337806276
Add Score ICP thres: 3.953733337806276
Add Score ICP thres (xyz direction): 0.6666666666666666
Add-S Score ICP: 1.0
Error [cm]: 1.4708814203922707
Error [deg]: 51.82058597652797
T_gt (Ground Truth Transformation):
[[  0.87247888   0.47773223  -0.10399913 -10.37464659]
 [  0.11662266  -0.40998628  -0.90471078  -1.845258  ]
 [ -0.47478681   0.77716587  -0.41332909  88.92327078]
 [  0.           0.           0.           1.        ]]
T_pred (Predicted Transformation):
[[ 7.74387026e-01  2.15066423e-02  6.32346581e-01 -9.22064433e+00]
 [ 6.30296961e-01 -1.13464043e-01 -7.68018002e-01 -9.26798861e-01]
 [ 5.52311115e-02  9.93309305e-01 -1.01420654e-01  8.93646579e+01]
 [ 0.00000000e+00  0.00000000e+00  0.00000000e+00  1.00000000e+00]]
T_pred_ICP (Predicted Transformation from ICP):
[[ 7.75257004e-01  3.52376391e-02  6.30662261e-01 -9.32038705e+00]
 [ 6.30499182e-01 -1.03307198e-01 -7.69284346e-01 -9.58098098e-01]
 [ 3.80441868e-02  9.94025116e-01 -1.02306931e-01  8.94380293e+01]
 [ 0.00000000e+00  0.00000000e+00  0.00000000e+00  1.00000000e+00]]
