Object ID: 6
Inlier ration of P_pred: 0.30404219031333923
Num. of correspondences: 1138
Avg. Euclidean Distance (ADD) [cm]: 3.737752085753414
Add Score thres: 0
Add Score thres (xyz direction): 0.3333333333333333
Add-S Score: 1.0
Avg. Euclidean Distance (ADD) ICP: 3.7360663096185824
Add Score ICP thres: 3.7360663096185824
Add Score ICP thres (xyz direction): 0.3333333333333333
Add-S Score ICP: 1.0
Error [cm]: 1.464863031651036
Error [deg]: 60.17979096102053
T_gt (Ground Truth Transformation):
[[  0.4355843   -0.84935107   0.29844556  10.50659274]
 [ -0.3572799   -0.46746466  -0.80875876 -12.28305874]
 [  0.82638796   0.24563656  -0.507026   112.62346979]
 [  0.           0.           0.           1.        ]]
T_pred (Predicted Transformation):
[[ 7.91622781e-01 -4.30647940e-01 -4.33446334e-01  1.18446757e+01]
 [-6.07870704e-01 -6.26899092e-01 -4.87330212e-01 -1.19291429e+01]
 [-6.18593614e-02  6.49261026e-01 -7.58045869e-01  1.12984357e+02]
 [ 0.00000000e+00  0.00000000e+00  0.00000000e+00  1.00000000e+00]]
T_pred_ICP (Predicted Transformation from ICP):
[[ 7.90859432e-01 -4.39692853e-01 -4.25689504e-01  1.18830537e+01]
 [-6.09609901e-01 -6.27366022e-01 -4.84548906e-01 -1.19160927e+01]
 [-5.40104397e-02  6.42714609e-01 -7.64199453e-01  1.12964813e+02]
 [ 0.00000000e+00  0.00000000e+00  0.00000000e+00  1.00000000e+00]]
