Object ID: 11
Inlier ration of P_pred: 0.0
Num. of correspondences: 98
Avg. Euclidean Distance (ADD) [cm]: 10.49980626488541
Add Score thres: 0
Add Score thres (xyz direction): 0.0
Add-S Score: 1.0
Avg. Euclidean Distance (ADD) ICP: 10.491390263915209
Add Score ICP thres: 10.491390263915209
Add Score ICP thres (xyz direction): 0.0
Add-S Score ICP: 1.0
Error [cm]: 3.5987066919830015
Error [deg]: 142.82576688367968
T_gt (Ground Truth Transformation):
[[ 1.34507940e-01  9.91062010e-01  2.88077000e-03 -4.17304464e+00]
 [ 6.89119660e-01 -9.14441100e-02 -7.18995390e-01 -1.76490549e+01]
 [-7.12225350e-01  9.86768600e-02 -6.95122590e-01  7.60661562e+01]
 [ 0.00000000e+00  0.00000000e+00  0.00000000e+00  1.00000000e+00]]
T_pred (Predicted Transformation):
[[  0.96594847   0.10892648  -0.23468825  -4.66375364]
 [  0.21741862   0.14999229   0.96448507 -20.85119693]
 [  0.14025939  -0.98266848   0.12120218  74.53063064]
 [  0.           0.           0.           1.        ]]
T_pred_ICP (Predicted Transformation from ICP):
[[  0.96682628   0.11772206  -0.22669024  -4.70558328]
 [  0.21014628   0.13792467   0.96789221 -20.89956935]
 [  0.14520844  -0.98342173   0.10861034  74.61658779]
 [  0.           0.           0.           1.        ]]
