Object ID: 5
Inlier ration of P_pred: 0.20000000298023224
Num. of correspondences: 390
Avg. Euclidean Distance (ADD) [cm]: 6.902857797175051
Add Score thres: 0
Add Score thres (xyz direction): 0.0
Add-S Score: 1.0
Avg. Euclidean Distance (ADD) ICP: 6.928090609281572
Add Score ICP thres: 6.928090609281572
Add Score ICP thres (xyz direction): 0.0
Add-S Score ICP: 1.0
Error [cm]: 4.908460069177303
Error [deg]: 50.59393283088492
T_gt (Ground Truth Transformation):
[[  0.84254072  -0.45313158  -0.29416435   4.65344392]
 [ -0.40625727  -0.17206144  -0.89840613 -11.63739675]
 [  0.35614251   0.87557347  -0.32870525  83.13848058]
 [  0.           0.           0.           1.        ]]
T_pred (Predicted Transformation):
[[ 4.96296710e-01 -8.52402671e-01  1.64618532e-01  1.49828458e+00]
 [ 1.99556498e-01 -7.25311068e-02 -9.77198262e-01 -1.00951392e+01]
 [ 8.44906373e-01  5.17830980e-01  1.34105543e-01  7.97230329e+01]
 [ 0.00000000e+00  0.00000000e+00  0.00000000e+00  1.00000000e+00]]
T_pred_ICP (Predicted Transformation from ICP):
[[ 4.98852168e-01 -8.52134737e-01  1.58154687e-01  1.57267517e+00]
 [ 2.07548229e-01 -5.97163909e-02 -9.76400371e-01 -1.01772427e+01]
 [ 8.41469100e-01  5.19904167e-01  1.47069405e-01  7.96072210e+01]
 [ 0.00000000e+00  0.00000000e+00  0.00000000e+00  1.00000000e+00]]
