Object ID: 11
Inlier ration of P_pred: 0.01726342737674713
Num. of correspondences: 1564
Avg. Euclidean Distance (ADD) [cm]: 8.886431171882453
Add Score thres: 0
Add Score thres (xyz direction): 0.3333333333333333
Add-S Score: 0.6666666666666666
Avg. Euclidean Distance (ADD) ICP: 9.00199998874128
Add Score ICP thres: 9.00199998874128
Add Score ICP thres (xyz direction): 0.0
Add-S Score ICP: 0.6666666666666666
Error [cm]: 6.648580870164157
Error [deg]: 109.97720341122884
T_gt (Ground Truth Transformation):
[[ 4.98224720e-01  8.61898600e-01  9.59116900e-02 -2.50523350e-01]
 [ 8.08228940e-01 -4.21418640e-01 -4.11595670e-01 -2.19016986e+00]
 [-3.14295810e-01  2.82560110e-01 -9.06392830e-01  1.04406847e+02]
 [ 0.00000000e+00  0.00000000e+00  0.00000000e+00  1.00000000e+00]]
T_pred (Predicted Transformation):
[[ 4.12627507e-01 -3.16382382e-01  8.54190101e-01 -6.37541025e+00]
 [-1.41843314e-02 -9.39861167e-01 -3.41262056e-01 -1.16437541e+00]
 [ 9.10789408e-01  1.28697996e-01 -3.92300243e-01  1.01934531e+02]
 [ 0.00000000e+00  0.00000000e+00  0.00000000e+00  1.00000000e+00]]
T_pred_ICP (Predicted Transformation from ICP):
[[ 3.02969589e-01 -4.41685915e-01  8.44466092e-01 -6.14175608e+00]
 [-1.14410154e-01 -8.96561851e-01 -4.27886859e-01 -6.58980689e-01]
 [ 9.46107681e-01  3.30212100e-02 -3.22164329e-01  1.01732438e+02]
 [ 0.00000000e+00  0.00000000e+00  0.00000000e+00  1.00000000e+00]]
