Object ID: 12
Inlier ration of P_pred: 0.0
Num. of correspondences: 321
Avg. Euclidean Distance (ADD) [cm]: 8.692189056797048
Add Score thres: 0
Add Score thres (xyz direction): 0.0
Add-S Score: 0.6666666666666666
Avg. Euclidean Distance (ADD) ICP: 8.576145231099131
Add Score ICP thres: 8.576145231099131
Add Score ICP thres (xyz direction): 0.0
Add-S Score ICP: 0.6666666666666666
Error [cm]: 8.380276659149139
Error [deg]: 80.15138361164709
T_gt (Ground Truth Transformation):
[[-9.05561e-01  4.10702e-01  1.09023e-01  2.35689e+01]
 [ 7.30386e-03  2.71607e-01 -9.62678e-01  9.76186e+00]
 [-4.24850e-01 -8.70690e-01 -2.48864e-01  1.04424e+02]
 [ 0.00000e+00  0.00000e+00  0.00000e+00  1.00000e+00]]
T_pred (Predicted Transformation):
[[-7.09164424e-01 -8.03036964e-02 -7.00454950e-01  2.68842384e+01]
 [ 4.61165032e-01 -8.04323388e-01 -3.74687471e-01  1.75441148e+01]
 [-5.33303509e-01 -5.88740354e-01  6.07430789e-01  1.03767696e+02]
 [ 0.00000000e+00  0.00000000e+00  0.00000000e+00  1.00000000e+00]]
T_pred_ICP (Predicted Transformation from ICP):
[[-7.18606589e-01 -5.19739956e-02 -6.93471899e-01  2.67704370e+01]
 [ 4.52352398e-01 -7.92337280e-01 -4.09364071e-01  1.74894967e+01]
 [-5.28187351e-01 -6.07865395e-01  5.92889351e-01  1.03911332e+02]
 [ 0.00000000e+00  0.00000000e+00  0.00000000e+00  1.00000000e+00]]
