Object ID: 5
Inlier ration of P_pred: 0.0
Num. of correspondences: 118
Avg. Euclidean Distance (ADD) [cm]: 10.262896994867006
Add Score thres: 0
Add Score thres (xyz direction): 0.0
Add-S Score: 1.0
Avg. Euclidean Distance (ADD) ICP: 10.262582572171134
Add Score ICP thres: 10.262582572171134
Add Score ICP thres (xyz direction): 0.0
Add-S Score ICP: 1.0
Error [cm]: 1.9582355268922593
Error [deg]: 115.29231541638417
T_gt (Ground Truth Transformation):
[[ 5.68445790e-01 -8.23205680e-01  2.95651400e-02  1.53664817e+01]
 [-2.45372360e-01 -2.03485310e-01 -9.48762590e-01 -8.18481223e+00]
 [ 7.86396550e-01  5.31495510e-01 -3.17313090e-01  1.07631614e+02]
 [ 0.00000000e+00  0.00000000e+00  0.00000000e+00  1.00000000e+00]]
T_pred (Predicted Transformation):
[[ 1.05511810e-01 -5.40401847e-01  8.34765297e-01  1.71195717e+01]
 [-9.74863979e-01  1.09441524e-01  1.94068998e-01 -8.05300979e+00]
 [-1.96233231e-01 -8.34259190e-01 -5.15270921e-01  1.08529137e+02]
 [ 0.00000000e+00  0.00000000e+00  0.00000000e+00  1.00000000e+00]]
T_pred_ICP (Predicted Transformation from ICP):
[[ 1.21350302e-01 -5.48515958e-01  8.27287343e-01  1.71660587e+01]
 [-9.74275559e-01  9.36286619e-02  2.04989778e-01 -7.99131776e+00]
 [-1.89897971e-01 -8.30881410e-01 -5.23043825e-01  1.08379122e+02]
 [ 0.00000000e+00  0.00000000e+00  0.00000000e+00  1.00000000e+00]]
