Object ID: 6
Inlier ration of P_pred: 0.9239130616188049
Num. of correspondences: 184
Avg. Euclidean Distance (ADD) [cm]: 7.0874268435878705
Add Score thres: 0
Add Score thres (xyz direction): 0.3333333333333333
Add-S Score: 1.0
Avg. Euclidean Distance (ADD) ICP: 7.038834585283643
Add Score ICP thres: 7.038834585283643
Add Score ICP thres (xyz direction): 0.3333333333333333
Add-S Score ICP: 1.0
Error [cm]: 2.032573571854549
Error [deg]: 175.84477407289543
T_gt (Ground Truth Transformation):
[[ 5.18598040e-01 -8.54953050e-01 -1.85620900e-02  1.68158604e+01]
 [-3.73353640e-01 -2.06891680e-01 -9.04453320e-01 -8.21212952e+00]
 [ 7.69391150e-01  4.75928660e-01 -4.26444750e-01  1.09543685e+02]
 [ 0.00000000e+00  0.00000000e+00  0.00000000e+00  1.00000000e+00]]
T_pred (Predicted Transformation):
[[-5.15583738e-01  7.64668593e-01 -3.86594558e-01  1.78323811e+01]
 [-4.41602725e-02 -4.74301241e-01 -8.79254345e-01 -7.39722951e+00]
 [-8.55700462e-01 -4.36257120e-01  2.78309980e-01  1.07675540e+02]
 [ 0.00000000e+00  0.00000000e+00  0.00000000e+00  1.00000000e+00]]
T_pred_ICP (Predicted Transformation from ICP):
[[-5.33632349e-01  7.72611891e-01 -3.43958403e-01  1.77573135e+01]
 [-3.31080826e-02 -4.25479514e-01 -9.04362227e-01 -7.41928861e+00]
 [-8.45068264e-01 -4.71209136e-01  2.52629330e-01  1.07926148e+02]
 [ 0.00000000e+00  0.00000000e+00  0.00000000e+00  1.00000000e+00]]
