Object ID: 6
Inlier ration of P_pred: 1.0
Num. of correspondences: 19
Avg. Euclidean Distance (ADD) [cm]: 12.338208005630452
Add Score thres: 0
Add Score thres (xyz direction): 0.0
Add-S Score: 0.6666666666666666
Avg. Euclidean Distance (ADD) ICP: 12.342764928607295
Add Score ICP thres: 12.342764928607295
Add Score ICP thres (xyz direction): 0.0
Add-S Score ICP: 0.6666666666666666
Error [cm]: 8.157277439276312
Error [deg]: 131.10541592059113
T_gt (Ground Truth Transformation):
[[ -0.63661462  -0.76583264   0.09240074 -24.05824857]
 [ -0.76244362   0.60648855  -0.22597913 -29.01509965]
 [  0.11704814  -0.21431317  -0.96986126  85.06606773]
 [  0.           0.           0.           1.        ]]
T_pred (Predicted Transformation):
[[ 7.11066298e-02  2.28664598e-01 -9.70904912e-01 -2.08410646e+01]
 [-7.74035436e-01 -6.01286630e-01 -1.98301620e-01 -2.57628623e+01]
 [-6.29136703e-01  7.65615367e-01  1.34239036e-01  7.83626484e+01]
 [ 0.00000000e+00  0.00000000e+00  0.00000000e+00  1.00000000e+00]]
T_pred_ICP (Predicted Transformation from ICP):
[[ 3.98222895e-02  1.86890962e-01 -9.81573203e-01 -2.06412565e+01]
 [-8.13865586e-01 -5.63842220e-01 -1.40373642e-01 -2.61631145e+01]
 [-5.79686979e-01  8.04458650e-01  1.29650634e-01  7.82300220e+01]
 [ 0.00000000e+00  0.00000000e+00  0.00000000e+00  1.00000000e+00]]
