Object ID: 6
Inlier ration of P_pred: 0.6546762585639954
Num. of correspondences: 139
Avg. Euclidean Distance (ADD) [cm]: 11.385199663870603
Add Score thres: 0
Add Score thres (xyz direction): 0.0
Add-S Score: 1.0
Avg. Euclidean Distance (ADD) ICP: 11.489050228953603
Add Score ICP thres: 11.489050228953603
Add Score ICP thres (xyz direction): 0.0
Add-S Score ICP: 1.0
Error [cm]: 6.794986609057207
Error [deg]: 171.64308582977228
T_gt (Ground Truth Transformation):
[[ 8.09616200e-02 -9.92740450e-01 -9.03878400e-02  1.34672508e+01]
 [-9.51467450e-01 -4.99513300e-02 -3.04115010e-01 -2.44543755e+01]
 [ 2.97414200e-01  1.10585290e-01 -9.48461560e-01  1.23320304e+02]
 [ 0.00000000e+00  0.00000000e+00  0.00000000e+00  1.00000000e+00]]
T_pred (Predicted Transformation):
[[-3.65758446e-01  9.23876159e-01  1.12577090e-01  9.69721215e+00]
 [-2.63505718e-01  1.32146925e-02 -9.64567317e-01 -2.11358820e+01]
 [-8.92628420e-01 -3.82463350e-01  2.38613266e-01  1.18824380e+02]
 [ 0.00000000e+00  0.00000000e+00  0.00000000e+00  1.00000000e+00]]
T_pred_ICP (Predicted Transformation from ICP):
[[-2.92663563e-01  9.53008018e-01  7.82544349e-02  9.84599185e+00]
 [-2.84807844e-01 -8.75386957e-03 -9.58544658e-01 -2.12036903e+01]
 [-9.12815716e-01 -3.02818572e-01  2.73986098e-01  1.18577797e+02]
 [ 0.00000000e+00  0.00000000e+00  0.00000000e+00  1.00000000e+00]]
