Object ID: 8
Inlier ration of P_pred: 0.35143768787384033
Num. of correspondences: 313
Avg. Euclidean Distance (ADD) [cm]: 4.103548056678264
Add Score thres: 0
Add Score thres (xyz direction): 1.0
Add-S Score: 1.0
Avg. Euclidean Distance (ADD) ICP: 4.1163038224694155
Add Score ICP thres: 4.1163038224694155
Add Score ICP thres (xyz direction): 1.0
Add-S Score ICP: 1.0
Error [cm]: 2.3716858558654494
Error [deg]: 37.20017576758695
T_gt (Ground Truth Transformation):
[[ 4.30137e-01  8.67648e-01 -2.49732e-01  3.11432e+01]
 [ 6.71839e-01 -4.92399e-01 -5.53491e-01 -1.46266e+01]
 [-6.03138e-01  7.02789e-02 -7.94639e-01  8.86325e+01]
 [ 0.00000e+00  0.00000e+00  0.00000e+00  1.00000e+00]]
T_pred (Predicted Transformation):
[[-1.60606070e-01  9.74659406e-01 -1.55707199e-01  3.01474682e+01]
 [ 6.04246964e-01 -2.76472020e-02 -7.96317298e-01 -1.38044518e+01]
 [-7.80443013e-01 -2.21978994e-01 -5.84494679e-01  8.66549901e+01]
 [ 0.00000000e+00  0.00000000e+00  0.00000000e+00  1.00000000e+00]]
T_pred_ICP (Predicted Transformation from ICP):
[[-1.61745087e-01  9.74785519e-01 -1.53726118e-01  3.01391945e+01]
 [ 6.03058864e-01 -2.56687269e-02 -7.97283590e-01 -1.38031418e+01]
 [-7.81126452e-01 -2.21662602e-01 -5.83701257e-01  8.66478632e+01]
 [ 0.00000000e+00  0.00000000e+00  0.00000000e+00  1.00000000e+00]]
