Object ID: 6
Inlier ration of P_pred: 0.13321492075920105
Num. of correspondences: 563
Avg. Euclidean Distance (ADD) [cm]: 7.861161803765962
Add Score thres: 0
Add Score thres (xyz direction): 0.0
Add-S Score: 1.0
Avg. Euclidean Distance (ADD) ICP: 7.8379139572921765
Add Score ICP thres: 7.8379139572921765
Add Score ICP thres (xyz direction): 0.0
Add-S Score ICP: 1.0
Error [cm]: 4.98613267190869
Error [deg]: 89.00359644238601
T_gt (Ground Truth Transformation):
[[  0.37515536  -0.83748896  -0.39747889  32.34315251]
 [ -0.90424467  -0.23607804  -0.356024   -31.14237438]
 [  0.20432882   0.49296091  -0.84579174 107.17821463]
 [  0.           0.           0.           1.        ]]
T_pred (Predicted Transformation):
[[-1.94725067e-02 -9.26184118e-01  3.76568453e-01  2.95998731e+01]
 [ 1.51049454e-01 -3.75041960e-01 -9.14618823e-01 -2.87752215e+01]
 [ 9.88334399e-01  3.90705380e-02  1.47202612e-01  1.03752073e+02]
 [ 0.00000000e+00  0.00000000e+00  0.00000000e+00  1.00000000e+00]]
T_pred_ICP (Predicted Transformation from ICP):
[[ 2.50019144e-02 -9.23136102e-01  3.83659539e-01  2.95614204e+01]
 [ 1.53956107e-01 -3.75645534e-01 -9.13886180e-01 -2.88344122e+01]
 [ 9.87761318e-01  8.19156332e-02  1.32730583e-01  1.03743568e+02]
 [ 0.00000000e+00  0.00000000e+00  0.00000000e+00  1.00000000e+00]]
