Object ID: 11
Inlier ration of P_pred: 0.0
Num. of correspondences: 2
Avg. Euclidean Distance (ADD) [cm]: 9.251196093377267
Add Score thres: 0
Add Score thres (xyz direction): 0.3333333333333333
Add-S Score: 0.6666666666666666
Avg. Euclidean Distance (ADD) ICP: 9.205645653998074
Add Score ICP thres: 9.205645653998074
Add Score ICP thres (xyz direction): 0.3333333333333333
Add-S Score ICP: 0.6666666666666666
Error [cm]: 5.446659996880534
Error [deg]: 84.36989838504941
T_gt (Ground Truth Transformation):
[[-5.96405680e-01  8.02087850e-01 -3.50326400e-02  1.17753108e+01]
 [ 3.42852570e-01  2.14988390e-01 -9.14552830e-01 -5.30240981e+00]
 [-7.25944550e-01 -5.57439980e-01 -4.03143340e-01  9.99192014e+01]
 [ 0.00000000e+00  0.00000000e+00  0.00000000e+00  1.00000000e+00]]
T_pred (Predicted Transformation):
[[-6.23347742e-01  6.52576624e-01 -4.30791531e-01  1.11636461e+01]
 [-4.94031790e-01 -7.55711922e-01 -4.29921018e-01 -3.91360133e+00]
 [-6.06110702e-01 -5.51655849e-02  7.93464917e-01  9.47386737e+01]
 [ 0.00000000e+00  0.00000000e+00  0.00000000e+00  1.00000000e+00]]
T_pred_ICP (Predicted Transformation from ICP):
[[-0.64441129  0.63378351 -0.42784641 11.03630846]
 [-0.4509783  -0.76684182 -0.45669705 -3.71912576]
 [-0.61753757 -0.10135129  0.77998414 94.76040387]
 [ 0.          0.          0.          1.        ]]
