Object ID: 8
Inlier ration of P_pred: 0.006849315017461777
Num. of correspondences: 292
Avg. Euclidean Distance (ADD) [cm]: 12.148739830856913
Add Score thres: 0
Add Score thres (xyz direction): 0.0
Add-S Score: 1.0
Avg. Euclidean Distance (ADD) ICP: 12.047914272757115
Add Score ICP thres: 12.047914272757115
Add Score ICP thres (xyz direction): 0.0
Add-S Score ICP: 1.0
Error [cm]: 3.6375730965585804
Error [deg]: 178.81416840273545
T_gt (Ground Truth Transformation):
[[ 2.24951530e-01  9.74137540e-01 -3.39382700e-02 -1.31755584e+01]
 [-1.76243000e-03 -3.44313900e-02 -9.99680140e-01  1.95797348e+01]
 [-9.74725870e-01  2.24874850e-01 -6.03092000e-03  1.15036138e+02]
 [ 0.00000000e+00  0.00000000e+00  0.00000000e+00  1.00000000e+00]]
T_pred (Predicted Transformation):
[[ -0.41253261  -0.69791326  -0.58543482 -14.45881923]
 [ -0.68383926   0.66184326  -0.30712759  16.96357167]
 [  0.60181451   0.27364317  -0.75029242 112.89795462]
 [  0.           0.           0.           1.        ]]
T_pred_ICP (Predicted Transformation from ICP):
[[ -0.45853051  -0.70855614  -0.53637484 -14.39518004]
 [ -0.63558035   0.68331595  -0.35932843  16.90457187]
 [  0.62111785   0.17614626  -0.76366557 112.89418455]
 [  0.           0.           0.           1.        ]]
