Object ID: 6
Inlier ration of P_pred: 0.20550847053527832
Num. of correspondences: 472
Avg. Euclidean Distance (ADD) [cm]: 9.974966264875043
Add Score thres: 0
Add Score thres (xyz direction): 0.0
Add-S Score: 0.6666666666666666
Avg. Euclidean Distance (ADD) ICP: 10.02041306720105
Add Score ICP thres: 10.02041306720105
Add Score ICP thres (xyz direction): 0.0
Add-S Score ICP: 0.6666666666666666
Error [cm]: 8.678850450227152
Error [deg]: 143.84565436455435
T_gt (Ground Truth Transformation):
[[ 6.80212870e-01 -7.28379460e-01 -8.37735700e-02  2.98021941e+01]
 [-4.25043540e-01 -2.98701410e-01 -8.54609900e-01  1.12577255e+01]
 [ 5.97450990e-01  6.16845290e-01 -5.12697310e-01  1.30594921e+02]
 [ 0.00000000e+00  0.00000000e+00  0.00000000e+00  1.00000000e+00]]
T_pred (Predicted Transformation):
[[-6.11304222e-01  2.11849688e-01  7.62513513e-01  3.36389892e+01]
 [-7.33898435e-01  2.08794106e-01 -6.46373041e-01  1.49268038e+01]
 [-2.96142255e-01 -9.54738043e-01  2.78394362e-02  1.23849885e+02]
 [ 0.00000000e+00  0.00000000e+00  0.00000000e+00  1.00000000e+00]]
T_pred_ICP (Predicted Transformation from ICP):
[[-5.98256032e-01  2.06839368e-01  7.74149337e-01  3.36732830e+01]
 [-7.39560819e-01  2.29358283e-01 -6.32806901e-01  1.49956680e+01]
 [-3.08446942e-01 -9.51111063e-01  1.57553164e-02  1.23785743e+02]
 [ 0.00000000e+00  0.00000000e+00  0.00000000e+00  1.00000000e+00]]
