Object ID: 6
Inlier ration of P_pred: 0.3815789520740509
Num. of correspondences: 152
Avg. Euclidean Distance (ADD) [cm]: 12.826105014843566
Add Score thres: 0
Add Score thres (xyz direction): 0.0
Add-S Score: 0.6666666666666666
Avg. Euclidean Distance (ADD) ICP: 12.865323208234841
Add Score ICP thres: 12.865323208234841
Add Score ICP thres (xyz direction): 0.0
Add-S Score ICP: 0.6666666666666666
Error [cm]: 8.04399327470778
Error [deg]: 156.96798575224943
T_gt (Ground Truth Transformation):
[[ 3.57627510e-01 -8.36601850e-01 -4.15011210e-01  1.76256142e+01]
 [-6.44944890e-01  1.00145850e-01 -7.57652220e-01 -2.89336939e+01]
 [ 6.75404760e-01  5.38609700e-01 -5.03734630e-01  1.26594239e+02]
 [ 0.00000000e+00  0.00000000e+00  0.00000000e+00  1.00000000e+00]]
T_pred (Predicted Transformation):
[[ 2.96946414e-02  9.77508156e-01  2.08796629e-01  1.21769114e+01]
 [-9.51440293e-01  9.16728808e-02 -2.93866384e-01 -2.94565659e+01]
 [-3.06397775e-01 -1.89931269e-01  9.32762840e-01  1.20711948e+02]
 [ 0.00000000e+00  0.00000000e+00  0.00000000e+00  1.00000000e+00]]
T_pred_ICP (Predicted Transformation from ICP):
[[ 3.94714702e-02  9.71807005e-01  2.32450312e-01  1.21098279e+01]
 [-9.54927804e-01  1.05180990e-01 -2.77578543e-01 -2.95232989e+01]
 [-2.94202127e-01 -2.11016833e-01  9.32157178e-01  1.20768924e+02]
 [ 0.00000000e+00  0.00000000e+00  0.00000000e+00  1.00000000e+00]]
