Object ID: 11
Inlier ration of P_pred: 0.34092527627944946
Num. of correspondences: 1405
Avg. Euclidean Distance (ADD) [cm]: 6.14545075332905
Add Score thres: 0
Add Score thres (xyz direction): 0.0
Add-S Score: 1.0
Avg. Euclidean Distance (ADD) ICP: 6.124293850659583
Add Score ICP thres: 6.124293850659583
Add Score ICP thres (xyz direction): 0.0
Add-S Score ICP: 1.0
Error [cm]: 3.643115561164863
Error [deg]: 178.96917242990114
T_gt (Ground Truth Transformation):
[[ 9.94394190e-01  5.16710200e-02 -9.27240100e-02 -3.15579031e+01]
 [-4.69091400e-02 -5.69758290e-01 -8.20518870e-01  1.08999343e+01]
 [-9.52150300e-02  8.20228300e-01 -5.64115670e-01  7.65809315e+01]
 [ 0.00000000e+00  0.00000000e+00  0.00000000e+00  1.00000000e+00]]
T_pred (Predicted Transformation):
[[-9.48724586e-01 -7.26074074e-02 -3.07652116e-01 -2.81465680e+01]
 [ 2.39451888e-01  4.70294290e-01 -8.49403364e-01  1.19901661e+01]
 [ 2.06360010e-01 -8.79517735e-01 -4.28793775e-01  7.58346032e+01]
 [ 0.00000000e+00  0.00000000e+00  0.00000000e+00  1.00000000e+00]]
T_pred_ICP (Predicted Transformation from ICP):
[[ -0.95306201  -0.09941883  -0.28598723 -28.23805339]
 [  0.21507642   0.44252083  -0.87058455  12.11598829]
 [  0.2131078   -0.89123017  -0.40036715  75.70223833]
 [  0.           0.           0.           1.        ]]
