Object ID: 5
Inlier ration of P_pred: 0.668367326259613
Num. of correspondences: 392
Avg. Euclidean Distance (ADD) [cm]: 9.937156689449479
Add Score thres: 0
Add Score thres (xyz direction): 0.0
Add-S Score: 1.0
Avg. Euclidean Distance (ADD) ICP: 9.914035217946997
Add Score ICP thres: 9.914035217946997
Add Score ICP thres (xyz direction): 0.0
Add-S Score ICP: 1.0
Error [cm]: 1.462598980679038
Error [deg]: 162.4847860486682
T_gt (Ground Truth Transformation):
[[ 9.63194840e-01 -2.61063330e-01  6.59559700e-02  3.00626531e+01]
 [-1.82788770e-01 -8.13806990e-01 -5.51826100e-01  8.31451013e+00]
 [ 1.97708250e-01  5.19422270e-01 -8.31461450e-01  9.66967711e+01]
 [ 0.00000000e+00  0.00000000e+00  0.00000000e+00  1.00000000e+00]]
T_pred (Predicted Transformation):
[[-9.91457595e-01 -1.81025089e-02  1.29167086e-01  2.93475841e+01]
 [-1.00844105e-01  7.34453773e-01 -6.71124520e-01  8.35875731e+00]
 [-8.27182159e-02 -6.78417242e-01 -7.30005303e-01  9.80396372e+01]
 [ 0.00000000e+00  0.00000000e+00  0.00000000e+00  1.00000000e+00]]
T_pred_ICP (Predicted Transformation from ICP):
[[-9.93236418e-01 -2.84554819e-02  1.12568659e-01  2.94785048e+01]
 [-9.68672412e-02  7.37611608e-01 -6.68240864e-01  8.29164330e+00]
 [-6.40168338e-02 -6.74625378e-01 -7.35379116e-01  9.80374589e+01]
 [ 0.00000000e+00  0.00000000e+00  0.00000000e+00  1.00000000e+00]]
