Object ID: 11
Inlier ration of P_pred: 0.3941441476345062
Num. of correspondences: 444
Avg. Euclidean Distance (ADD) [cm]: 9.235190185760102
Add Score thres: 0
Add Score thres (xyz direction): 0
Add-S Score: 0
Avg. Euclidean Distance (ADD) ICP: 9.137400840783794
Add Score ICP thres: 9.137400840783794
Add Score ICP thres (xyz direction): 0
Add-S Score ICP: 0
Error [cm]: 8.179826902402896
Error [deg]: 99.88811971813722
T_gt (Ground Truth Transformation):
[[ 9.92951393e-01 -7.03517813e-04 -1.18519992e-01  1.97066330e+01]
 [-8.26781392e-02 -7.20610023e-01 -6.88393712e-01  5.15968208e+00]
 [-8.49223733e-02  6.93340540e-01 -7.15588868e-01  1.35200146e+02]
 [ 0.00000000e+00  0.00000000e+00  0.00000000e+00  1.00000000e+00]]
T_pred (Predicted Transformation):
[[ 5.24930282e-01  8.43125985e-01  1.16562312e-01  2.23503484e+01]
 [ 5.68983765e-01 -4.49456093e-01  6.88655716e-01  1.10188198e+01]
 [ 6.33013170e-01 -2.95174176e-01 -7.15658111e-01  1.30006596e+02]
 [ 0.00000000e+00  0.00000000e+00  0.00000000e+00  1.00000000e+00]]
T_pred_ICP (Predicted Transformation from ICP):
[[  0.51641129   0.83594449   0.18578533  22.99809437]
 [  0.56801146  -0.49673464   0.65621466  10.56431681]
 [  0.64084504  -0.23334846  -0.73134543 130.01692608]
 [  0.           0.           0.           1.        ]]
