Object ID: 13
Inlier ration of P_pred: 0.08654327690601349
Num. of correspondences: 1999
Avg. Euclidean Distance (ADD) [cm]: 13.649281650507078
Add Score thres: 0
Add Score thres (xyz direction): 0
Add-S Score: 0
Avg. Euclidean Distance (ADD) ICP: 13.65213794726072
Add Score ICP thres: 13.65213794726072
Add Score ICP thres (xyz direction): 0
Add-S Score ICP: 0
Error [cm]: 8.225600503630247
Error [deg]: 164.07952927085637
T_gt (Ground Truth Transformation):
[[-6.47134006e-01  7.62326598e-01  8.71936046e-03  2.48350479e+01]
 [ 5.07080674e-01  4.38941360e-01 -7.41754532e-01 -3.58236465e+00]
 [-5.69286466e-01 -4.75593030e-01 -6.70615017e-01  6.50351685e+01]
 [ 0.00000000e+00  0.00000000e+00  0.00000000e+00  1.00000000e+00]]
T_pred (Predicted Transformation):
[[ 3.56819399e-01 -9.27339408e-01 -1.12789799e-01  3.28956898e+01]
 [ 8.48875338e-01  3.72270861e-01 -3.75266661e-01 -2.42701811e+00]
 [ 3.89987919e-01  3.81579453e-02  9.20029018e-01  6.44011064e+01]
 [ 0.00000000e+00  0.00000000e+00  0.00000000e+00  1.00000000e+00]]
T_pred_ICP (Predicted Transformation from ICP):
[[ 3.57711415e-01 -9.26332359e-01 -1.18113948e-01  3.29707760e+01]
 [ 8.57552569e-01  3.75921967e-01 -3.51121441e-01 -2.55370694e+00]
 [ 3.69656780e-01  2.43112280e-02  9.28850273e-01  6.43930661e+01]
 [ 0.00000000e+00  0.00000000e+00  0.00000000e+00  1.00000000e+00]]
