Object ID: 6
Inlier ration of P_pred: 0.0826709046959877
Num. of correspondences: 629
Avg. Euclidean Distance (ADD) [cm]: 9.092587186113029
Add Score thres: 0
Add Score thres (xyz direction): 0
Add-S Score: 0
Avg. Euclidean Distance (ADD) ICP: 9.097211576091311
Add Score ICP thres: 9.097211576091311
Add Score ICP thres (xyz direction): 0
Add-S Score ICP: 0
Error [cm]: 4.868238218169695
Error [deg]: 172.4636193816173
T_gt (Ground Truth Transformation):
[[-8.06387246e-01  5.84141254e-01 -9.22976807e-02  3.92382126e+00]
 [ 5.77098012e-01  7.43157625e-01 -3.38636488e-01 -4.36261169e+01]
 [-1.29219800e-01 -3.26336890e-01 -9.36379552e-01  1.41502356e+02]
 [ 0.00000000e+00  0.00000000e+00  0.00000000e+00  1.00000000e+00]]
T_pred (Predicted Transformation):
[[-7.21200562e-01  5.42432438e-01  4.30855892e-01  5.51201759e+00]
 [-5.06392069e-01 -8.37234697e-01  2.06410113e-01 -4.78697583e+01]
 [ 4.72691043e-01 -6.93189173e-02  8.78497618e-01  1.43093296e+02]
 [ 0.00000000e+00  0.00000000e+00  0.00000000e+00  1.00000000e+00]]
T_pred_ICP (Predicted Transformation from ICP):
[[-7.20178656e-01  5.33227359e-01  4.43859535e-01  5.46433394e+00]
 [-5.06547772e-01 -8.41290363e-01  1.88785276e-01 -4.79621402e+01]
 [ 4.74080223e-01 -8.88769319e-02  8.75984494e-01  1.43091527e+02]
 [ 0.00000000e+00  0.00000000e+00  0.00000000e+00  1.00000000e+00]]
