Object ID: 15
Inlier ration of P_pred: 0.4095940887928009
Num. of correspondences: 1897
Avg. Euclidean Distance (ADD) [cm]: 3.400432406403865
Add Score thres: 0
Add Score thres (xyz direction): 0
Add-S Score: 0
Avg. Euclidean Distance (ADD) ICP: 3.3372021279887227
Add Score ICP thres: 3.3372021279887227
Add Score ICP thres (xyz direction): 0
Add-S Score ICP: 0
Error [cm]: 2.80475009174401
Error [deg]: 18.300868813103524
T_gt (Ground Truth Transformation):
[[-8.40058625e-01  4.94868368e-01  2.22275212e-01  1.27679916e-05]
 [ 2.04620659e-01  6.68503940e-01 -7.15005457e-01  3.12975142e-05]
 [-5.02425492e-01 -5.55164576e-01 -6.62842691e-01  1.36172827e+02]
 [ 0.00000000e+00  0.00000000e+00  0.00000000e+00  1.00000000e+00]]
T_pred (Predicted Transformation):
[[-6.53502067e-01  7.47541189e-01  1.18815909e-01  2.34110866e+00]
 [ 3.49407866e-01  4.37173349e-01 -8.28730117e-01  8.47751283e-01]
 [-6.71453045e-01 -5.00061631e-01 -5.46890458e-01  1.34710533e+02]
 [ 0.00000000e+00  0.00000000e+00  0.00000000e+00  1.00000000e+00]]
T_pred_ICP (Predicted Transformation from ICP):
[[-6.79854930e-01  7.22851284e-01  1.23625626e-01  2.15141634e+00]
 [ 3.27875275e-01  4.50399484e-01 -8.30444525e-01  9.41794606e-01]
 [-6.55968809e-01 -5.24048018e-01 -5.43211373e-01  1.34639475e+02]
 [ 0.00000000e+00  0.00000000e+00  0.00000000e+00  1.00000000e+00]]
