Object ID: 8
Inlier ration of P_pred: 0.029000001028180122
Num. of correspondences: 2000
Avg. Euclidean Distance (ADD) [cm]: 13.474507034750852
Add Score thres: 0
Add Score thres (xyz direction): 0
Add-S Score: 0
Avg. Euclidean Distance (ADD) ICP: 13.431768484625543
Add Score ICP thres: 13.431768484625543
Add Score ICP thres (xyz direction): 0
Add-S Score ICP: 0
Error [cm]: 11.811829300158703
Error [deg]: 163.08904361284928
T_gt (Ground Truth Transformation):
[[-2.06940725e-01 -9.66180801e-01  1.53852031e-01 -9.48008601e-06]
 [-9.66061831e-01  1.76948860e-01 -1.88185662e-01 -1.28716429e-06]
 [ 1.54597402e-01 -1.87573820e-01 -9.70008314e-01  7.85623657e+01]
 [ 0.00000000e+00  0.00000000e+00  0.00000000e+00  1.00000000e+00]]
T_pred (Predicted Transformation):
[[-0.52737355  0.84378321 -0.09953409  3.58414047]
 [-0.73364291 -0.51132964 -0.44756015  2.11762946]
 [-0.42853846 -0.1630089   0.88869729 67.45091588]
 [ 0.          0.          0.          1.        ]]
T_pred_ICP (Predicted Transformation from ICP):
[[-0.52017564  0.84886431 -0.09405679  3.53904581]
 [-0.735597   -0.50125665 -0.45567403  2.20201635]
 [-0.43395201 -0.16784264  0.88516354 67.51041941]
 [ 0.          0.          0.          1.        ]]
