Object ID: 14
Inlier ration of P_pred: 0.09100000560283661
Num. of correspondences: 2000
Avg. Euclidean Distance (ADD) [cm]: 10.50767736093549
Add Score thres: 0
Add Score thres (xyz direction): 0
Add-S Score: 0
Avg. Euclidean Distance (ADD) ICP: 10.410891078420287
Add Score ICP thres: 10.410891078420287
Add Score ICP thres (xyz direction): 0
Add-S Score ICP: 0
Error [cm]: 7.019274267821014
Error [deg]: 86.67506718154667
T_gt (Ground Truth Transformation):
[[-2.57155269e-01 -6.68780982e-01 -6.97569489e-01  9.40356140e+00]
 [ 1.17652878e-01  6.94808543e-01 -7.09506094e-01 -1.35831848e+01]
 [ 9.59181428e-01 -2.64524251e-01 -9.99896675e-02  1.23588062e+02]
 [ 0.00000000e+00  0.00000000e+00  0.00000000e+00  1.00000000e+00]]
T_pred (Predicted Transformation):
[[-7.41573138e-02 -7.91212338e-01  6.07028607e-01  7.36498371e+00]
 [-6.59906743e-01 -4.17438635e-01 -6.24714396e-01 -8.11192812e+00]
 [ 7.47678931e-01 -4.46909412e-01 -4.91170229e-01  1.27693899e+02]
 [ 0.00000000e+00  0.00000000e+00  0.00000000e+00  1.00000000e+00]]
T_pred_ICP (Predicted Transformation from ICP):
[[-7.78313727e-02 -7.98644720e-01  5.96748598e-01  7.45464562e+00]
 [-6.50399680e-01 -4.12972836e-01 -6.37521523e-01 -8.16311415e+00]
 [ 7.55594159e-01 -4.37744272e-01 -4.87296028e-01  1.27599891e+02]
 [ 0.00000000e+00  0.00000000e+00  0.00000000e+00  1.00000000e+00]]
