Object ID: 15
Inlier ration of P_pred: 0.006779660936444998
Num. of correspondences: 590
Avg. Euclidean Distance (ADD) [cm]: 8.997250163391747
Add Score thres: 0
Add Score thres (xyz direction): 0
Add-S Score: 0
Avg. Euclidean Distance (ADD) ICP: 8.79043169983282
Add Score ICP thres: 8.79043169983282
Add Score ICP thres (xyz direction): 0
Add-S Score ICP: 0
Error [cm]: 8.917086306377376
Error [deg]: 11.05429547081914
T_gt (Ground Truth Transformation):
[[ 1.79922178e-01 -9.76699710e-01  1.16987325e-01  5.54023819e+00]
 [-3.72421682e-01 -1.77710533e-01 -9.10890520e-01 -9.99109497e+00]
 [ 9.10456181e-01  1.20320939e-01 -3.95718336e-01  1.69098901e+02]
 [ 0.00000000e+00  0.00000000e+00  0.00000000e+00  1.00000000e+00]]
T_pred (Predicted Transformation):
[[ 1.55661646e-01 -9.27657065e-01  3.39443399e-01  8.09702956e+00]
 [-3.59643878e-01 -3.73270012e-01 -8.55175876e-01 -1.85950109e+01]
 [ 9.20013985e-01  1.10393440e-02 -3.91730009e-01  1.67366142e+02]
 [ 0.00000000e+00  0.00000000e+00  0.00000000e+00  1.00000000e+00]]
T_pred_ICP (Predicted Transformation from ICP):
[[ 1.54112609e-01 -9.40030276e-01  3.04289967e-01  7.85951407e+00]
 [-3.47879682e-01 -3.39872808e-01 -8.73765530e-01 -1.84368633e+01]
 [ 9.24785938e-01  2.88019885e-02 -3.79396118e-01  1.67424272e+02]
 [ 0.00000000e+00  0.00000000e+00  0.00000000e+00  1.00000000e+00]]
