Object ID: 10
Inlier ration of P_pred: 0.04350000247359276
Num. of correspondences: 2000
Avg. Euclidean Distance (ADD) [cm]: 11.607968537681954
Add Score thres: 0
Add Score thres (xyz direction): 0
Add-S Score: 0
Avg. Euclidean Distance (ADD) ICP: 11.455153716418323
Add Score ICP thres: 11.455153716418323
Add Score ICP thres (xyz direction): 0
Add-S Score ICP: 0
Error [cm]: 6.570290452880226
Error [deg]: 178.2636669718927
T_gt (Ground Truth Transformation):
[[-3.17116082e-01 -9.06821072e-01  2.77692378e-01 -3.12268472e-05]
 [-9.26103473e-01  2.32993841e-01 -2.96725899e-01  2.13235224e-05]
 [ 2.04376653e-01 -3.51268411e-01 -9.13696229e-01  1.14011548e+02]
 [ 0.00000000e+00  0.00000000e+00  0.00000000e+00  1.00000000e+00]]
T_pred (Predicted Transformation):
[[ 8.40824388e-01 -4.18950825e-01 -3.42774788e-01  2.26228035e+00]
 [ 5.32053444e-01  7.56231214e-01  3.80832619e-01 -3.46187408e+00]
 [ 9.96668547e-02 -5.02587860e-01  8.58761877e-01  1.08609700e+02]
 [ 0.00000000e+00  0.00000000e+00  0.00000000e+00  1.00000000e+00]]
T_pred_ICP (Predicted Transformation from ICP):
[[ 8.54220739e-01 -4.29598265e-01 -2.92834869e-01  2.10863085e+00]
 [ 5.13538733e-01  7.85096381e-01  3.46268165e-01 -3.18349690e+00]
 [ 8.11473930e-02 -4.46171495e-01  8.91260959e-01  1.08664822e+02]
 [ 0.00000000e+00  0.00000000e+00  0.00000000e+00  1.00000000e+00]]
