Object ID: 6
Inlier ration of P_pred: 0.20073439180850983
Num. of correspondences: 817
Avg. Euclidean Distance (ADD) [cm]: 3.932710238691259
Add Score thres: 0
Add Score thres (xyz direction): 0
Add-S Score: 0
Avg. Euclidean Distance (ADD) ICP: 3.9333655122376374
Add Score ICP thres: 3.9333655122376374
Add Score ICP thres (xyz direction): 0
Add-S Score ICP: 0
Error [cm]: 1.6529694829353438
Error [deg]: 66.13515526554781
T_gt (Ground Truth Transformation):
[[-4.75773215e-01  8.20785105e-01  3.16151559e-01  5.81669693e+00]
 [ 2.40434613e-02  3.71441573e-01 -9.28144991e-01  7.99262085e+00]
 [-8.79239380e-01 -4.33985114e-01 -1.96456507e-01  1.32736755e+02]
 [ 0.00000000e+00  0.00000000e+00  0.00000000e+00  1.00000000e+00]]
T_pred (Predicted Transformation):
[[-6.44072668e-01  7.42809482e-01  1.82768905e-01  5.68666007e+00]
 [ 7.21600872e-01  6.69266146e-01 -1.77129914e-01  8.60714948e+00]
 [-2.53894821e-01  1.78016650e-02 -9.67068002e-01  1.31174897e+02]
 [ 0.00000000e+00  0.00000000e+00  0.00000000e+00  1.00000000e+00]]
T_pred_ICP (Predicted Transformation from ICP):
[[-6.40441189e-01  7.44920428e-01  1.86892055e-01  5.72881448e+00]
 [ 7.24094333e-01  6.66777407e-01 -1.76338559e-01  8.58356757e+00]
 [-2.55973594e-01  2.23930017e-02 -9.66424375e-01  1.31195533e+02]
 [ 0.00000000e+00  0.00000000e+00  0.00000000e+00  1.00000000e+00]]
