Object ID: 6
Inlier ration of P_pred: 0.17958413064479828
Num. of correspondences: 529
Avg. Euclidean Distance (ADD) [cm]: 2.0615983992300717
Add Score thres: 0
Add Score thres (xyz direction): 0
Add-S Score: 0
Avg. Euclidean Distance (ADD) ICP: 1.9114250008513591
Add Score ICP thres: 1.9114250008513591
Add Score ICP thres (xyz direction): 0
Add-S Score ICP: 0
Error [cm]: 0.6779730552312799
Error [deg]: 31.19516584510029
T_gt (Ground Truth Transformation):
[[ -0.51258707  -0.82936615   0.22227584  -3.40397034]
 [ -0.66401064   0.2187631   -0.7150054  -15.07139435]
 [  0.54437542  -0.5140959   -0.66284317 156.36474609]
 [  0.           0.           0.           1.        ]]
T_pred (Predicted Transformation):
[[-8.88479143e-01 -4.58888160e-01 -5.14473924e-03 -3.34554831e+00]
 [-2.98322563e-01  5.86045252e-01 -7.53362205e-01 -1.42785205e+01]
 [ 3.48724046e-01 -6.67811814e-01 -6.57585675e-01  1.56343401e+02]
 [ 0.00000000e+00  0.00000000e+00  0.00000000e+00  1.00000000e+00]]
T_pred_ICP (Predicted Transformation from ICP):
[[-8.71843947e-01 -4.89594964e-01  1.35979323e-02 -3.40385195e+00]
 [-3.32076829e-01  5.70481018e-01 -7.51183325e-01 -1.43938273e+01]
 [ 3.60018210e-01 -6.59430193e-01 -6.59953566e-01  1.56341287e+02]
 [ 0.00000000e+00  0.00000000e+00  0.00000000e+00  1.00000000e+00]]
