Object ID: 15
Inlier ration of P_pred: 0.0
Num. of correspondences: 3951
Avg. Euclidean Distance (ADD) [cm]: 10.59960510501307
Add Score thres: 0
Add Score thres (xyz direction): 0
Add-S Score: 0
Avg. Euclidean Distance (ADD) ICP: 10.688905102680243
Add Score ICP thres: 10.688905102680243
Add Score ICP thres (xyz direction): 0
Add-S Score ICP: 0
Error [cm]: 9.94443437235282
Error [deg]: 84.47827172543339
T_gt (Ground Truth Transformation):
[[-4.64814037e-01 -8.83123100e-01 -6.35730624e-02  5.16114929e+01]
 [-8.12092483e-01  4.53833103e-01 -3.66798699e-01 -2.49972778e+01]
 [ 3.52779955e-01 -1.18865967e-01 -9.28125679e-01  8.81949097e+01]
 [ 0.00000000e+00  0.00000000e+00  0.00000000e+00  1.00000000e+00]]
T_pred (Predicted Transformation):
[[ 7.08416903e-01 -6.28424085e-01 -3.21292174e-01  4.50869519e+01]
 [-3.66383133e-01  6.16493150e-02 -9.28419497e-01 -2.31386902e+01]
 [ 6.03248615e-01  7.75424098e-01 -1.86570568e-01  9.52463284e+01]
 [ 0.00000000e+00  0.00000000e+00  0.00000000e+00  1.00000000e+00]]
T_pred_ICP (Predicted Transformation from ICP):
[[ 7.10442835e-01 -6.14781745e-01 -3.42511875e-01  4.50560966e+01]
 [-3.75439524e-01  8.05592228e-02 -9.23339253e-01 -2.30223302e+01]
 [ 5.95244607e-01  7.84572252e-01 -1.73580643e-01  9.54072696e+01]
 [ 0.00000000e+00  0.00000000e+00  0.00000000e+00  1.00000000e+00]]
