Object ID: 15
Inlier ration of P_pred: 0.08350000530481339
Num. of correspondences: 2000
Avg. Euclidean Distance (ADD) [cm]: 8.039553961299964
Add Score thres: 0
Add Score thres (xyz direction): 0
Add-S Score: 0
Avg. Euclidean Distance (ADD) ICP: 8.011375846604714
Add Score ICP thres: 8.011375846604714
Add Score ICP thres (xyz direction): 0
Add-S Score ICP: 0
Error [cm]: 3.368022036547689
Error [deg]: 149.6964061382658
T_gt (Ground Truth Transformation):
[[  0.46693075  -0.80740261   0.36066177   5.16075325]
 [ -0.22037901  -0.50123239  -0.83677948 -13.5237915 ]
 [  0.85639304   0.31123587  -0.4119755  118.79604492]
 [  0.           0.           0.           1.        ]]
T_pred (Predicted Transformation):
[[-7.81668367e-01  6.11169475e-02  6.20692584e-01  6.66133897e+00]
 [-1.07485248e-01  9.67096902e-01 -2.30587303e-01 -1.10455536e+01]
 [-6.14362667e-01 -2.46958097e-01 -7.49379885e-01  1.17016249e+02]
 [ 0.00000000e+00  0.00000000e+00  0.00000000e+00  1.00000000e+00]]
T_pred_ICP (Predicted Transformation from ICP):
[[-7.83242437e-01  3.80031475e-02  6.20553822e-01  6.63148229e+00]
 [-1.35094422e-01  9.63877985e-01 -2.29540254e-01 -1.10437939e+01]
 [-6.06861420e-01 -2.63619028e-01 -7.49816128e-01  1.17055315e+02]
 [ 0.00000000e+00  0.00000000e+00  0.00000000e+00  1.00000000e+00]]
