Object ID: 14
Inlier ration of P_pred: 0.43043994903564453
Num. of correspondences: 1682
Avg. Euclidean Distance (ADD) [cm]: 1.5406474201531066
Add Score thres: 1
Add Score thres (xyz direction): 0
Add-S Score: 0
Avg. Euclidean Distance (ADD) ICP: 1.4965252387247487
Add Score ICP thres: 1.4965252387247487
Add Score ICP thres (xyz direction): 0
Add-S Score ICP: 0
Error [cm]: 0.8753558668836677
Error [deg]: 10.459053161660192
T_gt (Ground Truth Transformation):
[[-8.83739293e-01  4.11823571e-01  2.22275242e-01  1.82576736e+01]
 [ 1.39411151e-01  6.85077727e-01 -7.15005636e-01 -2.55166321e+01]
 [-4.46731985e-01 -6.00890875e-01 -6.62842870e-01  1.67680078e+02]
 [ 0.00000000e+00  0.00000000e+00  0.00000000e+00  1.00000000e+00]]
T_pred (Predicted Transformation):
[[-8.66992868e-01  3.48765649e-01  3.55929611e-01  1.87484337e+01]
 [ 7.23775371e-02  7.94816741e-01 -6.02517917e-01 -2.56379336e+01]
 [-4.93036366e-01 -4.96617428e-01 -7.14343245e-01  1.68447963e+02]
 [ 0.00000000e+00  0.00000000e+00  0.00000000e+00  1.00000000e+00]]
T_pred_ICP (Predicted Transformation from ICP):
[[-8.70490481e-01  3.44103446e-01  3.51907858e-01  1.86508732e+01]
 [ 7.14650936e-02  7.95780406e-01 -6.01353711e-01 -2.57266249e+01]
 [-4.86969262e-01 -4.98323553e-01 -7.17310654e-01  1.68433434e+02]
 [ 0.00000000e+00  0.00000000e+00  0.00000000e+00  1.00000000e+00]]
