Object ID: 14
Inlier ration of P_pred: 0.03700000047683716
Num. of correspondences: 2000
Avg. Euclidean Distance (ADD) [cm]: 12.12885175015153
Add Score thres: 0
Add Score thres (xyz direction): 0
Add-S Score: 0
Avg. Euclidean Distance (ADD) ICP: 12.081681465635562
Add Score ICP thres: 12.081681465635562
Add Score ICP thres (xyz direction): 0
Add-S Score ICP: 0
Error [cm]: 3.6316268588440606
Error [deg]: 126.50863006928581
T_gt (Ground Truth Transformation):
[[  0.82225442   0.51776302   0.23626067 -28.60137329]
 [  0.55910271  -0.65734208  -0.50527757 -15.12117615]
 [ -0.10630998   0.54756069  -0.82998514  82.80725098]
 [  0.           0.           0.           1.        ]]
T_pred (Predicted Transformation):
[[-9.31403442e-01  2.51622790e-01  2.63008746e-01 -2.83100755e+01]
 [ 2.53801816e-01  9.66900163e-01 -2.62433572e-02 -1.85227119e+01]
 [-2.60906626e-01  4.23089439e-02 -9.64436460e-01  8.41313378e+01]
 [ 0.00000000e+00  0.00000000e+00  0.00000000e+00  1.00000000e+00]]
T_pred_ICP (Predicted Transformation from ICP):
[[-9.28683400e-01  2.59998603e-01  2.64476592e-01 -2.82909410e+01]
 [ 2.60026354e-01  9.64946813e-01 -3.55519765e-02 -1.84893974e+01]
 [-2.64449309e-01  3.57543536e-02 -9.63736577e-01  8.41291554e+01]
 [ 0.00000000e+00  0.00000000e+00  0.00000000e+00  1.00000000e+00]]
