Object ID: 10
Inlier ration of P_pred: 0.20407040417194366
Num. of correspondences: 1818
Avg. Euclidean Distance (ADD) [cm]: 11.690184465477683
Add Score thres: 0
Add Score thres (xyz direction): 0
Add-S Score: 0
Avg. Euclidean Distance (ADD) ICP: 11.70034167429598
Add Score ICP thres: 11.70034167429598
Add Score ICP thres (xyz direction): 0
Add-S Score ICP: 0
Error [cm]: 6.736031530106022
Error [deg]: 179.48270943530503
T_gt (Ground Truth Transformation):
[[ 1.52313963e-01  9.87092674e-01 -4.94812950e-02 -2.48788940e+01]
 [ 9.81306672e-01 -1.57000378e-01 -1.11301214e-01 -2.69618392e-02]
 [-1.17633209e-01 -3.16036046e-02 -9.92554009e-01  1.33458093e+02]
 [ 0.00000000e+00  0.00000000e+00  0.00000000e+00  1.00000000e+00]]
T_pred (Predicted Transformation):
[[ 4.45472910e-01  8.89298329e-01  1.03452252e-01 -2.46874418e+01]
 [-8.93860420e-01  4.35240013e-01  1.07608923e-01 -1.74184853e+00]
 [ 5.06698759e-02 -1.40408734e-01  9.88796213e-01  1.26960942e+02]
 [ 0.00000000e+00  0.00000000e+00  0.00000000e+00  1.00000000e+00]]
T_pred_ICP (Predicted Transformation from ICP):
[[ 4.41608085e-01  8.96139992e-01  4.37654514e-02 -2.45249763e+01]
 [-8.94332099e-01  4.35765950e-01  1.01381136e-01 -1.76112376e+00]
 [ 7.17801968e-02 -8.39115773e-02  9.93884526e-01  1.26958744e+02]
 [ 0.00000000e+00  0.00000000e+00  0.00000000e+00  1.00000000e+00]]
