Object ID: 10
Inlier ration of P_pred: 0.15300001204013824
Num. of correspondences: 2000
Avg. Euclidean Distance (ADD) [cm]: 9.18308752074494
Add Score thres: 0
Add Score thres (xyz direction): 0
Add-S Score: 0
Avg. Euclidean Distance (ADD) ICP: 9.178807620642923
Add Score ICP thres: 9.178807620642923
Add Score ICP thres (xyz direction): 0
Add-S Score ICP: 0
Error [cm]: 3.2352426237595435
Error [deg]: 117.74510079920593
T_gt (Ground Truth Transformation):
[[ 9.87726629e-01  1.26004636e-01 -9.22978148e-02 -1.02699249e+01]
 [ 8.78648907e-02 -9.36805964e-01 -3.38636309e-01  2.50072357e+01]
 [-1.29134879e-01  3.26370358e-01 -9.36379611e-01  1.20655090e+02]
 [ 0.00000000e+00  0.00000000e+00  0.00000000e+00  1.00000000e+00]]
T_pred (Predicted Transformation):
[[-5.39050964e-01  7.64041264e-01  3.54492602e-01 -9.46008501e+00]
 [ 8.21471930e-01  5.69865224e-01  2.09163444e-02  2.28574757e+01]
 [-1.86032056e-01  3.02480697e-01 -9.34824851e-01  1.22954108e+02]
 [ 0.00000000e+00  0.00000000e+00  0.00000000e+00  1.00000000e+00]]
T_pred_ICP (Predicted Transformation from ICP):
[[-5.39831151e-01  7.76886762e-01  3.24082225e-01 -9.44652108e+00]
 [ 8.21052765e-01  5.70851756e-01 -7.93974495e-04  2.28744185e+01]
 [-1.85619735e-01  2.65659995e-01 -9.46028584e-01  1.22944171e+02]
 [ 0.00000000e+00  0.00000000e+00  0.00000000e+00  1.00000000e+00]]
