Object ID: 15
Inlier ration of P_pred: 0.3960000276565552
Num. of correspondences: 2000
Avg. Euclidean Distance (ADD) [cm]: 1.9457029322131296
Add Score thres: 1
Add Score thres (xyz direction): 0
Add-S Score: 0
Avg. Euclidean Distance (ADD) ICP: 1.4427190607316585
Add Score ICP thres: 1.4427190607316585
Add Score ICP thres (xyz direction): 0
Add-S Score ICP: 0
Error [cm]: 0.9215000637407448
Error [deg]: 13.15905295883161
T_gt (Ground Truth Transformation):
[[-9.23458517e-01 -3.51502746e-01  1.53852150e-01 -1.54218491e+01]
 [-3.76611769e-01  9.07055497e-01 -1.88185856e-01  6.39254379e+00]
 [-7.34045953e-02 -2.31724337e-01 -9.70008194e-01  7.60748413e+01]
 [ 0.00000000e+00  0.00000000e+00  0.00000000e+00  1.00000000e+00]]
T_pred (Predicted Transformation):
[[-9.75937875e-01 -5.69393342e-02  2.10483197e-01 -1.60107104e+01]
 [-1.30137959e-01  9.26629228e-01 -3.52735575e-01  6.05426462e+00]
 [-1.74955353e-01 -3.71639861e-01 -9.11742528e-01  7.63917381e+01]
 [ 0.00000000e+00  0.00000000e+00  0.00000000e+00  1.00000000e+00]]
T_pred_ICP (Predicted Transformation from ICP):
[[ -0.96215146  -0.16710904   0.21526529 -15.46318145]
 [ -0.23246472   0.91551486  -0.32831797   5.64483768]
 [ -0.14221367  -0.3659332   -0.91971091  76.61186045]
 [  0.           0.           0.           1.        ]]
