Object ID: 14
Inlier ration of P_pred: 0.0005000000237487257
Num. of correspondences: 2000
Avg. Euclidean Distance (ADD) [cm]: 20.434385059462837
Add Score thres: 0
Add Score thres (xyz direction): 0
Add-S Score: 0
Avg. Euclidean Distance (ADD) ICP: 20.523131561812484
Add Score ICP thres: 20.523131561812484
Add Score ICP thres (xyz direction): 0
Add-S Score ICP: 0
Error [cm]: 18.034634924830033
Error [deg]: 121.50931380806458
T_gt (Ground Truth Transformation):
[[ 9.61323738e-01  6.77338541e-02 -2.66962200e-01 -1.59718132e+00]
 [-2.44060725e-01 -2.39692509e-01 -9.39671099e-01 -1.01848358e+01]
 [-1.27636388e-01  9.68483150e-01 -2.13890925e-01  1.30221753e+02]
 [ 0.00000000e+00  0.00000000e+00  0.00000000e+00  1.00000000e+00]]
T_pred (Predicted Transformation):
[[  0.66695186   0.3261763   -0.6699136  -11.90958713]
 [  0.68251094  -0.62813977   0.3736566  -23.08373492]
 [ -0.29892144  -0.70643432  -0.64155788 137.19319251]
 [  0.           0.           0.           1.        ]]
T_pred_ICP (Predicted Transformation from ICP):
[[  0.66484391   0.34335788  -0.66339125 -11.98365428]
 [  0.69230271  -0.61676207   0.37459513 -23.2480567 ]
 [ -0.28053437  -0.70831485  -0.64775809 137.05706539]
 [  0.           0.           0.           1.        ]]
