Object ID: 13
Inlier ration of P_pred: 0.20500001311302185
Num. of correspondences: 2000
Avg. Euclidean Distance (ADD) [cm]: 10.931222412599677
Add Score thres: 0
Add Score thres (xyz direction): 0
Add-S Score: 0
Avg. Euclidean Distance (ADD) ICP: 10.83472512734388
Add Score ICP thres: 10.83472512734388
Add Score ICP thres (xyz direction): 0
Add-S Score ICP: 0
Error [cm]: 8.501618676840508
Error [deg]: 88.1218363633123
T_gt (Ground Truth Transformation):
[[ 9.51005876e-01 -2.44270474e-01  1.89525038e-01 -2.25261108e+01]
 [-8.86024907e-02 -8.02621841e-01 -5.89871049e-01  3.20123138e+01]
 [ 2.96205014e-01  5.44178426e-01 -7.84941077e-01  9.54537048e+01]
 [ 0.00000000e+00  0.00000000e+00  0.00000000e+00  1.00000000e+00]]
T_pred (Predicted Transformation):
[[ 9.50061763e-01  3.21396672e-02 -3.10402462e-01 -1.83243285e+01]
 [-2.80206112e-01  5.25681115e-01 -8.03208503e-01  3.06662257e+01]
 [ 1.37357858e-01  8.50074354e-01  5.08435258e-01  8.81450829e+01]
 [ 0.00000000e+00  0.00000000e+00  0.00000000e+00  1.00000000e+00]]
T_pred_ICP (Predicted Transformation from ICP):
[[ 9.52535663e-01  3.54296730e-02 -3.02358311e-01 -1.84282350e+01]
 [-2.78394670e-01  5.03242692e-01 -8.18072858e-01  3.07940585e+01]
 [ 1.23175556e-01  8.63418515e-01  4.89220043e-01  8.81051820e+01]
 [ 0.00000000e+00  0.00000000e+00  0.00000000e+00  1.00000000e+00]]
