Object ID: 13
Inlier ration of P_pred: 0.13700000941753387
Num. of correspondences: 2000
Avg. Euclidean Distance (ADD) [cm]: 8.994567436693861
Add Score thres: 0
Add Score thres (xyz direction): 0
Add-S Score: 0
Avg. Euclidean Distance (ADD) ICP: 8.842116057148694
Add Score ICP thres: 8.842116057148694
Add Score ICP thres (xyz direction): 0
Add-S Score ICP: 0
Error [cm]: 5.29046768445082
Error [deg]: 55.701354894782675
T_gt (Ground Truth Transformation):
[[-0.90849686  0.36268431  0.2075904  22.92322845]
 [ 0.19837265  0.81150717 -0.54964024  9.09966354]
 [-0.367807   -0.45816615 -0.80919838 57.93960571]
 [ 0.          0.          0.          1.        ]]
T_pred (Predicted Transformation):
[[-2.80963916e-01  9.59658239e-01  1.07397786e-02  2.07785206e+01]
 [ 9.13638118e-01  2.70882783e-01 -3.03130181e-01  4.27872165e+00]
 [-2.93810597e-01 -7.53563718e-02 -9.52888635e-01  5.85998362e+01]
 [ 0.00000000e+00  0.00000000e+00  0.00000000e+00  1.00000000e+00]]
T_pred_ICP (Predicted Transformation from ICP):
[[-3.01885846e-01  9.53070041e-01  2.28567749e-02  2.07813133e+01]
 [ 9.03957383e-01  2.93781388e-01 -3.10730663e-01  4.29702377e+00]
 [-3.02862981e-01 -7.31436385e-02 -9.50223144e-01  5.85191736e+01]
 [ 0.00000000e+00  0.00000000e+00  0.00000000e+00  1.00000000e+00]]
