Object ID: 13
Inlier ration of P_pred: 0.0
Num. of correspondences: 2000
Avg. Euclidean Distance (ADD) [cm]: 11.841144344984706
Add Score thres: 0
Add Score thres (xyz direction): 0
Add-S Score: 0
Avg. Euclidean Distance (ADD) ICP: 11.825787125137486
Add Score ICP thres: 11.825787125137486
Add Score ICP thres (xyz direction): 0
Add-S Score ICP: 0
Error [cm]: 5.191007260878792
Error [deg]: 165.984834000979
T_gt (Ground Truth Transformation):
[[ 1.53907582e-01 -9.86892104e-01  4.85460684e-02 -5.00831787e+01]
 [-9.43588793e-01 -1.61377341e-01 -2.89132863e-01  3.62864441e+01]
 [ 2.93177128e-01 -1.30774477e-03 -9.56057549e-01  9.53101074e+01]
 [ 0.00000000e+00  0.00000000e+00  0.00000000e+00  1.00000000e+00]]
T_pred (Predicted Transformation):
[[ 8.48782613e-01  5.24303611e-01 -6.83651942e-02 -4.54882563e+01]
 [-5.28718881e-01  8.40412564e-01 -1.19008688e-01  3.42697105e+01]
 [-4.94171657e-03  1.37158474e-01  9.90536790e-01  9.68159954e+01]
 [ 0.00000000e+00  0.00000000e+00  0.00000000e+00  1.00000000e+00]]
T_pred_ICP (Predicted Transformation from ICP):
[[ 8.51448096e-01  5.19415330e-01 -7.24144633e-02 -4.55740679e+01]
 [-5.24434653e-01  8.43839756e-01 -1.13590317e-01  3.42762546e+01]
 [ 2.10565103e-03  1.34692913e-01  9.90885152e-01  9.69143561e+01]
 [ 0.00000000e+00  0.00000000e+00  0.00000000e+00  1.00000000e+00]]
