Object ID: 14
Inlier ration of P_pred: 0.035419125109910965
Num. of correspondences: 847
Avg. Euclidean Distance (ADD) [cm]: 11.780644430433057
Add Score thres: 0
Add Score thres (xyz direction): 0
Add-S Score: 0
Avg. Euclidean Distance (ADD) ICP: 11.794326888886996
Add Score ICP thres: 11.794326888886996
Add Score ICP thres (xyz direction): 0
Add-S Score ICP: 0
Error [cm]: 8.719431620393673
Error [deg]: 159.6115950460182
T_gt (Ground Truth Transformation):
[[-9.09638524e-01 -1.28613353e-01 -3.94989312e-01  3.38722321e+01]
 [ 3.76865357e-01  1.44451290e-01 -9.14935172e-01 -1.81973999e+01]
 [ 1.74729615e-01 -9.81118023e-01 -8.29286277e-02  1.57930640e+02]
 [ 0.00000000e+00  0.00000000e+00  0.00000000e+00  1.00000000e+00]]
T_pred (Predicted Transformation):
[[ 1.48328674e-01  7.40588389e-01 -6.55383432e-01  2.79240921e+01]
 [-6.72167743e-01  5.61601884e-01  4.82487150e-01 -1.74790266e+01]
 [ 7.25388951e-01  3.68960923e-01  5.81101288e-01  1.51625730e+02]
 [ 0.00000000e+00  0.00000000e+00  0.00000000e+00  1.00000000e+00]]
T_pred_ICP (Predicted Transformation from ICP):
[[  0.16014925   0.7441348   -0.64854885  27.82180463]
 [ -0.67675872   0.56107229   0.47665031 -17.38917521]
 [  0.71857488   0.3625759    0.59345502 151.70427726]
 [  0.           0.           0.           1.        ]]
