Object ID: 14
Inlier ration of P_pred: 0.0875437781214714
Num. of correspondences: 1999
Avg. Euclidean Distance (ADD) [cm]: 10.863058850037316
Add Score thres: 0
Add Score thres (xyz direction): 0
Add-S Score: 0
Avg. Euclidean Distance (ADD) ICP: 10.841270788696116
Add Score ICP thres: 10.841270788696116
Add Score ICP thres (xyz direction): 0
Add-S Score ICP: 0
Error [cm]: 9.551853751322332
Error [deg]: 55.223740389956056
T_gt (Ground Truth Transformation):
[[ 3.93785030e-01 -9.15662467e-01  8.05961266e-02 -1.60789963e+01]
 [-8.93224061e-01 -4.01880383e-01 -2.01601654e-01  1.67464691e+01]
 [ 2.16989040e-01  7.39733875e-03 -9.76146221e-01  1.25153467e+02]
 [ 0.00000000e+00  0.00000000e+00  0.00000000e+00  1.00000000e+00]]
T_pred (Predicted Transformation):
[[-1.99014690e-01 -6.87259809e-01  6.98617999e-01 -1.72971069e+01]
 [-9.76955064e-01  8.30130875e-02 -1.96640869e-01  2.60077887e+01]
 [ 7.71489286e-02 -7.21652813e-01 -6.87942774e-01  1.22903459e+02]
 [ 0.00000000e+00  0.00000000e+00  0.00000000e+00  1.00000000e+00]]
T_pred_ICP (Predicted Transformation from ICP):
[[-2.15915066e-01 -6.77439537e-01  7.03175908e-01 -1.71423870e+01]
 [-9.73417648e-01  9.29851675e-02 -2.09312784e-01  2.59651996e+01]
 [ 7.64118255e-02 -7.29677622e-01 -6.79508499e-01  1.22890257e+02]
 [ 0.00000000e+00  0.00000000e+00  0.00000000e+00  1.00000000e+00]]
