Object ID: 14
Inlier ration of P_pred: 0.029000001028180122
Num. of correspondences: 2000
Avg. Euclidean Distance (ADD) [cm]: 11.347103448412792
Add Score thres: 0
Add Score thres (xyz direction): 0
Add-S Score: 0
Avg. Euclidean Distance (ADD) ICP: 11.357701765879206
Add Score ICP thres: 11.357701765879206
Add Score ICP thres (xyz direction): 0
Add-S Score ICP: 0
Error [cm]: 11.829065138606628
Error [deg]: 59.44142308121458
T_gt (Ground Truth Transformation):
[[ 3.00087184e-01  9.53856111e-01 -1.02960635e-02 -2.59756162e-06]
 [ 7.77367890e-01 -2.50790060e-01 -5.76891005e-01 -1.79429349e-05]
 [-5.52853227e-01  1.65113717e-01 -8.16756010e-01  4.96816193e+01]
 [ 0.00000000e+00  0.00000000e+00  0.00000000e+00  1.00000000e+00]]
T_pred (Predicted Transformation):
[[ 0.21193026  0.6815558   0.70040506 -1.90713446]
 [ 0.93371199 -0.35282402  0.06080401 -8.63980077]
 [ 0.28856106  0.6410904  -0.71115091 41.83741786]
 [ 0.          0.          0.          1.        ]]
T_pred_ICP (Predicted Transformation from ICP):
[[ 0.21810661  0.68008067  0.6999427  -1.92851993]
 [ 0.93243638 -0.35692938  0.05624779 -8.64845715]
 [ 0.28808314  0.64038403 -0.71198062 41.84503185]
 [ 0.          0.          0.          1.        ]]
