Object ID: 14
Inlier ration of P_pred: 0.08500000089406967
Num. of correspondences: 2000
Avg. Euclidean Distance (ADD) [cm]: 17.607160491222064
Add Score thres: 0
Add Score thres (xyz direction): 0
Add-S Score: 0
Avg. Euclidean Distance (ADD) ICP: 19.467989381137787
Add Score ICP thres: 19.467989381137787
Add Score ICP thres (xyz direction): 0
Add-S Score ICP: 0
Error [cm]: 17.138961587754753
Error [deg]: 125.34495062565273
T_gt (Ground Truth Transformation):
[[-9.38282311e-01 -3.27151686e-01  1.12241358e-01  2.86364838e+01]
 [-3.45842779e-01  8.83328557e-01 -3.16422880e-01  2.28730835e+01]
 [ 4.37226985e-03 -3.35711837e-01 -9.41954613e-01  1.04710413e+02]
 [ 0.00000000e+00  0.00000000e+00  0.00000000e+00  1.00000000e+00]]
T_pred (Predicted Transformation):
[[-5.30168896e-02  9.43828796e-01 -3.26153971e-01  3.18098539e+01]
 [ 9.92067885e-01  8.70603751e-02  9.06741542e-02  1.22491936e+01]
 [ 1.13975965e-01 -3.18759619e-01 -9.40957908e-01  9.34989785e+01]
 [ 0.00000000e+00  0.00000000e+00  0.00000000e+00  1.00000000e+00]]
T_pred_ICP (Predicted Transformation from ICP):
[[ 6.92466882e-02  9.61620687e-01 -2.65500565e-01  3.10357308e+01]
 [ 5.16432012e-01  1.93148502e-01  8.34261130e-01  1.68400620e+01]
 [ 8.53523798e-01 -1.94882811e-01 -4.83236812e-01  8.88488153e+01]
 [ 0.00000000e+00  0.00000000e+00  0.00000000e+00  1.00000000e+00]]
