Object ID: 10
Inlier ration of P_pred: 0.046103183180093765
Num. of correspondences: 1822
Avg. Euclidean Distance (ADD) [cm]: 9.841029794946566
Add Score thres: 0
Add Score thres (xyz direction): 0
Add-S Score: 0
Avg. Euclidean Distance (ADD) ICP: 9.85182718129883
Add Score ICP thres: 9.85182718129883
Add Score ICP thres (xyz direction): 0
Add-S Score ICP: 0
Error [cm]: 2.794111398897373
Error [deg]: 142.75411140221624
T_gt (Ground Truth Transformation):
[[  0.50369358   0.85186446   0.1435959  -35.3493103 ]
 [  0.77838349  -0.37542939  -0.50316221  -0.56771393]
 [ -0.37471586   0.36521229  -0.85217863 136.47216797]
 [  0.           0.           0.           1.        ]]
T_pred (Predicted Transformation):
[[  0.14779934  -0.86732642   0.47528964 -32.92624557]
 [ -0.85633493  -0.35265988  -0.37725521   0.82688972]
 [  0.494819    -0.35124906  -0.7948448  136.90898251]
 [  0.           0.           0.           1.        ]]
T_pred_ICP (Predicted Transformation from ICP):
[[ 1.32386035e-01 -8.63186629e-01  4.87219439e-01 -3.29623744e+01]
 [-8.53468138e-01 -3.49232566e-01 -3.86818760e-01  8.19103941e-01]
 [ 5.04049676e-01 -3.64616866e-01 -7.82935799e-01  1.36903830e+02]
 [ 0.00000000e+00  0.00000000e+00  0.00000000e+00  1.00000000e+00]]
