Object ID: 15
Inlier ration of P_pred: 0.430425763130188
Num. of correspondences: 1926
Avg. Euclidean Distance (ADD) [cm]: 7.986235307995794
Add Score thres: 0
Add Score thres (xyz direction): 0
Add-S Score: 0
Avg. Euclidean Distance (ADD) ICP: 7.967287533278999
Add Score ICP thres: 7.967287533278999
Add Score ICP thres (xyz direction): 0
Add-S Score ICP: 0
Error [cm]: 3.4633041103275395
Error [deg]: 116.6133601307711
T_gt (Ground Truth Transformation):
[[-9.69719887e-01  1.02943078e-01 -2.21464008e-01 -1.27513420e+01]
 [ 1.81586757e-01  9.10309732e-01 -3.71970981e-01 -5.05773506e+00]
 [ 1.63309023e-01 -4.00922537e-01 -9.01438534e-01  1.17740161e+02]
 [ 0.00000000e+00  0.00000000e+00  0.00000000e+00  1.00000000e+00]]
T_pred (Predicted Transformation):
[[ 5.32462609e-01  8.44264987e-01  6.08292836e-02 -1.20888352e+01]
 [ 8.06783671e-01 -4.84453814e-01 -3.38237507e-01 -8.46070829e+00]
 [-2.56093106e-01  2.29174898e-01 -9.39092747e-01  1.18007729e+02]
 [ 0.00000000e+00  0.00000000e+00  0.00000000e+00  1.00000000e+00]]
T_pred_ICP (Predicted Transformation from ICP):
[[ 5.30763399e-01  8.45085070e-01  6.41984346e-02 -1.20219276e+01]
 [ 8.08700487e-01 -4.82334857e-01 -3.36684729e-01 -8.43438824e+00]
 [-2.53562095e-01  2.30617237e-01 -9.39426396e-01  1.17986420e+02]
 [ 0.00000000e+00  0.00000000e+00  0.00000000e+00  1.00000000e+00]]
