Object ID: 13
Inlier ration of P_pred: 0.07200000435113907
Num. of correspondences: 2000
Avg. Euclidean Distance (ADD) [cm]: 12.599164977894802
Add Score thres: 0
Add Score thres (xyz direction): 0
Add-S Score: 0
Avg. Euclidean Distance (ADD) ICP: 12.537711075893565
Add Score ICP thres: 12.537711075893565
Add Score ICP thres (xyz direction): 0
Add-S Score ICP: 0
Error [cm]: 9.269004989710284
Error [deg]: 173.19028686158651
T_gt (Ground Truth Transformation):
[[-8.02242458e-01 -5.96363962e-01 -2.75151338e-02  3.91966827e+01]
 [-5.83661914e-01  7.93174922e-01 -1.73816904e-01 -2.08899780e+01]
 [ 1.25482455e-01 -1.23383760e-01 -9.84393537e-01  1.22668726e+02]
 [ 0.00000000e+00  0.00000000e+00  0.00000000e+00  1.00000000e+00]]
T_pred (Predicted Transformation):
[[-4.19201767e-01  8.56166331e-01  3.02074646e-01  3.65686594e+01]
 [-5.96998538e-01 -5.10618125e-01  6.18758334e-01 -1.27825246e+01]
 [ 6.84004842e-01  7.90464649e-02  7.25182068e-01  1.26553049e+02]
 [ 0.00000000e+00  0.00000000e+00  0.00000000e+00  1.00000000e+00]]
T_pred_ICP (Predicted Transformation from ICP):
[[-4.16894209e-01  8.58355755e-01  2.99039489e-01  3.66716892e+01]
 [-6.07235108e-01 -5.07812064e-01  6.11058451e-01 -1.28915971e+01]
 [ 6.76361399e-01  7.31594534e-02  7.32927659e-01  1.26613946e+02]
 [ 0.00000000e+00  0.00000000e+00  0.00000000e+00  1.00000000e+00]]
