Object ID: 8
Inlier ration of P_pred: 0.004500000271946192
Num. of correspondences: 2000
Avg. Euclidean Distance (ADD) [cm]: 17.957843395310938
Add Score thres: 0
Add Score thres (xyz direction): 0
Add-S Score: 0
Avg. Euclidean Distance (ADD) ICP: 18.067499569337617
Add Score ICP thres: 18.067499569337617
Add Score ICP thres (xyz direction): 0
Add-S Score ICP: 0
Error [cm]: 12.867237216981193
Error [deg]: 159.97231047201697
T_gt (Ground Truth Transformation):
[[-5.50897241e-01 -8.33748698e-01 -3.70872617e-02  2.54099701e+01]
 [-8.16322625e-01  5.47560334e-01 -1.83834419e-01  5.04144363e+00]
 [ 1.73579216e-01 -7.09986985e-02 -9.82257426e-01  1.27960986e+02]
 [ 0.00000000e+00  0.00000000e+00  0.00000000e+00  1.00000000e+00]]
T_pred (Predicted Transformation):
[[ 2.70479451e-01 -4.87907367e-01 -8.29932086e-01  2.87622562e+01]
 [ 9.61794685e-01  1.74850124e-01  2.10661857e-01 -2.40272429e+00]
 [ 4.23302559e-02 -8.55203973e-01  5.16560078e-01  1.18255073e+02]
 [ 0.00000000e+00  0.00000000e+00  0.00000000e+00  1.00000000e+00]]
T_pred_ICP (Predicted Transformation from ICP):
[[ 2.70540515e-01 -5.27029248e-01 -8.05635154e-01  2.85461199e+01]
 [ 9.61570395e-01  1.88611686e-01  1.99519441e-01 -2.13074722e+00]
 [ 4.67996238e-02 -8.28653005e-01  5.57802825e-01  1.17748737e+02]
 [ 0.00000000e+00  0.00000000e+00  0.00000000e+00  1.00000000e+00]]
