Object ID: 14
Inlier ration of P_pred: 0.05150000378489494
Num. of correspondences: 2000
Avg. Euclidean Distance (ADD) [cm]: 15.020332313764891
Add Score thres: 0
Add Score thres (xyz direction): 0
Add-S Score: 0
Avg. Euclidean Distance (ADD) ICP: 15.778562822072146
Add Score ICP thres: 15.778562822072146
Add Score ICP thres (xyz direction): 0
Add-S Score ICP: 0
Error [cm]: 16.45216575929988
Error [deg]: 82.0022634754668
T_gt (Ground Truth Transformation):
[[-4.48523909e-01 -7.97456026e-01 -4.03596610e-01 -2.56006737e+00]
 [-4.94716972e-01  5.97593248e-01 -6.30981326e-01  9.49106445e+00]
 [ 7.44366467e-01 -8.33441243e-02 -6.62549853e-01  1.07274011e+02]
 [ 0.00000000e+00  0.00000000e+00  0.00000000e+00  1.00000000e+00]]
T_pred (Predicted Transformation):
[[-4.37524837e-01  4.74442464e-02 -8.97953819e-01 -3.92394783e+00]
 [ 6.11855858e-01  7.47491018e-01 -2.58630212e-01 -3.43753799e+00]
 [ 6.58941899e-01 -6.62575446e-01 -3.56074926e-01  9.87801688e+01]
 [ 0.00000000e+00  0.00000000e+00  0.00000000e+00  1.00000000e+00]]
T_pred_ICP (Predicted Transformation from ICP):
[[-1.12668456e-01  7.05121200e-02 -9.91127570e-01 -6.45441910e+00]
 [ 6.23046041e-01  7.82037670e-01 -1.51892674e-02 -3.50566091e+00]
 [ 7.74028068e-01 -6.19229460e-01 -1.32043274e-01  9.79684799e+01]
 [ 0.00000000e+00  0.00000000e+00  0.00000000e+00  1.00000000e+00]]
