Object ID: 14
Inlier ration of P_pred: 0.017500000074505806
Num. of correspondences: 2000
Avg. Euclidean Distance (ADD) [cm]: 13.401942528277834
Add Score thres: 0
Add Score thres (xyz direction): 0
Add-S Score: 0
Avg. Euclidean Distance (ADD) ICP: 13.451691700196006
Add Score ICP thres: 13.451691700196006
Add Score ICP thres (xyz direction): 0
Add-S Score ICP: 0
Error [cm]: 7.70700854687469
Error [deg]: 162.95092610901128
T_gt (Ground Truth Transformation):
[[ 0.34409559 -0.90725636  0.24183543  7.46808701]
 [-0.52055591 -0.3986899  -0.75502872 16.79069519]
 [ 0.78142178  0.13391332 -0.60946512 52.09328613]
 [ 0.          0.          0.          1.        ]]
T_pred (Predicted Transformation):
[[-5.91384019e-01  8.06361777e-01 -6.75475916e-03  1.36343724e+01]
 [-7.75683492e-01 -5.66555171e-01  2.78083364e-01  1.24984653e+01]
 [ 2.20408852e-01  1.69693613e-01  9.60533193e-01  5.03629913e+01]
 [ 0.00000000e+00  0.00000000e+00  0.00000000e+00  1.00000000e+00]]
T_pred_ICP (Predicted Transformation from ICP):
[[-5.83497969e-01  8.12061829e-01 -9.25772843e-03  1.35223902e+01]
 [-7.74634893e-01 -5.53109812e-01  3.06611022e-01  1.23731762e+01]
 [ 2.43866567e-01  1.86078268e-01  9.51789880e-01  5.02963666e+01]
 [ 0.00000000e+00  0.00000000e+00  0.00000000e+00  1.00000000e+00]]
