Object ID: 10
Inlier ration of P_pred: 0.1709616631269455
Num. of correspondences: 1591
Avg. Euclidean Distance (ADD) [cm]: 3.9071947280869708
Add Score thres: 0
Add Score thres (xyz direction): 0
Add-S Score: 0
Avg. Euclidean Distance (ADD) ICP: 3.9457226237321272
Add Score ICP thres: 3.9457226237321272
Add Score ICP thres (xyz direction): 0
Add-S Score ICP: 0
Error [cm]: 0.6435730786177472
Error [deg]: 45.11783295421179
T_gt (Ground Truth Transformation):
[[ -0.67811632   0.71009767   0.18952505 -24.04350433]
 [  0.4995172    0.6344564   -0.58987093 -24.77880554]
 [ -0.53911132  -0.30533004  -0.78494126 142.34433594]
 [  0.           0.           0.           1.        ]]
T_pred (Predicted Transformation):
[[-9.78253892e-01  1.80488091e-02  2.06624208e-01 -2.34161828e+01]
 [-9.57194798e-02  8.44490759e-01 -5.26946998e-01 -2.43124952e+01]
 [-1.84003000e-01 -5.35265913e-01 -8.24398749e-01  1.42127706e+02]
 [ 0.00000000e+00  0.00000000e+00  0.00000000e+00  1.00000000e+00]]
T_pred_ICP (Predicted Transformation from ICP):
[[-9.83278411e-01  2.32043549e-02  1.80624261e-01 -2.36971587e+01]
 [-9.17244369e-02  7.93742858e-01 -6.01297683e-01 -2.43150060e+01]
 [-1.57321942e-01 -6.07810689e-01 -7.78341810e-01  1.42063051e+02]
 [ 0.00000000e+00  0.00000000e+00  0.00000000e+00  1.00000000e+00]]
