Object ID: 6
Inlier ration of P_pred: 0.07445887476205826
Num. of correspondences: 1155
Avg. Euclidean Distance (ADD) [cm]: 9.33773539248065
Add Score thres: 0
Add Score thres (xyz direction): 0
Add-S Score: 0
Avg. Euclidean Distance (ADD) ICP: 9.386155499387412
Add Score ICP thres: 9.386155499387412
Add Score ICP thres (xyz direction): 0
Add-S Score ICP: 0
Error [cm]: 4.8621430036389475
Error [deg]: 106.57971351354033
T_gt (Ground Truth Transformation):
[[-9.01914954e-01  2.57398576e-01  3.46837431e-01 -2.44743729e+01]
 [-1.36473989e-02  7.85638690e-01 -6.18535101e-01 -6.75700607e+00]
 [-4.31698948e-01 -5.62599242e-01 -7.05066562e-01  1.00766302e+02]
 [ 0.00000000e+00  0.00000000e+00  0.00000000e+00  1.00000000e+00]]
T_pred (Predicted Transformation):
[[ -0.46079106  -0.878359     0.12711046 -22.54059094]
 [ -0.39451712   0.33101345   0.85719679 -10.84888564]
 [ -0.79500179   0.34484136  -0.4990557   99.12989202]
 [  0.           0.           0.           1.        ]]
T_pred_ICP (Predicted Transformation from ICP):
[[-4.44986626e-01 -8.92197715e-01  7.72666740e-02 -2.24145296e+01]
 [-4.45066335e-01  2.95196004e-01  8.45443834e-01 -1.08135201e+01]
 [-7.77111871e-01  3.41822404e-01 -5.28445441e-01  9.90510258e+01]
 [ 0.00000000e+00  0.00000000e+00  0.00000000e+00  1.00000000e+00]]
