Object ID: 8
Inlier ration of P_pred: 0.07250000536441803
Num. of correspondences: 2000
Avg. Euclidean Distance (ADD) [cm]: 12.336681533474884
Add Score thres: 0
Add Score thres (xyz direction): 0
Add-S Score: 0
Avg. Euclidean Distance (ADD) ICP: 12.348714807267978
Add Score ICP thres: 12.348714807267978
Add Score ICP thres (xyz direction): 0
Add-S Score ICP: 0
Error [cm]: 4.228619094747354
Error [deg]: 159.02505203626103
T_gt (Ground Truth Transformation):
[[ 6.89894617e-01 -7.07968891e-01  1.51081249e-01 -3.14035401e-07]
 [ 3.33232842e-02 -1.77422434e-01 -9.83570516e-01  2.08297915e-06]
 [ 7.23142445e-01  6.83594584e-01 -9.88109633e-02  6.73698364e+01]
 [ 0.00000000e+00  0.00000000e+00  0.00000000e+00  1.00000000e+00]]
T_pred (Predicted Transformation):
[[-0.9268954   0.36450368 -0.08945386  3.68182045]
 [ 0.32982209  0.67731601 -0.65761722 -2.15222354]
 [-0.17911537 -0.63904623 -0.74802246 67.59310016]
 [ 0.          0.          0.          1.        ]]
T_pred_ICP (Predicted Transformation from ICP):
[[-0.93035852  0.35948629 -0.07212933  3.62089042]
 [ 0.31800159  0.69322277 -0.64677444 -2.16537531]
 [-0.18250485 -0.62466935 -0.75926292 67.65533682]
 [ 0.          0.          0.          1.        ]]
