Object ID: 6
Inlier ration of P_pred: 0.20800000429153442
Num. of correspondences: 2000
Avg. Euclidean Distance (ADD) [cm]: 7.38252068320495
Add Score thres: 0
Add Score thres (xyz direction): 0
Add-S Score: 0
Avg. Euclidean Distance (ADD) ICP: 7.3495405095216535
Add Score ICP thres: 7.3495405095216535
Add Score ICP thres (xyz direction): 0
Add-S Score ICP: 0
Error [cm]: 4.0074096335273675
Error [deg]: 141.21810161096312
T_gt (Ground Truth Transformation):
[[-9.37683463e-01  2.72699185e-02 -3.46418649e-01 -8.04406967e+00]
 [ 2.42562637e-01  7.65215397e-01 -5.96329331e-01  1.47554184e+01]
 [ 2.48823047e-01 -6.43196464e-01 -7.24144459e-01  5.57259766e+01]
 [ 0.00000000e+00  0.00000000e+00  0.00000000e+00  1.00000000e+00]]
T_pred (Predicted Transformation):
[[ 0.77077151  0.53770425 -0.34173882 -8.94149681]
 [ 0.35553522 -0.8081129  -0.46962565 18.24367236]
 [-0.52868326  0.24047388 -0.8140432  53.85464711]
 [ 0.          0.          0.          1.        ]]
T_pred_ICP (Predicted Transformation from ICP):
[[ 0.7821449   0.51835056 -0.34577746 -8.94322035]
 [ 0.34620706 -0.82291403 -0.45050325 18.19729955]
 [-0.51806373  0.23264822 -0.82309463 53.88089819]
 [ 0.          0.          0.          1.        ]]
