Object ID: 10
Inlier ration of P_pred: 0.1210000067949295
Num. of correspondences: 2000
Avg. Euclidean Distance (ADD) [cm]: 15.893499029387522
Add Score thres: 0
Add Score thres (xyz direction): 0
Add-S Score: 0
Avg. Euclidean Distance (ADD) ICP: 15.732917148472172
Add Score ICP thres: 15.732917148472172
Add Score ICP thres (xyz direction): 0
Add-S Score ICP: 0
Error [cm]: 13.455177514203527
Error [deg]: 179.28772538446106
T_gt (Ground Truth Transformation):
[[ 1.48638068e-02 -9.99851525e-01  8.71998724e-03  4.82802570e-06]
 [-6.70469999e-01 -1.64363161e-02 -7.41754591e-01  9.02142565e-06]
 [ 7.41787732e-01  5.17882826e-03 -6.70614779e-01  6.61099182e+01]
 [ 0.00000000e+00  0.00000000e+00  0.00000000e+00  1.00000000e+00]]
T_pred (Predicted Transformation):
[[ 1.87712758e-01  9.24636619e-01  3.31377495e-01 -1.41993627e+00]
 [ 6.71543479e-02  3.24503821e-01 -9.43497517e-01  4.73425755e+00]
 [-9.79925616e-01  1.99359961e-01 -1.17986187e-03  5.33607759e+01]
 [ 0.00000000e+00  0.00000000e+00  0.00000000e+00  1.00000000e+00]]
T_pred_ICP (Predicted Transformation from ICP):
[[ 1.36295391e-01  9.31698879e-01  3.36690904e-01 -1.80423459e+00]
 [ 6.92273921e-04  3.39772762e-01 -9.40507305e-01  4.28625290e+00]
 [-9.90668000e-01  1.28419893e-01  4.56644705e-02  5.34839673e+01]
 [ 0.00000000e+00  0.00000000e+00  0.00000000e+00  1.00000000e+00]]
