Object ID: 14
Inlier ration of P_pred: 0.20000000298023224
Num. of correspondences: 2000
Avg. Euclidean Distance (ADD) [cm]: 19.36686851345615
Add Score thres: 0
Add Score thres (xyz direction): 0
Add-S Score: 0
Avg. Euclidean Distance (ADD) ICP: 19.374825355568593
Add Score ICP thres: 19.374825355568593
Add Score ICP thres (xyz direction): 0
Add-S Score ICP: 0
Error [cm]: 16.90644543104539
Error [deg]: 136.32208543567734
T_gt (Ground Truth Transformation):
[[ -0.91892326   0.36540863   0.14851682  20.6822403 ]
 [  0.26409531   0.84965718  -0.45643887 -34.11559448]
 [ -0.29297507  -0.38020957  -0.87727249 102.68310547]
 [  0.           0.           0.           1.        ]]
T_pred (Predicted Transformation):
[[-2.09373714e-01 -8.66113479e-01 -4.53883344e-01  2.58901385e+01]
 [ 9.39720587e-01 -4.98910254e-02 -3.38284059e-01 -3.21557528e+01]
 [ 2.70347677e-01 -4.97351312e-01  8.24350536e-01  8.67032094e+01]
 [ 0.00000000e+00  0.00000000e+00  0.00000000e+00  1.00000000e+00]]
T_pred_ICP (Predicted Transformation from ICP):
[[-2.00622214e-01 -8.65508470e-01 -4.58961671e-01  2.59213857e+01]
 [ 9.42013760e-01 -4.17931032e-02 -3.32961577e-01 -3.22431579e+01]
 [ 2.68999633e-01 -4.99147698e-01  8.23705514e-01  8.67183557e+01]
 [ 0.00000000e+00  0.00000000e+00  0.00000000e+00  1.00000000e+00]]
