Object ID: 13
Inlier ration of P_pred: 0.13706853985786438
Num. of correspondences: 1999
Avg. Euclidean Distance (ADD) [cm]: 15.085774399718659
Add Score thres: 0
Add Score thres (xyz direction): 0
Add-S Score: 0
Avg. Euclidean Distance (ADD) ICP: 15.090908272301313
Add Score ICP thres: 15.090908272301313
Add Score ICP thres (xyz direction): 0
Add-S Score ICP: 0
Error [cm]: 3.758906499588552
Error [deg]: 170.60560216535276
T_gt (Ground Truth Transformation):
[[ 6.44666702e-02 -9.96897221e-01 -4.51674610e-02 -3.11954712e+01]
 [-9.24113154e-01 -4.25546467e-02 -3.79742146e-01  1.46333374e+01]
 [ 3.76641780e-01  6.62205741e-02 -9.23989177e-01  5.13258362e+01]
 [ 0.00000000e+00  0.00000000e+00  0.00000000e+00  1.00000000e+00]]
T_pred (Predicted Transformation):
[[ -0.1286342    0.53733367   0.83350211 -27.85470383]
 [  0.81281761   0.53863847  -0.22180201  15.2989643 ]
 [ -0.56813799   0.64895387  -0.5060416   52.77438833]
 [  0.           0.           0.           1.        ]]
T_pred_ICP (Predicted Transformation from ICP):
[[ -0.13369331   0.54283987   0.82912663 -27.79244333]
 [  0.81054053   0.54128314  -0.22368866  15.33261401]
 [ -0.57021939   0.64213506  -0.51235965  52.76103362]
 [  0.           0.           0.           1.        ]]
