Object ID: 6
Inlier ration of P_pred: 0.0
Num. of correspondences: 1178
Avg. Euclidean Distance (ADD) [cm]: 9.720870657440768
Add Score thres: 0
Add Score thres (xyz direction): 0
Add-S Score: 0
Avg. Euclidean Distance (ADD) ICP: 9.685664789381956
Add Score ICP thres: 9.685664789381956
Add Score ICP thres (xyz direction): 0
Add-S Score ICP: 0
Error [cm]: 7.448309502995788
Error [deg]: 179.21070020329935
T_gt (Ground Truth Transformation):
[[-8.57762918e-02 -9.93440509e-01 -7.56231397e-02 -4.37302521e+01]
 [-9.63262081e-01  1.02079593e-01 -2.48407483e-01 -3.60772629e+00]
 [ 2.54497588e-01  5.15374728e-02 -9.65699553e-01  7.18010620e+01]
 [ 0.00000000e+00  0.00000000e+00  0.00000000e+00  1.00000000e+00]]
T_pred (Predicted Transformation):
[[ 5.06291575e-02  9.39144596e-01 -3.39770681e-01 -3.68417597e+01]
 [ 9.48942362e-01 -1.51299251e-01 -2.76797636e-01 -3.42242491e+00]
 [-3.11360053e-01 -3.08408762e-01 -8.98854245e-01  7.48072639e+01]
 [ 0.00000000e+00  0.00000000e+00  0.00000000e+00  1.00000000e+00]]
T_pred_ICP (Predicted Transformation from ICP):
[[ 5.16569292e-02  9.25050492e-01 -3.76315226e-01 -3.68713110e+01]
 [ 9.40302168e-01 -1.71983084e-01 -2.93689721e-01 -3.43734321e+00]
 [-3.36397674e-01 -3.38678914e-01 -8.78711101e-01  7.46998914e+01]
 [ 0.00000000e+00  0.00000000e+00  0.00000000e+00  1.00000000e+00]]
