Object ID: 8
Inlier ration of P_pred: 0.17387755215168
Num. of correspondences: 1225
Avg. Euclidean Distance (ADD) [cm]: 14.19848235425009
Add Score thres: 0
Add Score thres (xyz direction): 0
Add-S Score: 0
Avg. Euclidean Distance (ADD) ICP: 14.17444127575353
Add Score ICP thres: 14.17444127575353
Add Score ICP thres (xyz direction): 0
Add-S Score ICP: 0
Error [cm]: 8.031731757731341
Error [deg]: 158.22596558510617
T_gt (Ground Truth Transformation):
[[ 1.71393514e-01  7.74928212e-01 -6.08367145e-01 -3.45661346e+01]
 [ 2.91648299e-01 -6.29735827e-01 -7.19982028e-01  1.34411270e+01]
 [-9.41044927e-01 -5.40289655e-02 -3.33939135e-01  1.41270166e+02]
 [ 0.00000000e+00  0.00000000e+00  0.00000000e+00  1.00000000e+00]]
T_pred (Predicted Transformation):
[[ 4.52927528e-01 -8.90423053e-01  4.47598157e-02 -3.85148806e+01]
 [ 3.37689817e-01  1.24874252e-01 -9.32937302e-01  1.56180734e+01]
 [ 8.25119532e-01  4.37667920e-01  3.57245784e-01  1.34576382e+02]
 [ 0.00000000e+00  0.00000000e+00  0.00000000e+00  1.00000000e+00]]
T_pred_ICP (Predicted Transformation from ICP):
[[ 4.51459802e-01 -8.90137739e-01  6.19584687e-02 -3.86161659e+01]
 [ 3.21785804e-01  9.76513406e-02 -9.41763299e-01  1.54873723e+01]
 [ 8.32248727e-01  4.45105628e-01  3.30519343e-01  1.34643037e+02]
 [ 0.00000000e+00  0.00000000e+00  0.00000000e+00  1.00000000e+00]]
