Object ID: 13
Inlier ration of P_pred: 0.145266592502594
Num. of correspondences: 1838
Avg. Euclidean Distance (ADD) [cm]: 13.74858446628715
Add Score thres: 0
Add Score thres (xyz direction): 0
Add-S Score: 0
Avg. Euclidean Distance (ADD) ICP: 13.741365560370136
Add Score ICP thres: 13.741365560370136
Add Score ICP thres (xyz direction): 0
Add-S Score ICP: 0
Error [cm]: 1.7012614963649768
Error [deg]: 139.95670664552267
T_gt (Ground Truth Transformation):
[[ -0.15086657  -0.83878404  -0.52314496 -21.8391098 ]
 [ -0.69229501   0.46741119  -0.54977667  26.68701477]
 [  0.70566773   0.27922773  -0.65120274 132.14395752]
 [  0.           0.           0.           1.        ]]
T_pred (Predicted Transformation):
[[-5.21618859e-01  7.91877206e-01  3.17559846e-01 -2.07765501e+01]
 [ 6.53278834e-01  6.10109511e-01 -4.48322595e-01  2.65147724e+01]
 [-5.48762726e-01 -2.63983946e-02 -8.35561245e-01  1.30820273e+02]
 [ 0.00000000e+00  0.00000000e+00  0.00000000e+00  1.00000000e+00]]
T_pred_ICP (Predicted Transformation from ICP):
[[-5.14710885e-01  8.05217572e-01  2.94444167e-01 -2.08220512e+01]
 [ 6.63133439e-01  5.91575675e-01 -4.58576344e-01  2.65691043e+01]
 [-5.43439737e-01 -4.07784626e-02 -8.38457136e-01  1.30785289e+02]
 [ 0.00000000e+00  0.00000000e+00  0.00000000e+00  1.00000000e+00]]
