Object ID: 6
Inlier ration of P_pred: 0.3271768093109131
Num. of correspondences: 758
Avg. Euclidean Distance (ADD) [cm]: 4.198620188630529
Add Score thres: 0
Add Score thres (xyz direction): 0
Add-S Score: 0
Avg. Euclidean Distance (ADD) ICP: 4.101542422064882
Add Score ICP thres: 4.101542422064882
Add Score ICP thres (xyz direction): 0
Add-S Score ICP: 0
Error [cm]: 1.9383272452862494
Error [deg]: 46.70835798307227
T_gt (Ground Truth Transformation):
[[-9.82310295e-01  1.83551013e-01 -3.70875448e-02 -2.83705566e+01]
 [ 1.87249243e-01  9.64957297e-01 -1.83834642e-01  1.76615082e+01]
 [ 2.04486190e-03 -1.87527284e-01 -9.82257247e-01  1.32238770e+02]
 [ 0.00000000e+00  0.00000000e+00  0.00000000e+00  1.00000000e+00]]
T_pred (Predicted Transformation):
[[-9.64607846e-01 -2.61289553e-01  3.54890490e-02 -2.74758402e+01]
 [-2.07233513e-01  8.34412207e-01  5.10696132e-01  1.69641705e+01]
 [-1.63052060e-01  4.85266975e-01 -8.59028514e-01  1.30720137e+02]
 [ 0.00000000e+00  0.00000000e+00  0.00000000e+00  1.00000000e+00]]
T_pred_ICP (Predicted Transformation from ICP):
[[-9.76364055e-01 -2.12838511e-01  3.75898895e-02 -2.75334675e+01]
 [-1.65637816e-01  8.48580354e-01  5.02469399e-01  1.71185255e+01]
 [-1.38842880e-01  4.84366753e-01 -8.63777462e-01  1.30576974e+02]
 [ 0.00000000e+00  0.00000000e+00  0.00000000e+00  1.00000000e+00]]
