Object ID: 14
Inlier ration of P_pred: 0.11000000685453415
Num. of correspondences: 2000
Avg. Euclidean Distance (ADD) [cm]: 2.9667680108321814
Add Score thres: 0
Add Score thres (xyz direction): 0
Add-S Score: 0
Avg. Euclidean Distance (ADD) ICP: 2.9440824512894266
Add Score ICP thres: 2.9440824512894266
Add Score ICP thres (xyz direction): 0
Add-S Score ICP: 0
Error [cm]: 1.9841871548239849
Error [deg]: 22.779122866136063
T_gt (Ground Truth Transformation):
[[-7.42942154e-01  6.67474627e-01 -5.01500480e-02  5.73000412e+00]
 [ 6.56892180e-01  7.12667525e-01 -2.46166050e-01 -4.31228882e+01]
 [-1.28569260e-01 -2.15830252e-01 -9.67929661e-01  1.06593054e+02]
 [ 0.00000000e+00  0.00000000e+00  0.00000000e+00  1.00000000e+00]]
T_pred (Predicted Transformation):
[[-8.07185864e-01  5.21675388e-01 -2.76234992e-01  7.31579404e+00]
 [ 5.82618036e-01  6.28833374e-01 -5.14902720e-01 -4.24138859e+01]
 [-9.49062944e-02 -5.76561686e-01 -8.11522900e-01  1.05730359e+02]
 [ 0.00000000e+00  0.00000000e+00  0.00000000e+00  1.00000000e+00]]
T_pred_ICP (Predicted Transformation from ICP):
[[-8.08566571e-01  5.19006449e-01 -2.77222664e-01  7.32589450e+00]
 [ 5.81682774e-01  6.34041973e-01 -5.09544823e-01 -4.23263530e+01]
 [-8.86862449e-02 -5.73256559e-01 -8.14562255e-01  1.05723765e+02]
 [ 0.00000000e+00  0.00000000e+00  0.00000000e+00  1.00000000e+00]]
