Object ID: 15
Inlier ration of P_pred: 0.3205000162124634
Num. of correspondences: 2000
Avg. Euclidean Distance (ADD) [cm]: 1.6669240716828797
Add Score thres: 1
Add Score thres (xyz direction): 0
Add-S Score: 0
Avg. Euclidean Distance (ADD) ICP: 9.349413145248647e-07
Add Score ICP thres: 9.349413145248647e-07
Add Score ICP thres (xyz direction): 0
Add-S Score ICP: 0
Error [cm]: 4.894034596758217e-07
Error [deg]: 0.0
T_gt (Ground Truth Transformation):
[[ 9.91725147e-01  1.20727420e-01  4.36590724e-02  1.87790007e-05]
 [ 1.25185311e-01 -9.84799147e-01 -1.20414399e-01 -3.59450205e-05]
 [ 2.84580905e-02  1.24883458e-01 -9.91763353e-01  6.78303467e+01]
 [ 0.00000000e+00  0.00000000e+00  0.00000000e+00  1.00000000e+00]]
T_pred (Predicted Transformation):
[[ 9.91309515e-01  9.63374379e-02  8.95798160e-02  1.26531769e+00]
 [ 1.04688544e-01 -9.90077302e-01 -9.37403073e-02  8.69304112e-03]
 [ 7.96602414e-02  1.02303639e-01 -9.91558476e-01  6.90267162e+01]
 [ 0.00000000e+00  0.00000000e+00  0.00000000e+00  1.00000000e+00]]
T_pred_ICP (Predicted Transformation from ICP):
[[ 9.91725152e-01  1.20727409e-01  4.36590749e-02  1.87799910e-05]
 [ 1.25185298e-01 -9.84798974e-01 -1.20414373e-01 -3.56906286e-05]
 [ 2.84580969e-02  1.24883437e-01 -9.91763210e-01  6.78303471e+01]
 [ 0.00000000e+00  0.00000000e+00  0.00000000e+00  1.00000000e+00]]
