Object ID: 8
Inlier ration of P_pred: 0.058029018342494965
Num. of correspondences: 1999
Avg. Euclidean Distance (ADD) [cm]: 10.16720485397536
Add Score thres: 0
Add Score thres (xyz direction): 0
Add-S Score: 0
Avg. Euclidean Distance (ADD) ICP: 10.17795565614563
Add Score ICP thres: 10.17795565614563
Add Score ICP thres (xyz direction): 0
Add-S Score ICP: 0
Error [cm]: 2.7636229758105126
Error [deg]: 150.64236035074697
T_gt (Ground Truth Transformation):
[[-0.48461092 -0.86820549 -0.10663893 12.56713867]
 [-0.51214987  0.3804507  -0.7700389  -8.8973526 ]
 [ 0.70912278 -0.31855401 -0.62902194 49.85635986]
 [ 0.          0.          0.          1.        ]]
T_pred (Predicted Transformation):
[[-3.52614174e-02  9.80678491e-01  1.92422269e-01  1.41927056e+01]
 [ 7.85302866e-01  1.46275253e-01 -6.01583710e-01 -6.74815257e+00]
 [-6.18106821e-01  1.29897065e-01 -7.75287502e-01  4.93420484e+01]
 [ 0.00000000e+00  0.00000000e+00  0.00000000e+00  1.00000000e+00]]
T_pred_ICP (Predicted Transformation from ICP):
[[-2.11727891e-02  9.82712597e-01  1.83922985e-01  1.42330833e+01]
 [ 7.89800134e-01  1.29235681e-01 -5.99594769e-01 -6.75440007e+00]
 [-6.12998745e-01  1.32567305e-01 -7.78882820e-01  4.93367494e+01]
 [ 0.00000000e+00  0.00000000e+00  0.00000000e+00  1.00000000e+00]]
