Object ID: 6
Inlier ration of P_pred: 0.18424101173877716
Num. of correspondences: 863
Avg. Euclidean Distance (ADD) [cm]: 6.054185336783809
Add Score thres: 0
Add Score thres (xyz direction): 0
Add-S Score: 0
Avg. Euclidean Distance (ADD) ICP: 5.906625788297401
Add Score ICP thres: 5.906625788297401
Add Score ICP thres (xyz direction): 0
Add-S Score ICP: 0
Error [cm]: 3.6008909235223294
Error [deg]: 99.02661271594422
T_gt (Ground Truth Transformation):
[[-9.49996337e-02 -9.94246900e-01 -4.94803488e-02 -3.79130615e+01]
 [-9.88741457e-01  1.00012541e-01 -1.11301370e-01  9.06151199e+00]
 [ 1.15609698e-01  3.83496881e-02 -9.92554247e-01  1.30659900e+02]
 [ 0.00000000e+00  0.00000000e+00  0.00000000e+00  1.00000000e+00]]
T_pred (Predicted Transformation):
[[ -0.90185714   0.24001249  -0.35923211 -40.73306826]
 [  0.30809247   0.94019497  -0.14530122   6.53884104]
 [  0.30287411  -0.24171765  -0.92186759 130.82157545]
 [  0.           0.           0.           1.        ]]
T_pred_ICP (Predicted Transformation from ICP):
[[ -0.91418628   0.20562261  -0.34926034 -40.57583831]
 [  0.27194793   0.95016367  -0.15242479   6.64397375]
 [  0.30051251  -0.23432528  -0.92454524 130.83750641]
 [  0.           0.           0.           1.        ]]
