Object ID: 6
Inlier ration of P_pred: 0.07093963772058487
Num. of correspondences: 1607
Avg. Euclidean Distance (ADD) [cm]: 8.578991155425141
Add Score thres: 0
Add Score thres (xyz direction): 0
Add-S Score: 0
Avg. Euclidean Distance (ADD) ICP: 8.614218371131974
Add Score ICP thres: 8.614218371131974
Add Score ICP thres (xyz direction): 0
Add-S Score ICP: 0
Error [cm]: 3.4892218414602048
Error [deg]: 122.40655384931802
T_gt (Ground Truth Transformation):
[[-9.75107491e-01  1.86025813e-01  1.20667934e-01  2.31007462e+01]
 [ 6.62631616e-02  7.63803363e-01 -6.42038763e-01 -2.93295227e+01]
 [-2.11602330e-01 -6.18060648e-01 -7.57117152e-01  8.02668213e+01]
 [ 0.00000000e+00  0.00000000e+00  0.00000000e+00  1.00000000e+00]]
T_pred (Predicted Transformation):
[[  0.59429731   0.17258744   0.78550893  21.19292321]
 [  0.41439971   0.77135094  -0.48300166 -27.72325554]
 [ -0.68926308   0.61256126   0.3868916   77.83690367]
 [  0.           0.           0.           1.        ]]
T_pred_ICP (Predicted Transformation from ICP):
[[  0.58086222   0.14441402   0.80108905  21.28523474]
 [  0.46189255   0.75188117  -0.4704572  -27.74049146]
 [ -0.67026439   0.64328788   0.3700356   77.74619298]
 [  0.           0.           0.           1.        ]]
