Object ID: 13
Inlier ration of P_pred: 0.07459459453821182
Num. of correspondences: 1850
Avg. Euclidean Distance (ADD) [cm]: 17.93168646705415
Add Score thres: 0
Add Score thres (xyz direction): 0
Add-S Score: 0
Avg. Euclidean Distance (ADD) ICP: 17.849936629401775
Add Score ICP thres: 17.849936629401775
Add Score ICP thres (xyz direction): 0
Add-S Score ICP: 0
Error [cm]: 9.45602826913909
Error [deg]: 168.9834926811153
T_gt (Ground Truth Transformation):
[[ 1.52742177e-01  9.62945282e-01  2.22275451e-01  2.62310486e+01]
 [ 6.96992338e-01  5.44868894e-02 -7.15005696e-01 -8.17378769e+00]
 [-7.00622380e-01  2.64135867e-01 -6.62843049e-01  1.57076074e+02]
 [ 0.00000000e+00  0.00000000e+00  0.00000000e+00  1.00000000e+00]]
T_pred (Predicted Transformation):
[[ 1.09865940e-01  8.46431787e-01  5.21040023e-01  2.39677412e+01]
 [-8.42911447e-01 -1.98449794e-01  5.00117957e-01 -1.60894460e+01]
 [ 5.26716021e-01 -4.94136529e-01  6.91664169e-01  1.52160281e+02]
 [ 0.00000000e+00  0.00000000e+00  0.00000000e+00  1.00000000e+00]]
T_pred_ICP (Predicted Transformation from ICP):
[[ 1.07337052e-01  8.52065635e-01  5.12311342e-01  2.39960141e+01]
 [-8.46532485e-01 -1.91909566e-01  4.96541509e-01 -1.59999881e+01]
 [ 5.21403403e-01 -4.86985495e-01  7.00702232e-01  1.52262377e+02]
 [ 0.00000000e+00  0.00000000e+00  0.00000000e+00  1.00000000e+00]]
