Object ID: 14
Inlier ration of P_pred: 0.18200001120567322
Num. of correspondences: 2000
Avg. Euclidean Distance (ADD) [cm]: 1.8387358381437517
Add Score thres: 1
Add Score thres (xyz direction): 0
Add-S Score: 0
Avg. Euclidean Distance (ADD) ICP: 1.63296677472966
Add Score ICP thres: 1.63296677472966
Add Score ICP thres (xyz direction): 0
Add-S Score ICP: 0
Error [cm]: 1.0458085586963872
Error [deg]: 15.297254963096327
T_gt (Ground Truth Transformation):
[[ -0.92148644  -0.20674896   0.32881209  25.28158417]
 [ -0.36567411   0.74717808  -0.55498409   2.59286022]
 [ -0.1309388   -0.63164842  -0.76411718 110.95144043]
 [  0.           0.           0.           1.        ]]
T_pred (Predicted Transformation):
[[-8.58168804e-01 -5.99202616e-03  5.13332640e-01  2.54848311e+01]
 [-3.57700603e-01  7.24222263e-01 -5.89535743e-01  2.81643402e+00]
 [-3.68234413e-01 -6.89540578e-01 -6.23648305e-01  1.12055062e+02]
 [ 0.00000000e+00  0.00000000e+00  0.00000000e+00  1.00000000e+00]]
T_pred_ICP (Predicted Transformation from ICP):
[[-8.70273463e-01 -6.79225883e-03  4.92522045e-01  2.52647562e+01]
 [-3.43209219e-01  7.25584176e-01 -5.96435273e-01  2.77597107e+00]
 [-3.53315060e-01 -6.88099897e-01 -6.33787820e-01  1.11980956e+02]
 [ 0.00000000e+00  0.00000000e+00  0.00000000e+00  1.00000000e+00]]
