Object ID: 10
Inlier ration of P_pred: 0.13907285034656525
Num. of correspondences: 1057
Avg. Euclidean Distance (ADD) [cm]: 13.398807844402953
Add Score thres: 0
Add Score thres (xyz direction): 0
Add-S Score: 0
Avg. Euclidean Distance (ADD) ICP: 13.367830974623756
Add Score ICP thres: 13.367830974623756
Add Score ICP thres (xyz direction): 0
Add-S Score ICP: 0
Error [cm]: 10.113229278372664
Error [deg]: 174.64040878523934
T_gt (Ground Truth Transformation):
[[-6.66284025e-01 -7.34932005e-01  1.26258403e-01  3.31242218e+01]
 [-5.71169615e-01  3.94120663e-01 -7.20023870e-01  5.18608971e+00]
 [ 4.79407430e-01 -5.51855147e-01 -6.82367265e-01  1.49059229e+02]
 [ 0.00000000e+00  0.00000000e+00  0.00000000e+00  1.00000000e+00]]
T_pred (Predicted Transformation):
[[ 8.95652946e-01 -3.94319542e-01 -2.05713149e-01  2.70670394e+01]
 [ 4.29570264e-01  6.47154716e-01  6.29809623e-01 -1.88118999e+00]
 [-1.15218007e-01 -6.52459096e-01  7.49013978e-01  1.44957441e+02]
 [ 0.00000000e+00  0.00000000e+00  0.00000000e+00  1.00000000e+00]]
T_pred_ICP (Predicted Transformation from ICP):
[[  0.89366527  -0.41309219  -0.1752633   26.9735902 ]
 [  0.42024955   0.63352325   0.64964499  -1.83741166]
 [ -0.1573299   -0.65421949   0.73975953 145.17109711]
 [  0.           0.           0.           1.        ]]
