Object ID: 13
Inlier ration of P_pred: 0.11750000715255737
Num. of correspondences: 2000
Avg. Euclidean Distance (ADD) [cm]: 8.412639951861607
Add Score thres: 0
Add Score thres (xyz direction): 0
Add-S Score: 0
Avg. Euclidean Distance (ADD) ICP: 8.385357191999018
Add Score ICP thres: 8.385357191999018
Add Score ICP thres (xyz direction): 0
Add-S Score ICP: 0
Error [cm]: 5.10659879683433
Error [deg]: 54.0464843205244
T_gt (Ground Truth Transformation):
[[  0.36821112  -0.89059067  -0.26696226 -45.75671387]
 [ -0.3045634    0.15575401  -0.93967116   8.02687683]
 [  0.87844282   0.42730433  -0.21389097 122.15733643]
 [  0.           0.           0.           1.        ]]
T_pred (Predicted Transformation):
[[ 1.75049124e-03 -7.73563803e-01 -6.33716008e-01 -4.30517106e+01]
 [-9.34635085e-01  2.24087018e-01 -2.76120020e-01  5.72155323e+00]
 [ 3.55603983e-01  5.92776561e-01 -7.22607609e-01  1.18548646e+02]
 [ 0.00000000e+00  0.00000000e+00  0.00000000e+00  1.00000000e+00]]
T_pred_ICP (Predicted Transformation from ICP):
[[ 1.69352523e-02 -7.79320447e-01 -6.26396710e-01 -4.29585911e+01]
 [-9.34494106e-01  2.10458265e-01 -2.87102916e-01  5.74310525e+00]
 [ 3.55575538e-01  5.90226194e-01 -7.24706200e-01  1.18547316e+02]
 [ 0.00000000e+00  0.00000000e+00  0.00000000e+00  1.00000000e+00]]
