Object ID: 13
Inlier ration of P_pred: 0.01100000087171793
Num. of correspondences: 2000
Avg. Euclidean Distance (ADD) [cm]: 17.880086978348224
Add Score thres: 0
Add Score thres (xyz direction): 0
Add-S Score: 0
Avg. Euclidean Distance (ADD) ICP: 17.873971989758893
Add Score ICP thres: 17.873971989758893
Add Score ICP thres (xyz direction): 0
Add-S Score ICP: 0
Error [cm]: 11.70190345410927
Error [deg]: 170.76522805015773
T_gt (Ground Truth Transformation):
[[ 1.62462339e-01 -9.74478304e-01 -1.54913574e-01 -3.18769012e+01]
 [-8.09082538e-02  1.43314227e-01 -9.86364543e-01  7.82016373e+00]
 [ 9.83392119e-01  1.72780976e-01 -5.55602349e-02  9.22135132e+01]
 [ 0.00000000e+00  0.00000000e+00  0.00000000e+00  1.00000000e+00]]
T_pred (Predicted Transformation):
[[-2.69349029e-01  9.15875223e-01  2.97697291e-01 -2.85750002e+01]
 [-6.31259340e-01  6.55444670e-02 -7.72797236e-01  1.62192256e+01]
 [-7.27298251e-01 -3.96076381e-01  5.60500450e-01  8.47141619e+01]
 [ 0.00000000e+00  0.00000000e+00  0.00000000e+00  1.00000000e+00]]
T_pred_ICP (Predicted Transformation from ICP):
[[-2.66404221e-01  9.13219663e-01  3.08315809e-01 -2.86455235e+01]
 [-6.27737625e-01  7.83491760e-02 -7.74472001e-01  1.62788826e+01]
 [-7.31419350e-01 -3.99864044e-01  5.52389791e-01  8.48011709e+01]
 [ 0.00000000e+00  0.00000000e+00  0.00000000e+00  1.00000000e+00]]
