Object ID: 14
Inlier ration of P_pred: 0.13250000774860382
Num. of correspondences: 2000
Avg. Euclidean Distance (ADD) [cm]: 17.762641986034094
Add Score thres: 0
Add Score thres (xyz direction): 0
Add-S Score: 0
Avg. Euclidean Distance (ADD) ICP: 17.838789762998346
Add Score ICP thres: 17.838789762998346
Add Score ICP thres (xyz direction): 0
Add-S Score ICP: 0
Error [cm]: 11.073808982324092
Error [deg]: 168.6060605016508
T_gt (Ground Truth Transformation):
[[-0.71221465 -0.64239007 -0.28299421 -7.12391052]
 [-0.20961387  0.57938039 -0.78764236 17.05558777]
 [ 0.66993487 -0.50165075 -0.54729712 71.80377197]
 [ 0.          0.          0.          1.        ]]
T_pred (Predicted Transformation):
[[-1.29805112e-01 -4.27055845e-01 -8.94859731e-01  1.90199286e+00]
 [-2.66531939e-01 -8.54250137e-01  4.46337798e-01  1.08010312e+01]
 [-9.55045213e-01  2.96445627e-01 -2.93798812e-03  7.17917336e+01]
 [ 0.00000000e+00  0.00000000e+00  0.00000000e+00  1.00000000e+00]]
T_pred_ICP (Predicted Transformation from ICP):
[[-1.37890245e-01 -4.49791609e-01 -8.82424948e-01  1.81756919e+00]
 [-2.46212031e-01 -8.47402318e-01  4.70413592e-01  1.05227792e+01]
 [-9.59357033e-01  2.82129084e-01  6.10440786e-03  7.17637899e+01]
 [ 0.00000000e+00  0.00000000e+00  0.00000000e+00  1.00000000e+00]]
