Object ID: 15
Inlier ration of P_pred: 0.001108647440560162
Num. of correspondences: 902
Avg. Euclidean Distance (ADD) [cm]: 9.658385993178149
Add Score thres: 0
Add Score thres (xyz direction): 0
Add-S Score: 0
Avg. Euclidean Distance (ADD) ICP: 9.653911770374929
Add Score ICP thres: 9.653911770374929
Add Score ICP thres (xyz direction): 0
Add-S Score ICP: 0
Error [cm]: 3.9474767303694915
Error [deg]: 165.6190780527208
T_gt (Ground Truth Transformation):
[[  0.72075683  -0.67418462   0.16119778  38.18433533]
 [ -0.55645716  -0.70139664  -0.44541898  41.82400208]
 [  0.41335821   0.23133911  -0.88069129 100.77058105]
 [  0.           0.           0.           1.        ]]
T_pred (Predicted Transformation):
[[-8.67620703e-01  4.77265057e-01 -1.39471793e-01  3.55197048e+01]
 [ 4.67843767e-01  8.78572676e-01  9.60846645e-02  4.38877814e+01]
 [ 1.68393959e-01  1.81140350e-02 -9.85553325e-01  1.02589778e+02]
 [ 0.00000000e+00  0.00000000e+00  0.00000000e+00  1.00000000e+00]]
T_pred_ICP (Predicted Transformation from ICP):
[[-8.66173309e-01  4.64732676e-01 -1.83758917e-01  3.53536736e+01]
 [ 4.47770243e-01  8.85001315e-01  1.27571477e-01  4.39549760e+01]
 [ 2.21913517e-01  2.82172336e-02 -9.74657980e-01  1.02510948e+02]
 [ 0.00000000e+00  0.00000000e+00  0.00000000e+00  1.00000000e+00]]
