Object ID: 10
Inlier ration of P_pred: 0.11655828356742859
Num. of correspondences: 1999
Avg. Euclidean Distance (ADD) [cm]: 6.970204037906031
Add Score thres: 0
Add Score thres (xyz direction): 0
Add-S Score: 0
Avg. Euclidean Distance (ADD) ICP: 7.6814274718674875
Add Score ICP thres: 7.6814274718674875
Add Score ICP thres (xyz direction): 0
Add-S Score ICP: 0
Error [cm]: 3.4832512484890583
Error [deg]: 89.89295009139468
T_gt (Ground Truth Transformation):
[[  0.90001965   0.11403715   0.42066637  -9.90556488]
 [  0.40634254  -0.56862772  -0.71522635  13.25914154]
 [  0.15764011   0.81465238  -0.55811429 100.39725342]
 [  0.           0.           0.           1.        ]]
T_pred (Predicted Transformation):
[[ 3.98797177e-02  9.25122063e-01  3.77569566e-01 -7.60416704e+00]
 [ 6.97026784e-01  2.44989155e-01 -6.73894633e-01  1.25734553e+01]
 [-7.15935242e-01  2.90050828e-01 -6.35064758e-01  1.02836546e+02]
 [ 0.00000000e+00  0.00000000e+00  0.00000000e+00  1.00000000e+00]]
T_pred_ICP (Predicted Transformation from ICP):
[[ -0.11923342   0.90134564   0.41636453  -7.45732511]
 [  0.58120691   0.40335932  -0.70675299  12.75057617]
 [ -0.80497324   0.15772537  -0.57196223 102.82223229]
 [  0.           0.           0.           1.        ]]
