Object ID: 8
Inlier ration of P_pred: 0.0
Num. of correspondences: 769
Avg. Euclidean Distance (ADD) [cm]: 13.872406073667152
Add Score thres: 0
Add Score thres (xyz direction): 0
Add-S Score: 0
Avg. Euclidean Distance (ADD) ICP: 13.892951837080716
Add Score ICP thres: 13.892951837080716
Add Score ICP thres (xyz direction): 0
Add-S Score ICP: 0
Error [cm]: 12.006111963364143
Error [deg]: 82.47108516855153
T_gt (Ground Truth Transformation):
[[-9.41168964e-01 -1.19371206e-01  3.16151112e-01  3.22765808e+01]
 [-3.32895756e-01  1.66514829e-01 -9.28145051e-01  1.90472088e+00]
 [ 5.81499450e-02 -9.78786647e-01 -1.96456760e-01  1.81035022e+02]
 [ 0.00000000e+00  0.00000000e+00  0.00000000e+00  1.00000000e+00]]
T_pred (Predicted Transformation):
[[-8.56007258e-01  1.75724684e-01  4.86181458e-01  2.71329152e+01]
 [ 1.56359150e-01  9.84413718e-01 -8.05074355e-02 -8.85601260e+00]
 [-4.92750840e-01  7.10397036e-03 -8.70141450e-01  1.82382411e+02]
 [ 0.00000000e+00  0.00000000e+00  0.00000000e+00  1.00000000e+00]]
T_pred_ICP (Predicted Transformation from ICP):
[[-8.53112489e-01  1.82300545e-01  4.88841070e-01  2.70871234e+01]
 [ 1.60880497e-01  9.83228254e-01 -8.59049875e-02 -8.84638104e+00]
 [-4.96302878e-01  5.35837637e-03 -8.68132905e-01  1.82311761e+02]
 [ 0.00000000e+00  0.00000000e+00  0.00000000e+00  1.00000000e+00]]
