Object ID: 8
Inlier ration of P_pred: 0.25200000405311584
Num. of correspondences: 2000
Avg. Euclidean Distance (ADD) [cm]: 11.700904482110477
Add Score thres: 0
Add Score thres (xyz direction): 0
Add-S Score: 0
Avg. Euclidean Distance (ADD) ICP: 11.7474869931501
Add Score ICP thres: 11.7474869931501
Add Score ICP thres (xyz direction): 0
Add-S Score ICP: 0
Error [cm]: 5.771328627940974
Error [deg]: 102.27139407146555
T_gt (Ground Truth Transformation):
[[ -0.1404753   -0.93264908  -0.33231369 -42.73706055]
 [ -0.81505656   0.29948527  -0.49597514  17.01040497]
 [  0.56209379   0.20118219  -0.80223203 137.51999512]
 [  0.           0.           0.           1.        ]]
T_pred (Predicted Transformation):
[[-4.83982426e-01 -4.15661222e-01  7.70056335e-01 -4.56547505e+01]
 [-3.34701570e-01  9.01003918e-01  2.75983330e-01  1.53816819e+01]
 [-8.08539343e-01 -1.24167983e-01 -5.75192526e-01  1.32885157e+02]
 [ 0.00000000e+00  0.00000000e+00  0.00000000e+00  1.00000000e+00]]
T_pred_ICP (Predicted Transformation from ICP):
[[-4.76040173e-01 -4.18485791e-01  7.73469712e-01 -4.56986163e+01]
 [-3.33428585e-01  8.99739605e-01  2.81591942e-01  1.54235861e+01]
 [-8.13763560e-01 -1.23847835e-01 -5.67847323e-01  1.32827509e+02]
 [ 0.00000000e+00  0.00000000e+00  0.00000000e+00  1.00000000e+00]]
