Object ID: 6
Inlier ration of P_pred: 0.0
Num. of correspondences: 886
Avg. Euclidean Distance (ADD) [cm]: 9.734411212797488
Add Score thres: 0
Add Score thres (xyz direction): 0
Add-S Score: 0
Avg. Euclidean Distance (ADD) ICP: 9.765263095660933
Add Score ICP thres: 9.765263095660933
Add Score ICP thres (xyz direction): 0
Add-S Score ICP: 0
Error [cm]: 4.810445567852718
Error [deg]: 158.88762315514063
T_gt (Ground Truth Transformation):
[[-8.76860559e-01  1.66184276e-01 -4.51108098e-01 -2.19850306e-05]
 [ 4.77860093e-01  4.03938860e-01 -7.80053318e-01  2.89689808e-05]
 [ 5.25875166e-02 -8.99564445e-01 -4.33610946e-01  1.13428931e+02]
 [ 0.00000000e+00  0.00000000e+00  0.00000000e+00  1.00000000e+00]]
T_pred (Predicted Transformation):
[[ 3.51918811e-01  1.10249884e-01  9.29514988e-01 -1.37810544e+00]
 [ 9.33650254e-01 -1.12119161e-01 -3.40185975e-01  5.33745362e-01]
 [ 6.67109765e-02  9.87559748e-01 -1.42391674e-01  1.08940028e+02]
 [ 0.00000000e+00  0.00000000e+00  0.00000000e+00  1.00000000e+00]]
T_pred_ICP (Predicted Transformation from ICP):
[[ 3.52773317e-01  1.13506335e-01  9.28798847e-01 -1.43700902e+00]
 [ 9.33028496e-01 -1.17747768e-01 -3.39990129e-01  6.50234495e-01]
 [ 7.07729579e-02  9.86535238e-01 -1.47442916e-01  1.08884408e+02]
 [ 0.00000000e+00  0.00000000e+00  0.00000000e+00  1.00000000e+00]]
