Object ID: 11
Inlier ration of P_pred: 0.2784741222858429
Num. of correspondences: 1835
Avg. Euclidean Distance (ADD) [cm]: 6.545802715325019
Add Score thres: 0
Add Score thres (xyz direction): 0
Add-S Score: 0
Avg. Euclidean Distance (ADD) ICP: 6.61338125615021
Add Score ICP thres: 6.61338125615021
Add Score ICP thres (xyz direction): 0
Add-S Score ICP: 0
Error [cm]: 1.1751199007137623
Error [deg]: 140.06779188185482
T_gt (Ground Truth Transformation):
[[-4.58664626e-01  8.56625795e-01  2.36260563e-01  3.30965240e+01]
 [ 6.95028484e-01  5.11497736e-01 -5.05277634e-01 -8.80476074e+00]
 [-5.53680599e-01 -6.75451458e-02 -8.29985261e-01  9.89524292e+01]
 [ 0.00000000e+00  0.00000000e+00  0.00000000e+00  1.00000000e+00]]
T_pred (Predicted Transformation):
[[ 0.14522978 -0.75464129  0.63986314 32.94880148]
 [-0.90344397  0.16250697  0.39671208 -9.76058189]
 [-0.40335753 -0.63569491 -0.65817527 99.41294172]
 [ 0.          0.          0.          1.        ]]
T_pred_ICP (Predicted Transformation from ICP):
[[ 0.16518362 -0.77221466  0.61351356 33.08433476]
 [-0.89974409  0.13679191  0.41442557 -9.83417357]
 [-0.40394919 -0.62046152 -0.67219979 99.51905732]
 [ 0.          0.          0.          1.        ]]
