Object ID: 11
Inlier ration of P_pred: 0.07816091924905777
Num. of correspondences: 870
Avg. Euclidean Distance (ADD) [cm]: 7.851287809647978
Add Score thres: 0
Add Score thres (xyz direction): 0
Add-S Score: 0
Avg. Euclidean Distance (ADD) ICP: 7.845376091249837
Add Score ICP thres: 7.845376091249837
Add Score ICP thres (xyz direction): 0
Add-S Score ICP: 0
Error [cm]: 5.269742386599444
Error [deg]: 113.76796625680133
T_gt (Ground Truth Transformation):
[[ 6.95597351e-01  6.45129859e-01  3.16151619e-01  4.30994929e-05]
 [ 3.67593944e-01  5.84953167e-02 -9.28145051e-01  2.28410325e-05]
 [-6.17267430e-01  7.61830688e-01 -1.96456641e-01  1.47047205e+02]
 [ 0.00000000e+00  0.00000000e+00  0.00000000e+00  1.00000000e+00]]
T_pred (Predicted Transformation):
[[-6.06281287e-02 -5.00453253e-01  8.63638102e-01 -4.34320679e+00]
 [ 5.11654309e-01 -7.58493159e-01 -4.03606238e-01 -6.99485314e-01]
 [ 8.57049647e-01  4.17414266e-01  3.02045084e-01  1.44137406e+02]
 [ 0.00000000e+00  0.00000000e+00  0.00000000e+00  1.00000000e+00]]
T_pred_ICP (Predicted Transformation from ICP):
[[-4.95054182e-02 -5.02967042e-01  8.62886649e-01 -4.33933831e+00]
 [ 5.32655418e-01 -7.44124924e-01 -4.03182716e-01 -6.88662997e-01]
 [ 8.44883080e-01  4.39661520e-01  3.04746335e-01  1.44137623e+02]
 [ 0.00000000e+00  0.00000000e+00  0.00000000e+00  1.00000000e+00]]
