Object ID: 13
Inlier ration of P_pred: 0.19850000739097595
Num. of correspondences: 2000
Avg. Euclidean Distance (ADD) [cm]: 4.0509265507044265
Add Score thres: 0
Add Score thres (xyz direction): 0
Add-S Score: 0
Avg. Euclidean Distance (ADD) ICP: 3.960937821467759
Add Score ICP thres: 3.960937821467759
Add Score ICP thres (xyz direction): 0
Add-S Score ICP: 0
Error [cm]: 3.4200635815570717
Error [deg]: 26.863668513161883
T_gt (Ground Truth Transformation):
[[-6.65348470e-01  7.30507731e-01  1.53851539e-01  1.72715591e+01]
 [ 7.06047237e-01  6.82703137e-01 -1.88185647e-01  1.59788773e+01]
 [-2.42505983e-01 -1.65825523e-02 -9.70008433e-01  8.16486755e+01]
 [ 0.00000000e+00  0.00000000e+00  0.00000000e+00  1.00000000e+00]]
T_pred (Predicted Transformation):
[[-0.55764308  0.78893836 -0.25809002 15.54732335]
 [ 0.81010963  0.44946008 -0.37644126 13.64583559]
 [-0.18098779 -0.41900108 -0.88976487 83.52763543]
 [ 0.          0.          0.          1.        ]]
T_pred_ICP (Predicted Transformation from ICP):
[[-0.56530733  0.78771449 -0.24481321 15.55354458]
 [ 0.80388637  0.45956552 -0.37757943 13.67805657]
 [-0.18491708 -0.41025042 -0.8930287  83.50649281]
 [ 0.          0.          0.          1.        ]]
