Object ID: 15
Inlier ration of P_pred: 0.17811013758182526
Num. of correspondences: 1471
Avg. Euclidean Distance (ADD) [cm]: 8.351577503739767
Add Score thres: 0
Add Score thres (xyz direction): 0
Add-S Score: 0
Avg. Euclidean Distance (ADD) ICP: 8.307286129584554
Add Score ICP thres: 8.307286129584554
Add Score ICP thres (xyz direction): 0
Add-S Score ICP: 0
Error [cm]: 7.044111310524463
Error [deg]: 95.68123533368012
T_gt (Ground Truth Transformation):
[[ 7.00028896e-01  7.07596958e-01 -9.62603837e-02  3.47152481e+00]
 [ 6.74521685e-01 -6.99442506e-01 -2.36221388e-01  1.00316994e+01]
 [-2.34478161e-01  1.00432076e-01 -9.66919482e-01  1.34482788e+02]
 [ 0.00000000e+00  0.00000000e+00  0.00000000e+00  1.00000000e+00]]
T_pred (Predicted Transformation):
[[  0.68788869  -0.64950149  -0.32397062   4.27611875]
 [ -0.69456522  -0.4594933   -0.5535748    4.03545108]
 [  0.21068533   0.60581657  -0.76720139 138.11080461]
 [  0.           0.           0.           1.        ]]
T_pred_ICP (Predicted Transformation from ICP):
[[  0.69229961  -0.64515852  -0.32325179   4.20423016]
 [ -0.69098914  -0.46357985  -0.55464199   4.01886661]
 [  0.20797899   0.60734191  -0.76673369 138.07840893]
 [  0.           0.           0.           1.        ]]
