Object ID: 3
Inlier ration of P_pred: 0.0
Num. of correspondences: 100
Avg. Euclidean Distance (ADD) [cm]: 12.73203583927684
Add Score thres: 0
Add Score thres (xyz direction): 0.0
Add-S Score: 1.0
Avg. Euclidean Distance (ADD) ICP: 12.811179835627524
Add Score ICP thres: 12.811179835627524
Add Score ICP thres (xyz direction): 0.0
Add-S Score ICP: 1.0
Error [cm]: 4.2437220095014085
Error [deg]: 169.46231820333384
T_gt (Ground Truth Transformation):
[[-9.65069950e-01  2.49289140e-01  8.05951878e-02 -6.56270828e+00]
 [ 2.29150414e-01  9.52284932e-01 -2.01602459e-01 -2.01345764e+01]
 [-1.27006873e-01 -1.76091999e-01 -9.76146281e-01  1.40657776e+02]
 [ 0.00000000e+00  0.00000000e+00  0.00000000e+00  1.00000000e+00]]
T_pred (Predicted Transformation):
[[ 8.91861823e-01 -2.00030831e-01 -4.05672474e-01 -5.88174510e+00]
 [-4.34367879e-01 -1.28684043e-01 -8.91495913e-01 -1.66224947e+01]
 [ 1.26123094e-01  9.71302262e-01 -2.01655353e-01  1.38787986e+02]
 [ 0.00000000e+00  0.00000000e+00  0.00000000e+00  1.00000000e+00]]
T_pred_ICP (Predicted Transformation from ICP):
[[  0.90255155  -0.31748015  -0.29087292  -5.42437068]
 [ -0.35104861  -0.15138467  -0.92403872 -16.89010253]
 [  0.24933025   0.93610311  -0.24808344 138.1704574 ]
 [  0.           0.           0.           1.        ]]
