Object ID: 12
Inlier ration of P_pred: 0.0
Num. of correspondences: 100
Avg. Euclidean Distance (ADD) [cm]: 7.824131610689099
Add Score thres: 0
Add Score thres (xyz direction): 0.0
Add-S Score: 1.0
Avg. Euclidean Distance (ADD) ICP: 7.834910549497719
Add Score ICP thres: 7.834910549497719
Add Score ICP thres (xyz direction): 0.0
Add-S Score ICP: 1.0
Error [cm]: 4.830329602122398
Error [deg]: 110.88841002750961
T_gt (Ground Truth Transformation):
[[ 8.41468751e-01  5.28518379e-01  1.12243734e-01  2.86481460e-05]
 [ 5.34459710e-01 -7.83728302e-01 -3.16422105e-01 -1.01272155e-05]
 [-7.92663097e-02  3.26249093e-01 -9.41954613e-01  1.15474280e+02]
 [ 0.00000000e+00  0.00000000e+00  0.00000000e+00  1.00000000e+00]]
T_pred (Predicted Transformation):
[[-6.06810864e-01  1.33351438e-01  7.83580225e-01 -1.69988068e+00]
 [ 7.87001923e-01 -3.73585177e-02  6.15818410e-01 -1.14256558e+00]
 [ 1.11393666e-01  9.90364446e-01 -8.22782835e-02  1.11105859e+02]
 [ 0.00000000e+00  0.00000000e+00  0.00000000e+00  1.00000000e+00]]
T_pred_ICP (Predicted Transformation from ICP):
[[-6.08523241e-01  1.29010522e-01  7.82978767e-01 -1.68881091e+00]
 [ 7.86084561e-01 -3.68980887e-02  6.17016689e-01 -1.13992144e+00]
 [ 1.08492065e-01  9.90956516e-01 -7.89598351e-02  1.11094724e+02]
 [ 0.00000000e+00  0.00000000e+00  0.00000000e+00  1.00000000e+00]]
