Object ID: 11
Inlier ration of P_pred: 0.0
Num. of correspondences: 100
Avg. Euclidean Distance (ADD) [cm]: 8.96138623885378
Add Score thres: 0
Add Score thres (xyz direction): 0.0
Add-S Score: 0.6666666666666666
Avg. Euclidean Distance (ADD) ICP: 8.979073633684681
Add Score ICP thres: 8.979073633684681
Add Score ICP thres (xyz direction): 0.0
Add-S Score ICP: 0.6666666666666666
Error [cm]: 2.3797218948529366
Error [deg]: 148.89145740278124
T_gt (Ground Truth Transformation):
[[-9.89659369e-01  1.28582463e-01 -6.35690540e-02 -2.01360580e+01]
 [ 1.42994523e-01  9.19244051e-01 -3.66801023e-01 -2.94740295e+00]
 [ 1.12712923e-02 -3.72098058e-01 -9.28125083e-01  8.50379028e+01]
 [ 0.00000000e+00  0.00000000e+00  0.00000000e+00  1.00000000e+00]]
T_pred (Predicted Transformation):
[[-1.30758968e-01  2.49507087e-01 -9.59504198e-01 -1.80900795e+01]
 [-9.70295554e-01 -2.30901829e-01  7.21864506e-02 -3.70976899e+00]
 [-2.03540244e-01  9.40441683e-01  2.72288102e-01  8.42466774e+01]
 [ 0.00000000e+00  0.00000000e+00  0.00000000e+00  1.00000000e+00]]
T_pred_ICP (Predicted Transformation from ICP):
[[ -0.17732098   0.21525566  -0.96032404 -18.06503668]
 [ -0.96616188  -0.22380184   0.12823396  -3.71121984]
 [ -0.1873192    0.95056706   0.24765658  84.14878497]
 [  0.           0.           0.           1.        ]]
