Object ID: 8
Inlier ration of P_pred: 0.0
Num. of correspondences: 100
Avg. Euclidean Distance (ADD) [cm]: 8.013785696874544
Add Score thres: 0
Add Score thres (xyz direction): 0.3333333333333333
Add-S Score: 1.0
Avg. Euclidean Distance (ADD) ICP: 8.026270954520882
Add Score ICP thres: 8.026270954520882
Add Score ICP thres (xyz direction): 0.3333333333333333
Add-S Score ICP: 1.0
Error [cm]: 7.397956788148534
Error [deg]: 45.29991938051705
T_gt (Ground Truth Transformation):
[[-2.74799109e-01  8.62139165e-01 -4.25677598e-01  4.13086945e+01]
 [ 7.35286474e-01 -9.68398675e-02 -6.70802355e-01 -6.64048004e+00]
 [-6.19547546e-01 -4.97330904e-01 -6.07307792e-01  1.06635022e+02]
 [ 0.00000000e+00  0.00000000e+00  0.00000000e+00  1.00000000e+00]]
T_pred (Predicted Transformation):
[[-4.67388363e-01  2.70524496e-01 -8.41643996e-01  3.62076411e+01]
 [ 8.66343882e-01 -4.94372393e-02 -4.96995208e-01 -5.38035156e+00]
 [-1.76057934e-01 -9.61442903e-01 -2.11260852e-01  1.11807254e+02]
 [ 0.00000000e+00  0.00000000e+00  0.00000000e+00  1.00000000e+00]]
T_pred_ICP (Predicted Transformation from ICP):
[[-4.71757809e-01  2.68247486e-01 -8.39933245e-01  3.61587018e+01]
 [ 8.65044014e-01 -4.36291982e-02 -4.99795304e-01 -5.33521346e+00]
 [-1.70714448e-01 -9.62361564e-01 -2.11463467e-01  1.11783189e+02]
 [ 0.00000000e+00  0.00000000e+00  0.00000000e+00  1.00000000e+00]]
