Object ID: 8
Inlier ration of P_pred: 0.019999999552965164
Num. of correspondences: 100
Avg. Euclidean Distance (ADD) [cm]: 16.19998535686648
Add Score thres: 0
Add Score thres (xyz direction): 0.0
Add-S Score: 1.0
Avg. Euclidean Distance (ADD) ICP: 16.158909098408497
Add Score ICP thres: 16.158909098408497
Add Score ICP thres (xyz direction): 0.0
Add-S Score ICP: 1.0
Error [cm]: 10.10108411822239
Error [deg]: 147.74510712022368
T_gt (Ground Truth Transformation):
[[ -0.1404753   -0.93264908  -0.33231369 -42.73706055]
 [ -0.81505656   0.29948527  -0.49597514  17.01040497]
 [  0.56209379   0.20118219  -0.80223203 137.51999512]
 [  0.           0.           0.           1.        ]]
T_pred (Predicted Transformation):
[[-9.22164439e-01  1.81986056e-01  3.41311916e-01 -4.43131964e+01]
 [ 3.09281341e-01 -1.82997774e-01  9.33197121e-01  1.33923380e+01]
 [ 2.32288184e-01  9.66122606e-01  1.12469148e-01  1.28057673e+02]
 [ 0.00000000e+00  0.00000000e+00  0.00000000e+00  1.00000000e+00]]
T_pred_ICP (Predicted Transformation from ICP):
[[-9.18513773e-01  1.85655406e-01  3.49090990e-01 -4.42487554e+01]
 [ 3.18090449e-01 -1.77431576e-01  9.31309026e-01  1.34686184e+01]
 [ 2.34842319e-01  9.66462677e-01  1.03918135e-01  1.28181771e+02]
 [ 0.00000000e+00  0.00000000e+00  0.00000000e+00  1.00000000e+00]]
