Object ID: 1
Inlier ration of P_pred: 0.0
Num. of correspondences: 100
Avg. Euclidean Distance (ADD) [cm]: 5.895186267051764
Add Score thres: 0
Add Score thres (xyz direction): 0.0
Add-S Score: 1.0
Avg. Euclidean Distance (ADD) ICP: 5.891913553121841
Add Score ICP thres: 5.891913553121841
Add Score ICP thres (xyz direction): 0.0
Add-S Score ICP: 1.0
Error [cm]: 2.925430846126092
Error [deg]: 135.17040902848285
T_gt (Ground Truth Transformation):
[[-1.79532934e-02 -9.59463894e-01  2.81259358e-01  2.25455307e+01]
 [-1.36067942e-01 -2.76343018e-01 -9.51377988e-01  1.68510513e+01]
 [ 9.90536869e-01 -5.53507209e-02 -1.25591055e-01  1.00819019e+02]
 [ 0.00000000e+00  0.00000000e+00  0.00000000e+00  1.00000000e+00]]
T_pred (Predicted Transformation):
[[ -0.82946199   0.48916096  -0.26965601  21.07697624]
 [ -0.38374591  -0.84984968  -0.36124037  14.98192943]
 [ -0.40587176  -0.19615576   0.89263152 102.60247165]
 [  0.           0.           0.           1.        ]]
T_pred_ICP (Predicted Transformation from ICP):
[[ -0.8245857    0.49837277  -0.26773681  21.1154245 ]
 [ -0.39955215  -0.84806519  -0.34805678  15.01299475]
 [ -0.40052029  -0.18002783   0.89842834 102.58946762]
 [  0.           0.           0.           1.        ]]
