Object ID: 11
Inlier ration of P_pred: 0.03999999910593033
Num. of correspondences: 100
Avg. Euclidean Distance (ADD) [cm]: 14.44999546876012
Add Score thres: 0
Add Score thres (xyz direction): 0.0
Add-S Score: 0.3333333333333333
Avg. Euclidean Distance (ADD) ICP: 14.52194299394989
Add Score ICP thres: 14.52194299394989
Add Score ICP thres (xyz direction): 0.0
Add-S Score ICP: 0.3333333333333333
Error [cm]: 9.852379632665528
Error [deg]: 171.47837084080416
T_gt (Ground Truth Transformation):
[[  0.84350497   0.42197984  -0.33231372  14.24651642]
 [  0.22426625  -0.83887643  -0.49597484  11.56530762]
 [ -0.48806152   0.3438305   -0.80223227 119.47475586]
 [  0.           0.           0.           1.        ]]
T_pred (Predicted Transformation):
[[ -0.32275663  -0.6976539    0.63961487   8.77321624]
 [  0.60865229   0.36453065   0.70474095   5.61582473]
 [ -0.7248245    0.61676287   0.30697396 113.9486919 ]
 [  0.           0.           0.           1.        ]]
T_pred_ICP (Predicted Transformation from ICP):
[[ -0.2928105   -0.70945386   0.64104386   8.79767772]
 [  0.62109511   0.36860751   0.69164252   5.67574786]
 [ -0.72698203   0.6006694    0.33270617 113.75700918]
 [  0.           0.           0.           1.        ]]
