Object ID: 2
Inlier ration of P_pred: 0.0
Num. of correspondences: 100
Avg. Euclidean Distance (ADD) [cm]: 16.715616486275486
Add Score thres: 0
Add Score thres (xyz direction): 0.0
Add-S Score: 1.0
Avg. Euclidean Distance (ADD) ICP: 16.735775505349668
Add Score ICP thres: 16.735775505349668
Add Score ICP thres (xyz direction): 0.0
Add-S Score ICP: 1.0
Error [cm]: 8.497199955125046
Error [deg]: 174.11892402333712
T_gt (Ground Truth Transformation):
[[-3.44271481e-01 -9.35404658e-01  8.05952623e-02 -2.11273637e-06]
 [-9.24691856e-01  3.22958231e-01 -2.01601550e-01 -5.65050541e-06]
 [ 1.62550092e-01 -1.43931404e-01 -9.76146400e-01  1.29617273e+02]
 [ 0.00000000e+00  0.00000000e+00  0.00000000e+00  1.00000000e+00]]
T_pred (Predicted Transformation):
[[ 9.05563636e-01 -4.01999959e-01  1.35464145e-01  5.77513584e-01]
 [ 3.85557579e-01  9.13136629e-01  1.32389009e-01  8.40065378e+00]
 [-1.76917649e-01 -6.76574446e-02  9.81897457e-01  1.29312741e+02]
 [ 0.00000000e+00  0.00000000e+00  0.00000000e+00  1.00000000e+00]]
T_pred_ICP (Predicted Transformation from ICP):
[[ 9.12295076e-01 -3.86474032e-01  1.35482536e-01  5.91701763e-01]
 [ 3.68942771e-01  9.19191795e-01  1.37723185e-01  8.47011642e+00]
 [-1.77760870e-01 -7.56588815e-02  9.81160948e-01  1.29286629e+02]
 [ 0.00000000e+00  0.00000000e+00  0.00000000e+00  1.00000000e+00]]
