Object ID: 6
Inlier ration of P_pred: 0.0
Num. of correspondences: 100
Avg. Euclidean Distance (ADD) [cm]: 8.409375829765187
Add Score thres: 0
Add Score thres (xyz direction): 0.0
Add-S Score: 1.0
Avg. Euclidean Distance (ADD) ICP: 8.37223810822896
Add Score ICP thres: 8.37223810822896
Add Score ICP thres (xyz direction): 0.0
Add-S Score ICP: 1.0
Error [cm]: 4.559420385972607
Error [deg]: 141.06803041604607
T_gt (Ground Truth Transformation):
[[ 6.22686148e-01  7.72218227e-01  1.26258090e-01  3.90289856e+01]
 [ 5.92996776e-01 -3.60445201e-01 -7.20024109e-01 -6.29604073e+00]
 [-5.10506511e-01  5.23219764e-01 -6.82367206e-01  1.58734656e+02]
 [ 0.00000000e+00  0.00000000e+00  0.00000000e+00  1.00000000e+00]]
T_pred (Predicted Transformation):
[[ 8.71580595e-01  4.56907006e-01 -1.77716781e-01  3.59574023e+01]
 [-4.46230489e-01  8.89490951e-01  9.84083305e-02 -7.01339104e+00]
 [ 2.03040924e-01 -6.46814520e-03  9.79148889e-01  1.62018442e+02]
 [ 0.00000000e+00  0.00000000e+00  0.00000000e+00  1.00000000e+00]]
T_pred_ICP (Predicted Transformation from ICP):
[[ 8.60898718e-01  4.74864563e-01 -1.82639111e-01  3.59066920e+01]
 [-4.64798717e-01  8.80058127e-01  9.72617435e-02 -6.91715300e+00]
 [ 2.06919190e-01  1.15791431e-03  9.78357352e-01  1.61998674e+02]
 [ 0.00000000e+00  0.00000000e+00  0.00000000e+00  1.00000000e+00]]
