Object ID: 12
Inlier ration of P_pred: 0.009999999776482582
Num. of correspondences: 100
Avg. Euclidean Distance (ADD) [cm]: 9.05719207848636
Add Score thres: 0
Add Score thres (xyz direction): 0.0
Add-S Score: 1.0
Avg. Euclidean Distance (ADD) ICP: 9.03958709810936
Add Score ICP thres: 9.03958709810936
Add Score ICP thres (xyz direction): 0.0
Add-S Score ICP: 1.0
Error [cm]: 6.891262711075471
Error [deg]: 86.72244008569935
T_gt (Ground Truth Transformation):
[[ 7.54650831e-01 -6.53039515e-01 -6.35730624e-02 -1.22272697e+01]
 [-6.26230955e-01 -6.87963426e-01 -3.66799027e-01  8.51822128e+00]
 [ 1.95798308e-01  3.16616625e-01 -9.28125739e-01  8.43832764e+01]
 [ 0.00000000e+00  0.00000000e+00  0.00000000e+00  1.00000000e+00]]
T_pred (Predicted Transformation):
[[  0.65651642  -0.712854    -0.24662798 -17.61483327]
 [ -0.1575737   -0.44935109   0.8793487    5.68694967]
 [ -0.73766979  -0.53844478  -0.40733341  80.97752433]
 [  0.           0.           0.           1.        ]]
T_pred_ICP (Predicted Transformation from ICP):
[[  0.67731749  -0.68342379  -0.2723471  -17.45006729]
 [ -0.12480806  -0.47156806   0.87295276   5.56328874]
 [ -0.72502687  -0.55727506  -0.40469809  80.99502295]
 [  0.           0.           0.           1.        ]]
