Object ID: 14
Inlier ration of P_pred: 0.029999999329447746
Num. of correspondences: 100
Avg. Euclidean Distance (ADD) [cm]: 16.317627218568347
Add Score thres: 0
Add Score thres (xyz direction): 0.0
Add-S Score: 0.6666666666666666
Avg. Euclidean Distance (ADD) ICP: 13.610404054568516
Add Score ICP thres: 13.610404054568516
Add Score ICP thres (xyz direction): 0.0
Add-S Score ICP: 0.6666666666666666
Error [cm]: 12.913366723849673
Error [deg]: 103.11970427767974
T_gt (Ground Truth Transformation):
[[-5.31604327e-02  9.97706950e-01  4.18907814e-02  2.49724014e+01]
 [ 7.42867470e-01  6.75461814e-02 -6.66022122e-01 -1.74066666e+01]
 [-6.67324424e-01 -4.28670365e-03 -7.44754851e-01  7.70250549e+01]
 [ 0.00000000e+00  0.00000000e+00  0.00000000e+00  1.00000000e+00]]
T_pred (Predicted Transformation):
[[ -0.66179206  -0.74406556  -0.09163899  40.1154087 ]
 [ -0.74443153   0.63777544   0.19764661 -11.59635374]
 [ -0.08861694   0.19901991  -0.97598059  79.63618853]
 [  0.           0.           0.           1.        ]]
T_pred_ICP (Predicted Transformation from ICP):
[[ -0.88995022  -0.23170287   0.39281342  36.65658172]
 [ -0.10679822   0.94325588   0.31442406 -19.7296596 ]
 [ -0.44337653   0.23786999  -0.86419623  82.00889626]
 [  0.           0.           0.           1.        ]]
