Object ID: 13
Inlier ration of P_pred: 0.12999999523162842
Num. of correspondences: 100
Avg. Euclidean Distance (ADD) [cm]: 15.748713874397916
Add Score thres: 0
Add Score thres (xyz direction): 0.3333333333333333
Add-S Score: 1.0
Avg. Euclidean Distance (ADD) ICP: 15.746628297548996
Add Score ICP thres: 15.746628297548996
Add Score ICP thres (xyz direction): 0.3333333333333333
Add-S Score ICP: 1.0
Error [cm]: 11.031550635965015
Error [deg]: 172.20263403589416
T_gt (Ground Truth Transformation):
[[  0.68135786  -0.67575496   0.28125921 -50.35911255]
 [  0.10582293  -0.28927729  -0.95137805  -7.78369446]
 [  0.72426033   0.67799258  -0.12559098 104.51114502]
 [  0.           0.           0.           1.        ]]
T_pred (Predicted Transformation):
[[ -0.71927086   0.29562326  -0.62869414 -53.06199303]
 [  0.20998464  -0.77011151  -0.60235762  -8.07985562]
 [ -0.66223552  -0.5652744    0.49184242  93.88849435]
 [  0.           0.           0.           1.        ]]
T_pred_ICP (Predicted Transformation from ICP):
[[ -0.69844677   0.31933515  -0.64046637 -52.95363089]
 [  0.21923196  -0.75643368  -0.61623489  -7.97871469]
 [ -0.68125579  -0.57081797   0.45832018  93.79081148]
 [  0.           0.           0.           1.        ]]
