Object ID: 10
Inlier ration of P_pred: 0.0
Num. of correspondences: 100
Avg. Euclidean Distance (ADD) [cm]: 10.421515513944627
Add Score thres: 0
Add Score thres (xyz direction): 0.0
Add-S Score: 0.6666666666666666
Avg. Euclidean Distance (ADD) ICP: 10.216681411879005
Add Score ICP thres: 10.216681411879005
Add Score ICP thres (xyz direction): 0.0
Add-S Score ICP: 1.0
Error [cm]: 8.894236839644174
Error [deg]: 79.11260588854198
T_gt (Ground Truth Transformation):
[[-4.20069605e-01  8.01462114e-01 -4.25676554e-01 -1.16665840e+01]
 [ 7.40942538e-01  3.20691951e-02 -6.70802593e-01 -1.02904533e+01]
 [-5.23971558e-01 -5.97185433e-01 -6.07308745e-01  1.59222595e+02]
 [ 0.00000000e+00  0.00000000e+00  0.00000000e+00  1.00000000e+00]]
T_pred (Predicted Transformation):
[[ -0.86768533   0.45199545  -0.20693543 -13.48867635]
 [  0.39376408   0.87900433   0.26888891 -11.90713499]
 [  0.3034337    0.15182722  -0.94067874 150.45729591]
 [  0.           0.           0.           1.        ]]
T_pred_ICP (Predicted Transformation from ICP):
[[-8.75012706e-01  4.34651922e-01 -2.13144250e-01 -1.34259152e+01]
 [ 3.96657351e-01  8.96128742e-01  1.99038249e-01 -1.21427494e+01]
 [ 2.77517047e-01  8.96157635e-02 -9.56531915e-01  1.50703135e+02]
 [ 0.00000000e+00  0.00000000e+00  0.00000000e+00  1.00000000e+00]]
