Object ID: 14
Inlier ration of P_pred: 0.0
Num. of correspondences: 100
Avg. Euclidean Distance (ADD) [cm]: 16.732420742717878
Add Score thres: 0
Add Score thres (xyz direction): 0.0
Add-S Score: 1.0
Avg. Euclidean Distance (ADD) ICP: 16.649467014857517
Add Score ICP thres: 16.649467014857517
Add Score ICP thres (xyz direction): 0.0
Add-S Score ICP: 1.0
Error [cm]: 14.962936557135027
Error [deg]: 179.68002714154971
T_gt (Ground Truth Transformation):
[[-8.99159849e-01 -1.01541840e-01 -4.25677598e-01  1.93397430e+01]
 [ 2.38256097e-01  7.02323556e-01 -6.70802295e-01  4.98212433e-01]
 [ 3.67077947e-01 -7.04578578e-01 -6.07308328e-01  1.13727551e+02]
 [ 0.00000000e+00  0.00000000e+00  0.00000000e+00  1.00000000e+00]]
T_pred (Predicted Transformation):
[[ 8.89261775e-01  1.06531228e-01  4.44819730e-01  5.74764408e+00]
 [ 3.34976802e-01 -8.13881259e-01 -4.74750291e-01 -3.35651056e+00]
 [ 3.11454711e-01  5.71181577e-01 -7.59438983e-01  1.08529849e+02]
 [ 0.00000000e+00  0.00000000e+00  0.00000000e+00  1.00000000e+00]]
T_pred_ICP (Predicted Transformation from ICP):
[[ 8.94565891e-01  1.07893486e-01  4.33717492e-01  5.75748807e+00]
 [ 3.31965633e-01 -8.10158394e-01 -4.83158561e-01 -3.26863840e+00]
 [ 2.99250205e-01  5.76196471e-01 -7.60556994e-01  1.08705335e+02]
 [ 0.00000000e+00  0.00000000e+00  0.00000000e+00  1.00000000e+00]]
