Object ID: 5
Inlier ration of P_pred: 0.019999999552965164
Num. of correspondences: 100
Avg. Euclidean Distance (ADD) [cm]: 13.938192598492227
Add Score thres: 0
Add Score thres (xyz direction): 0.0
Add-S Score: 1.0
Avg. Euclidean Distance (ADD) ICP: 13.959815819224273
Add Score ICP thres: 13.959815819224273
Add Score ICP thres (xyz direction): 0.0
Add-S Score ICP: 1.0
Error [cm]: 5.091660468703329
Error [deg]: 170.83116856903237
T_gt (Ground Truth Transformation):
[[ 7.84120321e-01  6.10374093e-01  1.12243935e-01  1.81736374e+01]
 [ 6.10485137e-01 -7.26074815e-01 -3.16422164e-01 -2.09534622e+01]
 [-1.11638404e-01  3.16636324e-01 -9.41954374e-01  1.19214697e+02]
 [ 0.00000000e+00  0.00000000e+00  0.00000000e+00  1.00000000e+00]]
T_pred (Predicted Transformation):
[[  0.56411195  -0.62398444  -0.54075977  18.7197787 ]
 [  0.57222713   0.76757371  -0.28876758 -23.99771963]
 [  0.59525946  -0.14654017   0.79005832 115.2094591 ]
 [  0.           0.           0.           1.        ]]
T_pred_ICP (Predicted Transformation from ICP):
[[  0.56534098  -0.62209352  -0.54165417  18.68304609]
 [  0.57425566   0.76822672  -0.2829455  -24.03545421]
 [  0.59213176  -0.15108729   0.79155076 115.19389704]
 [  0.           0.           0.           1.        ]]
