Object ID: 7
Inlier ration of P_pred: 0.05999999865889549
Num. of correspondences: 100
Avg. Euclidean Distance (ADD) [cm]: 7.82376145864789
Add Score thres: 0
Add Score thres (xyz direction): 0.0
Add-S Score: 1.0
Avg. Euclidean Distance (ADD) ICP: 7.810804590197067
Add Score ICP thres: 7.810804590197067
Add Score ICP thres (xyz direction): 0.0
Add-S Score ICP: 1.0
Error [cm]: 2.9250582043175473
Error [deg]: 131.45444803324824
T_gt (Ground Truth Transformation):
[[-5.49459696e-01 -8.27946782e-01  1.12243809e-01 -1.21286568e+01]
 [-8.09603155e-01  4.94388908e-01 -3.16421390e-01 -1.16251850e+00]
 [ 2.06487924e-01 -2.64733642e-01 -9.41955090e-01  1.14216638e+02]
 [ 0.00000000e+00  0.00000000e+00  0.00000000e+00  1.00000000e+00]]
T_pred (Predicted Transformation):
[[  0.76617591  -0.5711272   -0.29459836 -14.84336342]
 [  0.16149079  -0.27260053   0.94847756  -0.30166581]
 [ -0.622009    -0.77427558  -0.11662818 113.73153531]
 [  0.           0.           0.           1.        ]]
T_pred_ICP (Predicted Transformation from ICP):
[[  0.76408479  -0.58184997  -0.27861272 -14.89238216]
 [  0.13839248  -0.27398625   0.95172425  -0.31670511]
 [ -0.63009678  -0.76575593  -0.12882507 113.76676355]
 [  0.           0.           0.           1.        ]]
