Object ID: 1
Inlier ration of P_pred: 0.11999999731779099
Num. of correspondences: 100
Avg. Euclidean Distance (ADD) [cm]: 7.665379330688017
Add Score thres: 0
Add Score thres (xyz direction): 0.0
Add-S Score: 0.3333333333333333
Avg. Euclidean Distance (ADD) ICP: 7.459944430254342
Add Score ICP thres: 7.459944430254342
Add Score ICP thres (xyz direction): 0.0
Add-S Score ICP: 0.3333333333333333
Error [cm]: 7.525992152541004
Error [deg]: 21.10985795041518
T_gt (Ground Truth Transformation):
[[  0.84026974   0.42838585  -0.33231369 -32.70928345]
 [  0.23064259  -0.83714592  -0.49597523  17.31105804]
 [ -0.49066365   0.34010732  -0.80223244 140.42458496]
 [  0.           0.           0.           1.        ]]
T_pred (Predicted Transformation):
[[ 7.47592157e-01  4.04595912e-01 -5.26695466e-01 -3.72937362e+01]
 [ 2.27566212e-02 -8.08166151e-01 -5.88514748e-01  1.20074044e+01]
 [-6.63768109e-01  4.27983201e-01 -6.13385912e-01  1.37166958e+02]
 [ 0.00000000e+00  0.00000000e+00  0.00000000e+00  1.00000000e+00]]
T_pred_ICP (Predicted Transformation from ICP):
[[ 7.28977133e-01  3.88246114e-01 -5.63788342e-01 -3.73720816e+01]
 [-4.51692015e-02 -7.94527650e-01 -6.05545668e-01  1.21844531e+01]
 [-6.83046179e-01  4.66894814e-01 -5.61655722e-01  1.37489147e+02]
 [ 0.00000000e+00  0.00000000e+00  0.00000000e+00  1.00000000e+00]]
