Object ID: 6
Inlier ration of P_pred: 0.0
Num. of correspondences: 100
Avg. Euclidean Distance (ADD) [cm]: 10.748155854836922
Add Score thres: 0
Add Score thres (xyz direction): 0.0
Add-S Score: 1.0
Avg. Euclidean Distance (ADD) ICP: 10.63181263818498
Add Score ICP thres: 10.63181263818498
Add Score ICP thres (xyz direction): 0.0
Add-S Score ICP: 1.0
Error [cm]: 7.93582917774413
Error [deg]: 176.99358329359347
T_gt (Ground Truth Transformation):
[[ 6.87184691e-01 -7.17759311e-01  1.12243898e-01 -1.48048981e+01]
 [-6.60005748e-01 -6.81373477e-01 -3.16421360e-01 -2.64181763e+01]
 [ 3.03594410e-01  1.43358305e-01 -9.41954732e-01  1.21169568e+02]
 [ 0.00000000e+00  0.00000000e+00  0.00000000e+00  1.00000000e+00]]
T_pred (Predicted Transformation):
[[ 4.00312151e-01  8.39045995e-01 -3.68445382e-01 -1.86626617e+01]
 [-5.36204743e-01  5.40519753e-01  6.48323122e-01 -1.94626821e+01]
 [ 7.43124926e-01 -6.19694624e-02  6.66277067e-01  1.22582111e+02]
 [ 0.00000000e+00  0.00000000e+00  0.00000000e+00  1.00000000e+00]]
T_pred_ICP (Predicted Transformation from ICP):
[[ 4.43379106e-01  8.39856527e-01 -3.13138917e-01 -1.83850873e+01]
 [-5.78843274e-01  5.35026104e-01  6.15375927e-01 -1.95762921e+01]
 [ 6.84364984e-01 -9.15864725e-02  7.23364698e-01  1.22999391e+02]
 [ 0.00000000e+00  0.00000000e+00  0.00000000e+00  1.00000000e+00]]
