Object ID: 6
Inlier ration of P_pred: 0.07000000029802322
Num. of correspondences: 100
Avg. Euclidean Distance (ADD) [cm]: 8.87125555457023
Add Score thres: 0
Add Score thres (xyz direction): 0.0
Add-S Score: 0.6666666666666666
Avg. Euclidean Distance (ADD) ICP: 8.862869543946344
Add Score ICP thres: 8.862869543946344
Add Score ICP thres (xyz direction): 0.0
Add-S Score ICP: 0.6666666666666666
Error [cm]: 6.865428149415878
Error [deg]: 91.13053472358527
T_gt (Ground Truth Transformation):
[[-4.87641990e-01 -8.70726109e-01 -6.35735691e-02 -4.23338257e+01]
 [-8.00005019e-01  4.74815965e-01 -3.66799384e-01  1.48163513e+01]
 [ 3.49567533e-01 -1.28007561e-01 -9.28125501e-01  8.25203796e+01]
 [ 0.00000000e+00  0.00000000e+00  0.00000000e+00  1.00000000e+00]]
T_pred (Predicted Transformation):
[[-1.75058011e-01 -8.55807894e-01  4.86772576e-01 -3.65371414e+01]
 [-2.90760369e-01  5.17293390e-01  8.04901209e-01  1.13394024e+01]
 [-9.40645045e-01 -6.29769160e-04 -3.39391371e-01  8.37679395e+01]
 [ 0.00000000e+00  0.00000000e+00  0.00000000e+00  1.00000000e+00]]
T_pred_ICP (Predicted Transformation from ICP):
[[-1.74193209e-01 -8.45927513e-01  5.04046990e-01 -3.65812629e+01]
 [-2.85473614e-01  5.33272748e-01  7.96319654e-01  1.13009471e+01]
 [-9.42423228e-01 -5.17863980e-03 -3.34382476e-01  8.38180924e+01]
 [ 0.00000000e+00  0.00000000e+00  0.00000000e+00  1.00000000e+00]]
