Object ID: 1
Inlier ration of P_pred: 0.17000000178813934
Num. of correspondences: 100
Avg. Euclidean Distance (ADD) [cm]: 11.063010290684966
Add Score thres: 0
Add Score thres (xyz direction): 0.0
Add-S Score: 0.3333333333333333
Avg. Euclidean Distance (ADD) ICP: 10.985951199099416
Add Score ICP thres: 10.985951199099416
Add Score ICP thres (xyz direction): 0.0
Add-S Score ICP: 0.3333333333333333
Error [cm]: 8.48481331300129
Error [deg]: 157.14092898378343
T_gt (Ground Truth Transformation):
[[ 9.50665772e-01 -2.83361137e-01  1.26257986e-01 -2.11416779e+01]
 [-1.08664639e-01 -6.85388744e-01 -7.20023930e-01  2.47422226e+01]
 [ 2.90562570e-01  6.70782328e-01 -6.82366908e-01  1.16732385e+02]
 [ 0.00000000e+00  0.00000000e+00  0.00000000e+00  1.00000000e+00]]
T_pred (Predicted Transformation):
[[  0.75558907  -0.39927399  -0.51929321 -18.52722685]
 [  0.53211416   0.83646011   0.13110682  20.38528478]
 [  0.38202052  -0.37538615   0.84447946 109.7757378 ]
 [  0.           0.           0.           1.        ]]
T_pred_ICP (Predicted Transformation from ICP):
[[  0.68580293  -0.42776556  -0.5888047  -18.1796915 ]
 [  0.65535972   0.71481701   0.24400877  19.94059656]
 [  0.31650906  -0.55322081   0.77056392 110.39495035]
 [  0.           0.           0.           1.        ]]
