Object ID: 5
Inlier ration of P_pred: 0.009999999776482582
Num. of correspondences: 100
Avg. Euclidean Distance (ADD) [cm]: 13.424992785653558
Add Score thres: 0
Add Score thres (xyz direction): 0.0
Add-S Score: 1.0
Avg. Euclidean Distance (ADD) ICP: 13.377452699226108
Add Score ICP thres: 13.377452699226108
Add Score ICP thres (xyz direction): 0.0
Add-S Score ICP: 1.0
Error [cm]: 8.277099425218996
Error [deg]: 122.87702522274776
T_gt (Ground Truth Transformation):
[[ 9.89408612e-01 -1.64437890e-02 -1.44222632e-01 -1.03375046e+01]
 [-9.10318494e-02 -8.44193637e-01 -5.28252542e-01 -1.35426788e+01]
 [-1.13065332e-01  5.35786450e-01 -8.36749375e-01  8.67806946e+01]
 [ 0.00000000e+00  0.00000000e+00  0.00000000e+00  1.00000000e+00]]
T_pred (Predicted Transformation):
[[ -0.15678863  -0.6256023    0.7642245   -4.4709505 ]
 [  0.90939102  -0.39329309  -0.13538285 -13.84339167]
 [  0.38526004   0.67375241   0.630581    81.04240202]
 [  0.           0.           0.           1.        ]]
T_pred_ICP (Predicted Transformation from ICP):
[[ -0.13059467  -0.60688044   0.78399054  -4.52887112]
 [  0.9093044   -0.38845344  -0.14922946 -13.93861362]
 [  0.39510826   0.69339748   0.602569    80.89738022]
 [  0.           0.           0.           1.        ]]
