Object ID: 8
Inlier ration of P_pred: 0.14999999105930328
Num. of correspondences: 100
Avg. Euclidean Distance (ADD) [cm]: 13.257174325001717
Add Score thres: 0
Add Score thres (xyz direction): 0.0
Add-S Score: 1.0
Avg. Euclidean Distance (ADD) ICP: 13.30583691768547
Add Score ICP thres: 13.30583691768547
Add Score ICP thres (xyz direction): 0.0
Add-S Score ICP: 1.0
Error [cm]: 5.401613519590934
Error [deg]: 124.38707741461626
T_gt (Ground Truth Transformation):
[[ 6.74809754e-01  7.35248506e-01 -6.35730997e-02  3.19471252e+01]
 [ 6.69372499e-01 -6.46064162e-01 -3.66799265e-01 -3.21502441e+01]
 [-3.10760885e-01  2.04965651e-01 -9.28125501e-01  9.11159485e+01]
 [ 0.00000000e+00  0.00000000e+00  0.00000000e+00  1.00000000e+00]]
T_pred (Predicted Transformation):
[[ 3.93052120e-01  3.14164828e-01  8.64181978e-01  3.69919171e+01]
 [-4.27696059e-02  9.45051596e-01 -3.24111465e-01 -3.40154166e+01]
 [-9.18520980e-01  9.04319760e-02  3.84891239e-01  9.14638263e+01]
 [ 0.00000000e+00  0.00000000e+00  0.00000000e+00  1.00000000e+00]]
T_pred_ICP (Predicted Transformation from ICP):
[[ 3.98997883e-01  3.43954366e-01  8.49997696e-01  3.69239303e+01]
 [-7.30403798e-02  9.35958074e-01 -3.44452591e-01 -3.41996789e+01]
 [-9.14038179e-01  7.53517002e-02  3.98567848e-01  9.15727389e+01]
 [ 0.00000000e+00  0.00000000e+00  0.00000000e+00  1.00000000e+00]]
