Object ID: 7
Inlier ration of P_pred: 0.0
Num. of correspondences: 100
Avg. Euclidean Distance (ADD) [cm]: 9.940215124702894
Add Score thres: 0
Add Score thres (xyz direction): 0.0
Add-S Score: 1.0
Avg. Euclidean Distance (ADD) ICP: 9.915210479138313
Add Score ICP thres: 9.915210479138313
Add Score ICP thres (xyz direction): 0.0
Add-S Score ICP: 1.0
Error [cm]: 6.138415345904828
Error [deg]: 171.05067268670328
T_gt (Ground Truth Transformation):
[[ -0.94332945  -0.29888064  -0.14422226 -20.0591568 ]
 [ -0.18200552   0.82935101  -0.52825272  19.16824036]
 [  0.27749535  -0.47206706  -0.83674914  73.72783203]
 [  0.           0.           0.           1.        ]]
T_pred (Predicted Transformation):
[[ 9.90676330e-01  1.35886985e-01  9.75381634e-03 -2.22249585e+01]
 [-1.32296567e-01  9.42463068e-01  3.07019517e-01  1.33941082e+01]
 [ 3.25273449e-02 -3.05447364e-01  9.51653235e-01  7.40624738e+01]
 [ 0.00000000e+00  0.00000000e+00  0.00000000e+00  1.00000000e+00]]
T_pred_ICP (Predicted Transformation from ICP):
[[ 9.91337101e-01  1.31129917e-01  7.46308548e-03 -2.21968983e+01]
 [-1.26468954e-01  9.37679028e-01  3.23672123e-01  1.34252654e+01]
 [ 3.54451200e-02 -3.21812033e-01  9.46139873e-01  7.40862212e+01]
 [ 0.00000000e+00  0.00000000e+00  0.00000000e+00  1.00000000e+00]]
