Object ID: 9
Inlier ration of P_pred: 0.0
Num. of correspondences: 100
Avg. Euclidean Distance (ADD) [cm]: 6.71351262620301
Add Score thres: 0
Add Score thres (xyz direction): 0.0
Add-S Score: 1.0
Avg. Euclidean Distance (ADD) ICP: 6.688943261914013
Add Score ICP thres: 6.688943261914013
Add Score ICP thres (xyz direction): 0.0
Add-S Score ICP: 1.0
Error [cm]: 2.93812617469223
Error [deg]: 172.83854591856365
T_gt (Ground Truth Transformation):
[[-8.52075458e-01  5.19544303e-01 -6.35732636e-02  3.45531860e+01]
 [ 5.04109025e-01  7.81877995e-01 -3.66798222e-01 -2.05549667e+01]
 [-1.40861377e-01 -3.44587535e-01 -9.28126097e-01  9.29437561e+01]
 [ 0.00000000e+00  0.00000000e+00  0.00000000e+00  1.00000000e+00]]
T_pred (Predicted Transformation):
[[  0.63134     -0.74196884   0.22559264  32.14297753]
 [ -0.24798597  -0.46877831  -0.84779116 -19.77311549]
 [  0.73478756   0.47930066  -0.47995636  90.95535441]
 [  0.           0.           0.           1.        ]]
T_pred_ICP (Predicted Transformation from ICP):
[[  0.64554665  -0.66030748   0.38374934  32.43057036]
 [ -0.13970754  -0.59609422  -0.79066648 -19.98335494]
 [  0.75083376   0.45679942  -0.47705656  90.99430796]
 [  0.           0.           0.           1.        ]]
