Object ID: 15
Inlier ration of P_pred: 0.5099999904632568
Num. of correspondences: 100
Avg. Euclidean Distance (ADD) [cm]: 9.910414754348308
Add Score thres: 0
Add Score thres (xyz direction): 0.0
Add-S Score: 1.0
Avg. Euclidean Distance (ADD) ICP: 9.958362579061188
Add Score ICP thres: 9.958362579061188
Add Score ICP thres (xyz direction): 0.0
Add-S Score ICP: 1.0
Error [cm]: 4.147971688642565
Error [deg]: 126.06693275804962
T_gt (Ground Truth Transformation):
[[-9.88811493e-01 -1.48815826e-01 -1.02957683e-02  8.50204086e+00]
 [-1.15685411e-01  8.08587313e-01 -5.76891184e-01 -2.66077728e+01]
 [ 9.41755548e-02 -5.69245517e-01 -8.16756248e-01  7.01046997e+01]
 [ 0.00000000e+00  0.00000000e+00  0.00000000e+00  1.00000000e+00]]
T_pred (Predicted Transformation):
[[  0.42102262  -0.62028      0.66181015  11.63319156]
 [ -0.25332615  -0.78100581  -0.5708378  -24.05385933]
 [  0.87095684   0.07268181  -0.48595425  69.54941716]
 [  0.           0.           0.           1.        ]]
T_pred_ICP (Predicted Transformation from ICP):
[[ 4.14568002e-01 -6.06817252e-01  6.78163840e-01  1.16837897e+01]
 [-2.50303087e-01 -7.92512248e-01 -5.56122919e-01 -2.40049167e+01]
 [ 8.74918131e-01  6.08042644e-02 -4.80438451e-01  6.95503682e+01]
 [ 0.00000000e+00  0.00000000e+00  0.00000000e+00  1.00000000e+00]]
