Object ID: 5
Inlier ration of P_pred: 0.07000000029802322
Num. of correspondences: 100
Avg. Euclidean Distance (ADD) [cm]: 15.049227842923306
Add Score thres: 0
Add Score thres (xyz direction): 0.0
Add-S Score: 1.0
Avg. Euclidean Distance (ADD) ICP: 15.077811335026604
Add Score ICP thres: 15.077811335026604
Add Score ICP thres (xyz direction): 0.0
Add-S Score ICP: 1.0
Error [cm]: 9.496226540433957
Error [deg]: 139.57892431007244
T_gt (Ground Truth Transformation):
[[-6.66256070e-01  7.41355062e-01  8.05956647e-02  3.04749420e+01]
 [ 7.17505932e-01  6.66739702e-01 -2.01602235e-01  1.07169739e+01]
 [-2.03195155e-01 -7.64908344e-02 -9.76146042e-01  1.31235242e+02]
 [ 0.00000000e+00  0.00000000e+00  0.00000000e+00  1.00000000e+00]]
T_pred (Predicted Transformation):
[[ 5.09942120e-02  9.90857641e-01  1.24902863e-01  3.16505024e+01]
 [-4.95093925e-01 -8.35345753e-02  8.64814420e-01  1.03047226e+01]
 [ 8.67341684e-01 -1.05939178e-01  4.86307818e-01  1.21847559e+02]
 [ 0.00000000e+00  0.00000000e+00  0.00000000e+00  1.00000000e+00]]
T_pred_ICP (Predicted Transformation from ICP):
[[ 2.78634390e-02  9.90192327e-01  1.36904289e-01  3.16074794e+01]
 [-4.98527885e-01 -1.04944411e-01  8.60497890e-01  1.03953483e+01]
 [ 8.66425748e-01 -9.22270361e-02  4.90714374e-01  1.21812279e+02]
 [ 0.00000000e+00  0.00000000e+00  0.00000000e+00  1.00000000e+00]]
