Object ID: 6
Inlier ration of P_pred: 0.0
Num. of correspondences: 100
Avg. Euclidean Distance (ADD) [cm]: 9.467729238866553
Add Score thres: 0
Add Score thres (xyz direction): 0.0
Add-S Score: 1.0
Avg. Euclidean Distance (ADD) ICP: 9.449391764593479
Add Score ICP thres: 9.449391764593479
Add Score ICP thres (xyz direction): 0.0
Add-S Score ICP: 1.0
Error [cm]: 7.846082399328869
Error [deg]: 135.6578833217022
T_gt (Ground Truth Transformation):
[[ 6.69516206e-01  7.38412261e-01  8.05949420e-02  3.82420074e+01]
 [ 7.36460328e-01 -6.45742655e-01 -2.01601505e-01 -1.99812851e+01]
 [-9.68214199e-02  1.94330439e-01 -9.76146460e-01  1.42123669e+02]
 [ 0.00000000e+00  0.00000000e+00  0.00000000e+00  1.00000000e+00]]
T_pred (Predicted Transformation):
[[-1.36718563e-01  4.33675448e-01 -8.90636649e-01  3.05757906e+01]
 [ 8.42120831e-02  9.00912627e-01  4.25751998e-01 -1.85403715e+01]
 [ 9.87023991e-01 -1.67941663e-02 -1.59692192e-01  1.43705262e+02]
 [ 0.00000000e+00  0.00000000e+00  0.00000000e+00  1.00000000e+00]]
T_pred_ICP (Predicted Transformation from ICP):
[[-1.26498989e-01  4.21748839e-01 -8.97845155e-01  3.06573932e+01]
 [ 6.01576688e-02  9.06711895e-01  4.17438132e-01 -1.85911269e+01]
 [ 9.90140930e-01 -1.20676966e-03 -1.40069565e-01  1.43573530e+02]
 [ 0.00000000e+00  0.00000000e+00  0.00000000e+00  1.00000000e+00]]
