Object ID: 8
Inlier ration of P_pred: 0.019999999552965164
Num. of correspondences: 100
Avg. Euclidean Distance (ADD) [cm]: 14.383619503829129
Add Score thres: 0
Add Score thres (xyz direction): 0.0
Add-S Score: 1.0
Avg. Euclidean Distance (ADD) ICP: 14.3962906073015
Add Score ICP thres: 14.3962906073015
Add Score ICP thres (xyz direction): 0.0
Add-S Score ICP: 1.0
Error [cm]: 8.138695718946186
Error [deg]: 163.16629390203292
T_gt (Ground Truth Transformation):
[[-8.21381748e-01 -5.64655960e-01  8.05950388e-02 -2.35156006e+01]
 [-5.68223536e-01  7.97796071e-01 -2.01602235e-01  3.91902435e+01]
 [ 4.95374985e-02 -2.11388409e-01 -9.76145923e-01  1.20166113e+02]
 [ 0.00000000e+00  0.00000000e+00  0.00000000e+00  1.00000000e+00]]
T_pred (Predicted Transformation):
[[ 7.53593623e-01 -9.02949568e-02  6.51109417e-01 -2.10977507e+01]
 [ 5.17572101e-01 -5.29127131e-01 -6.72416240e-01  4.02503073e+01]
 [ 4.05235453e-01  8.43724659e-01 -3.52012681e-01  1.12450567e+02]
 [ 0.00000000e+00  0.00000000e+00  0.00000000e+00  1.00000000e+00]]
T_pred_ICP (Predicted Transformation from ICP):
[[ 7.49161632e-01 -9.48249435e-02  6.55564703e-01 -2.11441607e+01]
 [ 5.25543039e-01 -5.17330523e-01 -6.75406281e-01  4.03103021e+01]
 [ 4.03188993e-01  8.50515938e-01 -3.37729589e-01  1.12461562e+02]
 [ 0.00000000e+00  0.00000000e+00  0.00000000e+00  1.00000000e+00]]
