Object ID: 14
Inlier ration of P_pred: 0.0
Num. of correspondences: 100
Avg. Euclidean Distance (ADD) [cm]: 18.559414982580485
Add Score thres: 0
Add Score thres (xyz direction): 0.0
Add-S Score: 0.6666666666666666
Avg. Euclidean Distance (ADD) ICP: 18.91455317150627
Add Score ICP thres: 18.91455317150627
Add Score ICP thres (xyz direction): 0.0
Add-S Score ICP: 0.3333333333333333
Error [cm]: 18.512895435055995
Error [deg]: 164.9083290716261
T_gt (Ground Truth Transformation):
[[-9.38282311e-01 -3.27151686e-01  1.12241358e-01  2.86364838e+01]
 [-3.45842779e-01  8.83328557e-01 -3.16422880e-01  2.28730835e+01]
 [ 4.37226985e-03 -3.35711837e-01 -9.41954613e-01  1.04710413e+02]
 [ 0.00000000e+00  0.00000000e+00  0.00000000e+00  1.00000000e+00]]
T_pred (Predicted Transformation):
[[ 9.99077754e-01 -8.36663508e-03 -4.21146104e-02  1.40522133e+01]
 [ 1.58563002e-02 -8.39611178e-01  5.42956396e-01  2.24765886e+01]
 [-3.99026157e-02 -5.43123439e-01 -8.38704186e-01  9.44133929e+01]
 [ 0.00000000e+00  0.00000000e+00  0.00000000e+00  1.00000000e+00]]
T_pred_ICP (Predicted Transformation from ICP):
[[ 9.68670852e-01  1.64052643e-01  1.86449752e-01  1.47624320e+01]
 [ 8.09516536e-02 -9.18331387e-01  3.87445858e-01  2.18412497e+01]
 [ 2.34784177e-01 -3.60214094e-01 -9.02841180e-01  9.24967602e+01]
 [ 0.00000000e+00  0.00000000e+00  0.00000000e+00  1.00000000e+00]]
