Object ID: 3
Inlier ration of P_pred: 0.0
Num. of correspondences: 100
Avg. Euclidean Distance (ADD) [cm]: 10.599036315716901
Add Score thres: 0
Add Score thres (xyz direction): 0.0
Add-S Score: 1.0
Avg. Euclidean Distance (ADD) ICP: 10.554309583329703
Add Score ICP thres: 10.554309583329703
Add Score ICP thres (xyz direction): 0.0
Add-S Score ICP: 1.0
Error [cm]: 5.167955098007663
Error [deg]: 139.63043028338953
T_gt (Ground Truth Transformation):
[[-9.65069950e-01  2.49289140e-01  8.05951878e-02 -6.56270828e+00]
 [ 2.29150414e-01  9.52284932e-01 -2.01602459e-01 -2.01345764e+01]
 [-1.27006873e-01 -1.76091999e-01 -9.76146281e-01  1.40657776e+02]
 [ 0.00000000e+00  0.00000000e+00  0.00000000e+00  1.00000000e+00]]
T_pred (Predicted Transformation):
[[-1.68111362e-01 -9.53730732e-01  2.49271459e-01 -5.88934292e+00]
 [ 6.45515813e-01  8.46046479e-02  7.59046368e-01 -2.52644492e+01]
 [-7.45015372e-01  2.88512987e-01  6.01425267e-01  1.41444128e+02]
 [ 0.00000000e+00  0.00000000e+00  0.00000000e+00  1.00000000e+00]]
T_pred_ICP (Predicted Transformation from ICP):
[[-1.70834540e-01 -9.54094271e-01  2.46007485e-01 -5.96126264e+00]
 [ 6.43483858e-01  8.10414512e-02  7.61157545e-01 -2.52237669e+01]
 [-7.46152856e-01  2.88333845e-01  6.00099583e-01  1.41325731e+02]
 [ 0.00000000e+00  0.00000000e+00  0.00000000e+00  1.00000000e+00]]
