Object ID: 1
Inlier ration of P_pred: 0.0
Num. of correspondences: 100
Avg. Euclidean Distance (ADD) [cm]: 6.231929976684793
Add Score thres: 0
Add Score thres (xyz direction): 0.0
Add-S Score: 1.0
Avg. Euclidean Distance (ADD) ICP: 6.199823646075807
Add Score ICP thres: 6.199823646075807
Add Score ICP thres (xyz direction): 0.0
Add-S Score ICP: 1.0
Error [cm]: 2.6553734082858766
Error [deg]: 149.98597812232592
T_gt (Ground Truth Transformation):
[[-1.79532934e-02 -9.59463894e-01  2.81259358e-01  2.25455307e+01]
 [-1.36067942e-01 -2.76343018e-01 -9.51377988e-01  1.68510513e+01]
 [ 9.90536869e-01 -5.53507209e-02 -1.25591055e-01  1.00819019e+02]
 [ 0.00000000e+00  0.00000000e+00  0.00000000e+00  1.00000000e+00]]
T_pred (Predicted Transformation):
[[-3.27148133e-01  9.42166303e-01  7.27788258e-02  2.19244109e+01]
 [-9.44970249e-01 -3.25987330e-01 -2.76313182e-02  1.53035308e+01]
 [-2.30832187e-03 -7.78133592e-02  9.96965272e-01  1.02965987e+02]
 [ 0.00000000e+00  0.00000000e+00  0.00000000e+00  1.00000000e+00]]
T_pred_ICP (Predicted Transformation from ICP):
[[-3.18076135e-01  9.41381107e-01  1.12379641e-01  2.20153058e+01]
 [-9.47494065e-01 -3.19757133e-01 -3.22057518e-03  1.53809381e+01]
 [ 3.29024031e-02 -1.07503431e-01  9.93660125e-01  1.02965792e+02]
 [ 0.00000000e+00  0.00000000e+00  0.00000000e+00  1.00000000e+00]]
