Object ID: 9
Inlier ration of P_pred: 0.0
Num. of correspondences: 100
Avg. Euclidean Distance (ADD) [cm]: 7.415683936200627
Add Score thres: 0
Add Score thres (xyz direction): 0.0
Add-S Score: 1.0
Avg. Euclidean Distance (ADD) ICP: 7.475394072739922
Add Score ICP thres: 7.475394072739922
Add Score ICP thres (xyz direction): 0.0
Add-S Score ICP: 1.0
Error [cm]: 3.9538030808272184
Error [deg]: 170.311252677277
T_gt (Ground Truth Transformation):
[[ 7.13118792e-01 -6.96394980e-01  8.05953145e-02 -2.84250671e+01]
 [-6.72565043e-01 -7.12048471e-01 -2.01601714e-01  3.11872955e+01]
 [ 1.97782189e-01  8.95603821e-02 -9.76146042e-01  1.27678308e+02]
 [ 0.00000000e+00  0.00000000e+00  0.00000000e+00  1.00000000e+00]]
T_pred (Predicted Transformation):
[[-2.70143540e-01 -2.01364239e-01  9.41527966e-01 -2.85990697e+01]
 [ 8.42930677e-01  4.23102952e-01  3.32342843e-01  2.73756883e+01]
 [-4.65285225e-01  8.83423078e-01  5.54375647e-02  1.26308329e+02]
 [ 0.00000000e+00  0.00000000e+00  0.00000000e+00  1.00000000e+00]]
T_pred_ICP (Predicted Transformation from ICP):
[[ -0.28274294  -0.27981096   0.91747603 -28.43960878]
 [  0.87070608   0.32640241   0.36787552  27.62576535]
 [ -0.40240199   0.90286615   0.15134513 125.96137768]
 [  0.           0.           0.           1.        ]]
