Object ID: 5
Inlier ration of P_pred: 0.019999999552965164
Num. of correspondences: 100
Avg. Euclidean Distance (ADD) [cm]: 15.63956674398533
Add Score thres: 0
Add Score thres (xyz direction): 0.0
Add-S Score: 0.6666666666666666
Avg. Euclidean Distance (ADD) ICP: 15.650487712684622
Add Score ICP thres: 15.650487712684622
Add Score ICP thres (xyz direction): 0.0
Add-S Score ICP: 0.6666666666666666
Error [cm]: 8.55866296373613
Error [deg]: 157.9457642622356
T_gt (Ground Truth Transformation):
[[ 7.84120321e-01  6.10374093e-01  1.12243935e-01  1.81736374e+01]
 [ 6.10485137e-01 -7.26074815e-01 -3.16422164e-01 -2.09534622e+01]
 [-1.11638404e-01  3.16636324e-01 -9.41954374e-01  1.19214697e+02]
 [ 0.00000000e+00  0.00000000e+00  0.00000000e+00  1.00000000e+00]]
T_pred (Predicted Transformation):
[[-2.55592270e-01 -9.66623712e-01  1.76405849e-02  1.49362234e+01]
 [ 8.03582962e-01 -2.22555586e-01 -5.52017604e-01 -1.30260865e+01]
 [ 5.37519316e-01 -1.26915759e-01  8.33645833e-01  1.18438495e+02]
 [ 0.00000000e+00  0.00000000e+00  0.00000000e+00  1.00000000e+00]]
T_pred_ICP (Predicted Transformation from ICP):
[[-2.33144869e-01 -9.72439054e-01  2.39929863e-03  1.50277186e+01]
 [ 8.19604622e-01 -1.97829050e-01 -5.37691297e-01 -1.30370018e+01]
 [ 5.23346667e-01 -1.23393491e-01  8.43138371e-01  1.18387920e+02]
 [ 0.00000000e+00  0.00000000e+00  0.00000000e+00  1.00000000e+00]]
