Object ID: 10
Inlier ration of P_pred: 0.0
Num. of correspondences: 100
Avg. Euclidean Distance (ADD) [cm]: 14.305775165010049
Add Score thres: 0
Add Score thres (xyz direction): 0.0
Add-S Score: 0.6666666666666666
Avg. Euclidean Distance (ADD) ICP: 14.18718103790327
Add Score ICP thres: 14.18718103790327
Add Score ICP thres (xyz direction): 0.0
Add-S Score ICP: 0.6666666666666666
Error [cm]: 11.216970154358249
Error [deg]: 129.8768929775263
T_gt (Ground Truth Transformation):
[[ 5.37159741e-01  8.41081321e-01 -6.35733530e-02 -3.41346130e+01]
 [ 7.71220028e-01 -5.20267010e-01 -3.66799176e-01  2.70957985e+00]
 [-3.41583073e-01  1.48000687e-01 -9.28125262e-01  8.93408447e+01]
 [ 0.00000000e+00  0.00000000e+00  0.00000000e+00  1.00000000e+00]]
T_pred (Predicted Transformation):
[[ -0.53146187  -0.23060062  -0.81508996 -33.08217813]
 [  0.5547748    0.63239951  -0.54064385  -4.68439702]
 [  0.6401353   -0.73952296  -0.20816481  80.77465948]
 [  0.           0.           0.           1.        ]]
T_pred_ICP (Predicted Transformation from ICP):
[[ -0.49895049  -0.23659197  -0.83371017 -33.36352997]
 [  0.56332614   0.6425094   -0.51946639  -4.59523521]
 [  0.6585682   -0.72883874  -0.18730194  80.86349094]
 [  0.           0.           0.           1.        ]]
