Object ID: 14
Inlier ration of P_pred: 0.019999999552965164
Num. of correspondences: 100
Avg. Euclidean Distance (ADD) [cm]: 15.767658641596013
Add Score thres: 0
Add Score thres (xyz direction): 0.0
Add-S Score: 1.0
Avg. Euclidean Distance (ADD) ICP: 15.757720210873964
Add Score ICP thres: 15.757720210873964
Add Score ICP thres (xyz direction): 0.0
Add-S Score ICP: 1.0
Error [cm]: 12.40309036157698
Error [deg]: 141.2677088335658
T_gt (Ground Truth Transformation):
[[-9.32047546e-01  3.32397282e-01 -1.44221842e-01  2.62078979e+01]
 [ 3.56558025e-01  7.70593643e-01 -5.28253615e-01  7.96474609e+00]
 [-6.44535869e-02 -5.43780744e-01 -8.36748898e-01  6.57455811e+01]
 [ 0.00000000e+00  0.00000000e+00  0.00000000e+00  1.00000000e+00]]
T_pred (Predicted Transformation):
[[ 0.45708756  0.42330636  0.78222931 15.17119236]
 [-0.87099352  0.39113778  0.29729031 10.6908094 ]
 [-0.18011455 -0.81720436  0.54748131 60.71249023]
 [ 0.          0.          0.          1.        ]]
T_pred_ICP (Predicted Transformation from ICP):
[[ 0.45887466  0.41262359  0.78687726 15.18802852]
 [-0.86839412  0.39562333  0.29895456 10.67621171]
 [-0.1879513  -0.82050226  0.53986142 60.74087502]
 [ 0.          0.          0.          1.        ]]
