Object ID: 12
Inlier ration of P_pred: 0.0
Num. of correspondences: 436
Avg. Euclidean Distance (ADD) [cm]: 6.851735178861884
Add Score thres: 0
Add Score thres (xyz direction): 0.3333333333333333
Add-S Score: 1.0
Avg. Euclidean Distance (ADD) ICP: 6.838610755823677
Add Score ICP thres: 6.838610755823677
Add Score ICP thres (xyz direction): 0.3333333333333333
Add-S Score ICP: 1.0
Error [cm]: 6.566761359516066
Error [deg]: 28.270371606033972
T_gt (Ground Truth Transformation):
[[ 8.53742301e-01  2.99870700e-01 -4.25677866e-01 -7.90434189e+00]
 [-7.53160045e-02 -7.37802148e-01 -6.70802295e-01  2.75010624e+00]
 [-5.15219927e-01  6.04752660e-01 -6.07307851e-01  1.40406653e+02]
 [ 0.00000000e+00  0.00000000e+00  0.00000000e+00  1.00000000e+00]]
T_pred (Predicted Transformation):
[[  0.74269088   0.52567433  -0.41482135 -13.13182584]
 [ -0.22076218  -0.39263305  -0.89280644   2.389942  ]
 [ -0.632198     0.75465607  -0.17555598 136.43237164]
 [  0.           0.           0.           1.        ]]
T_pred_ICP (Predicted Transformation from ICP):
[[  0.73680586   0.52633508  -0.42436836 -13.16126548]
 [ -0.22817024  -0.39726996  -0.88888409   2.46043123]
 [ -0.63643968   0.75176324  -0.17261683 136.48196207]
 [  0.           0.           0.           1.        ]]
