Object ID: 13
Inlier ration of P_pred: 0.07850000262260437
Num. of correspondences: 2000
Avg. Euclidean Distance (ADD) [cm]: 15.230403546292541
Add Score thres: 0
Add Score thres (xyz direction): 0.3333333333333333
Add-S Score: 1.0
Avg. Euclidean Distance (ADD) ICP: 15.266009795598267
Add Score ICP thres: 15.266009795598267
Add Score ICP thres (xyz direction): 0.3333333333333333
Add-S Score ICP: 1.0
Error [cm]: 7.755995380567117
Error [deg]: 104.14259542052122
T_gt (Ground Truth Transformation):
[[ 1.53907582e-01 -9.86892104e-01  4.85460684e-02 -5.00831787e+01]
 [-9.43588793e-01 -1.61377341e-01 -2.89132863e-01  3.62864441e+01]
 [ 2.93177128e-01 -1.30774477e-03 -9.56057549e-01  9.53101074e+01]
 [ 0.00000000e+00  0.00000000e+00  0.00000000e+00  1.00000000e+00]]
T_pred (Predicted Transformation):
[[ 4.26022239e-01 -8.95910018e-01 -1.25897941e-01 -4.71780239e+01]
 [-3.09383569e-02 -1.53503418e-01  9.87663667e-01  2.90800868e+01]
 [-9.04183538e-01 -4.16871612e-01 -9.31138537e-02  9.48758995e+01]
 [ 0.00000000e+00  0.00000000e+00  0.00000000e+00  1.00000000e+00]]
T_pred_ICP (Predicted Transformation from ICP):
[[ 4.25762508e-01 -8.96876083e-01 -1.19747981e-01 -4.72351533e+01]
 [-2.03743522e-02 -1.41811447e-01  9.89683990e-01  2.90853858e+01]
 [-9.04605534e-01 -4.18930550e-01 -7.86512664e-02  9.48753940e+01]
 [ 0.00000000e+00  0.00000000e+00  0.00000000e+00  1.00000000e+00]]
