Object ID: 11
Inlier ration of P_pred: 0.07060755044221878
Num. of correspondences: 609
Avg. Euclidean Distance (ADD) [cm]: 9.317524006727396
Add Score thres: 0
Add Score thres (xyz direction): 0.0
Add-S Score: 1.0
Avg. Euclidean Distance (ADD) ICP: 9.07358890350126
Add Score ICP thres: 9.07358890350126
Add Score ICP thres (xyz direction): 0.0
Add-S Score ICP: 1.0
Error [cm]: 4.929991968809878
Error [deg]: 127.03465767310547
T_gt (Ground Truth Transformation):
[[-4.10475582e-01 -9.04937327e-01  1.12243652e-01  8.59594498e+00]
 [-8.78050506e-01  3.59032154e-01 -3.16422850e-01 -1.09736481e+01]
 [ 2.46043697e-01 -2.28439361e-01 -9.41954613e-01  1.15831360e+02]
 [ 0.00000000e+00  0.00000000e+00  0.00000000e+00  1.00000000e+00]]
T_pred (Predicted Transformation):
[[-7.43032478e-01  4.50947273e-01 -4.94519254e-01  6.93581937e+00]
 [ 3.89793873e-01 -3.09047732e-01 -8.67496534e-01 -7.86502502e+00]
 [-5.44025250e-01 -8.37338675e-01  5.38560183e-02  1.12118554e+02]
 [ 0.00000000e+00  0.00000000e+00  0.00000000e+00  1.00000000e+00]]
T_pred_ICP (Predicted Transformation from ICP):
[[-7.81573728e-01  3.82933579e-01 -4.92447338e-01  6.97577374e+00]
 [ 4.27616328e-01 -2.45879209e-01 -8.69877975e-01 -7.79632544e+00]
 [-4.54188048e-01 -8.90452294e-01  2.84240791e-02  1.12427761e+02]
 [ 0.00000000e+00  0.00000000e+00  0.00000000e+00  1.00000000e+00]]
