Object ID: 11
Inlier ration of P_pred: 0.13200724124908447
Num. of correspondences: 553
Avg. Euclidean Distance (ADD) [cm]: 9.89200041540671
Add Score thres: 0
Add Score thres (xyz direction): 0.0
Add-S Score: 1.0
Avg. Euclidean Distance (ADD) ICP: 9.904901439440497
Add Score ICP thres: 9.904901439440497
Add Score ICP thres (xyz direction): 0.0
Add-S Score ICP: 1.0
Error [cm]: 2.675816687665419
Error [deg]: 148.06952037764682
T_gt (Ground Truth Transformation):
[[ -0.93013924   0.21393959  -0.29844779  -8.72832565]
 [  0.30425113   0.90406841  -0.3001526    6.21348915]
 [  0.20560269  -0.36998674  -0.90600085 122.09460449]
 [  0.           0.           0.           1.        ]]
T_pred (Predicted Transformation):
[[-3.83471984e-01 -8.90116346e-01  2.46256223e-01 -7.69198085e+00]
 [ 4.61082515e-01  4.65159191e-02  8.86137226e-01  7.25864851e+00]
 [-8.00220065e-01  4.53353239e-01  3.92579532e-01  1.19843293e+02]
 [ 0.00000000e+00  0.00000000e+00  0.00000000e+00  1.00000000e+00]]
T_pred_ICP (Predicted Transformation from ICP):
[[-3.89419047e-01 -8.91515772e-01  2.31413990e-01 -7.63834529e+00]
 [ 4.67838040e-01  2.49690397e-02  8.83461440e-01  7.28645831e+00]
 [-7.93397992e-01  4.52300980e-01  4.07361572e-01  1.19899001e+02]
 [ 0.00000000e+00  0.00000000e+00  0.00000000e+00  1.00000000e+00]]
