Object ID: 2
Inlier ration of P_pred: 0.055000003427267075
Num. of correspondences: 2000
Avg. Euclidean Distance (ADD) [cm]: 14.428893387524594
Add Score thres: 0
Add Score thres (xyz direction): 0.0
Add-S Score: 1.0
Avg. Euclidean Distance (ADD) ICP: 14.40723419266693
Add Score ICP thres: 14.40723419266693
Add Score ICP thres (xyz direction): 0.0
Add-S Score ICP: 1.0
Error [cm]: 9.236125669865846
Error [deg]: 169.03244916770902
T_gt (Ground Truth Transformation):
[[ 7.93666244e-01  6.00099683e-01  9.98711064e-02 -8.58050989e-06]
 [ 3.90775144e-01 -3.77074867e-01 -8.39707911e-01  1.48081454e-05]
 [-4.66249585e-01  7.05475032e-01 -5.33775628e-01  1.27969836e+02]
 [ 0.00000000e+00  0.00000000e+00  0.00000000e+00  1.00000000e+00]]
T_pred (Predicted Transformation):
[[-3.92582559e-01 -9.14772438e-01  9.52382285e-02  2.06230250e-01]
 [-6.32070592e-01  3.43572535e-01  6.94582378e-01  1.92506678e+00]
 [-6.68106055e-01  2.12483644e-01 -7.13081342e-01  1.18871473e+02]
 [ 0.00000000e+00  0.00000000e+00  0.00000000e+00  1.00000000e+00]]
T_pred_ICP (Predicted Transformation from ICP):
[[-3.93992897e-01 -9.15639512e-01  7.98365870e-02  1.83075364e-01]
 [-6.45178578e-01  3.37386103e-01  6.85503625e-01  1.79004627e+00]
 [-6.54609960e-01  2.18574704e-01 -7.23678727e-01  1.18910682e+02]
 [ 0.00000000e+00  0.00000000e+00  0.00000000e+00  1.00000000e+00]]
