Object ID: 12
Inlier ration of P_pred: 0.007746933493763208
Num. of correspondences: 1549
Avg. Euclidean Distance (ADD) [cm]: 9.930104405156547
Add Score thres: 0
Add Score thres (xyz direction): 0.0
Add-S Score: 1.0
Avg. Euclidean Distance (ADD) ICP: 9.456549906580593
Add Score ICP thres: 9.456549906580593
Add Score ICP thres (xyz direction): 0.0
Add-S Score ICP: 1.0
Error [cm]: 6.438513111469158
Error [deg]: 104.87026833440034
T_gt (Ground Truth Transformation):
[[  0.82011706   0.54902041   0.16119756 -10.34118118]
 [  0.55687243  -0.70106745  -0.44541922  -7.2311348 ]
 [ -0.13153388   0.45506239  -0.88069165 122.03259277]
 [  0.           0.           0.           1.        ]]
T_pred (Predicted Transformation):
[[-7.89848217e-01  6.04716338e-01  1.02264090e-01 -7.43214368e+00]
 [ 4.90395313e-01  7.22854701e-01 -4.86819800e-01 -1.21182322e+01]
 [-3.68309966e-01 -3.34363921e-01 -8.67495555e-01  1.18032350e+02]
 [ 0.00000000e+00  0.00000000e+00  0.00000000e+00  1.00000000e+00]]
T_pred_ICP (Predicted Transformation from ICP):
[[-7.39034492e-01  6.72039679e-01  4.68048090e-02 -7.93704037e+00]
 [ 5.43760202e-01  6.36095049e-01 -5.47455871e-01 -1.19718913e+01]
 [-3.97684375e-01 -3.79138179e-01 -8.35524613e-01  1.18399442e+02]
 [ 0.00000000e+00  0.00000000e+00  0.00000000e+00  1.00000000e+00]]
