Object ID: 9
Inlier ration of P_pred: 0.0
Num. of correspondences: 759
Avg. Euclidean Distance (ADD) [cm]: 5.761201756172893
Add Score thres: 0
Add Score thres (xyz direction): 0.0
Add-S Score: 1.0
Avg. Euclidean Distance (ADD) ICP: 5.753125863331834
Add Score ICP thres: 5.753125863331834
Add Score ICP thres (xyz direction): 0.0
Add-S Score ICP: 1.0
Error [cm]: 2.378756267158451
Error [deg]: 115.98963646992556
T_gt (Ground Truth Transformation):
[[ 7.13118792e-01 -6.96394980e-01  8.05953145e-02 -2.84250671e+01]
 [-6.72565043e-01 -7.12048471e-01 -2.01601714e-01  3.11872955e+01]
 [ 1.97782189e-01  8.95603821e-02 -9.76146042e-01  1.27678308e+02]
 [ 0.00000000e+00  0.00000000e+00  0.00000000e+00  1.00000000e+00]]
T_pred (Predicted Transformation):
[[-9.75333798e-02  3.45912900e-01 -9.33183532e-01 -2.94232920e+01]
 [-3.65246040e-01 -8.84668013e-01 -2.89754789e-01  2.95228401e+01]
 [-9.25787541e-01  3.12580826e-01  2.12627978e-01  1.29408039e+02]
 [ 0.00000000e+00  0.00000000e+00  0.00000000e+00  1.00000000e+00]]
T_pred_ICP (Predicted Transformation from ICP):
[[ -0.1431577    0.32922284  -0.93333713 -29.20698229]
 [ -0.33901978  -0.90230896  -0.2662783   29.77908572]
 [ -0.92982335   0.27829996   0.24078553 129.42874668]
 [  0.           0.           0.           1.        ]]
