Object ID: 14
Inlier ration of P_pred: 0.13450001180171967
Num. of correspondences: 2000
Avg. Euclidean Distance (ADD) [cm]: 21.218941983233698
Add Score thres: 0
Add Score thres (xyz direction): 0.0
Add-S Score: 0.6666666666666666
Avg. Euclidean Distance (ADD) ICP: 21.27909156315438
Add Score ICP thres: 21.27909156315438
Add Score ICP thres (xyz direction): 0.0
Add-S Score ICP: 0.6666666666666666
Error [cm]: 19.372067152004327
Error [deg]: 175.9488258031433
T_gt (Ground Truth Transformation):
[[-9.74845946e-01  6.50780126e-02 -2.13166714e-01  1.77932846e+01]
 [ 2.02773839e-01  6.55942798e-01 -7.27063835e-01 -3.14960907e+01]
 [ 9.25092921e-02 -7.51999915e-01 -6.52639210e-01  1.21356641e+02]
 [ 0.00000000e+00  0.00000000e+00  0.00000000e+00  1.00000000e+00]]
T_pred (Predicted Transformation):
[[-3.13662532e-01  8.87671107e-01  3.37128793e-01  1.79213726e+01]
 [-5.96567882e-01 -4.60450197e-01  6.57337340e-01 -3.33920892e+01]
 [ 7.38730383e-01  5.06188469e-03  6.73982046e-01  1.02226908e+02]
 [ 0.00000000e+00  0.00000000e+00  0.00000000e+00  1.00000000e+00]]
T_pred_ICP (Predicted Transformation from ICP):
[[-2.64402849e-01  8.93712604e-01  3.62448501e-01  1.72369394e+01]
 [-5.45556629e-01 -4.48515848e-01  7.07955859e-01 -3.42230398e+01]
 [ 7.95272971e-01 -1.05506363e-02  6.06159703e-01  1.02185537e+02]
 [ 0.00000000e+00  0.00000000e+00  0.00000000e+00  1.00000000e+00]]
