Object ID: 11
Inlier ration of P_pred: 0.390625
Num. of correspondences: 320
Avg. Euclidean Distance (ADD) [cm]: 8.01149800740649
Add Score thres: 0
Add Score thres (xyz direction): 0.0
Add-S Score: 0.6666666666666666
Avg. Euclidean Distance (ADD) ICP: 8.019198644254036
Add Score ICP thres: 8.019198644254036
Add Score ICP thres (xyz direction): 0.0
Add-S Score ICP: 0.6666666666666666
Error [cm]: 4.63292512760042
Error [deg]: 126.89873456123097
T_gt (Ground Truth Transformation):
[[ 6.04781091e-01 -7.59311378e-01  2.40179196e-01  1.67232239e+01]
 [-6.48508891e-02 -3.47537518e-01 -9.35420752e-01  3.40557899e+00]
 [ 7.93746889e-01  5.50148964e-01 -2.59426147e-01  1.52694666e+02]
 [ 0.00000000e+00  0.00000000e+00  0.00000000e+00  1.00000000e+00]]
T_pred (Predicted Transformation):
[[-9.97844275e-01 -6.51387220e-02  7.98428797e-03  1.49265974e+01]
 [ 4.55271552e-02 -7.74721841e-01 -6.30661040e-01  2.56242486e+00]
 [ 4.72660564e-02 -6.28938007e-01  7.76017335e-01  1.48525089e+02]
 [ 0.00000000e+00  0.00000000e+00  0.00000000e+00  1.00000000e+00]]
T_pred_ICP (Predicted Transformation from ICP):
[[-9.97673398e-01 -6.74188346e-02  1.01238322e-02  1.49097497e+01]
 [ 4.59533534e-02 -7.74721692e-01 -6.30630311e-01  2.56536426e+00]
 [ 5.03595130e-02 -6.28697861e-01  7.76017345e-01  1.48515031e+02]
 [ 0.00000000e+00  0.00000000e+00  0.00000000e+00  1.00000000e+00]]
