Object ID: 5
Inlier ration of P_pred: 0.0
Num. of correspondences: 1287
Avg. Euclidean Distance (ADD) [cm]: 11.110794069624966
Add Score thres: 0
Add Score thres (xyz direction): 0.0
Add-S Score: 1.0
Avg. Euclidean Distance (ADD) ICP: 11.162830461621418
Add Score ICP thres: 11.162830461621418
Add Score ICP thres (xyz direction): 0.0
Add-S Score ICP: 1.0
Error [cm]: 6.763312465682895
Error [deg]: 117.02216456056885
T_gt (Ground Truth Transformation):
[[-0.75769442 -0.6406427   0.12440353 -9.32480927]
 [-0.62094486  0.64905375 -0.43949598 27.82268372]
 [ 0.20081531 -0.41025135 -0.88958818 59.89265137]
 [ 0.          0.          0.          1.        ]]
T_pred (Predicted Transformation):
[[ 6.89310741e-01 -5.02784285e-01  5.21592432e-01 -1.17013270e+01]
 [-5.07295098e-03 -7.23300494e-01 -6.90514779e-01  3.08809475e+01]
 [ 7.24448043e-01  4.73333241e-01 -5.01129400e-01  6.53502440e+01]
 [ 0.00000000e+00  0.00000000e+00  0.00000000e+00  1.00000000e+00]]
T_pred_ICP (Predicted Transformation from ICP):
[[ 6.95457738e-01 -4.94603478e-01  5.21254193e-01 -1.17562173e+01]
 [-7.14358849e-03 -7.30131007e-01 -6.83269845e-01  3.08859666e+01]
 [ 7.18531491e-01  4.71461676e-01 -5.11308503e-01  6.54105267e+01]
 [ 0.00000000e+00  0.00000000e+00  0.00000000e+00  1.00000000e+00]]
