Object ID: 14
Inlier ration of P_pred: 0.0
Num. of correspondences: 2000
Avg. Euclidean Distance (ADD) [cm]: 15.400770052459457
Add Score thres: 0
Add Score thres (xyz direction): 0.3333333333333333
Add-S Score: 1.0
Avg. Euclidean Distance (ADD) ICP: 15.384812312967323
Add Score ICP thres: 15.384812312967323
Add Score ICP thres (xyz direction): 0.3333333333333333
Add-S Score ICP: 1.0
Error [cm]: 2.977187525453163
Error [deg]: 166.21932232471266
T_gt (Ground Truth Transformation):
[[ 6.84513092e-01 -7.19301641e-01 -1.18519917e-01 -2.09245361e+01]
 [-5.78701496e-01 -4.37285930e-01 -6.88393593e-01  9.61700668e+00]
 [ 4.43335533e-01  5.39802134e-01 -7.15588927e-01  1.34825903e+02]
 [ 0.00000000e+00  0.00000000e+00  0.00000000e+00  1.00000000e+00]]
T_pred (Predicted Transformation):
[[-9.44167217e-01  2.48120639e-01  2.16758888e-01 -1.86778075e+01]
 [ 3.00144653e-01  3.76444825e-01  8.76471609e-01  8.32697657e+00]
 [ 1.35872934e-01  8.92594780e-01 -4.29898946e-01  1.36134628e+02]
 [ 0.00000000e+00  0.00000000e+00  0.00000000e+00  1.00000000e+00]]
T_pred_ICP (Predicted Transformation from ICP):
[[-9.45131511e-01  2.39723200e-01  2.21944168e-01 -1.86533999e+01]
 [ 3.01104172e-01  3.75654267e-01  8.76481688e-01  8.22105502e+00]
 [ 1.26738721e-01  8.95218777e-01 -4.27224341e-01  1.36151386e+02]
 [ 0.00000000e+00  0.00000000e+00  0.00000000e+00  1.00000000e+00]]
