Object ID: 4
Inlier ration of P_pred: 0.05650000274181366
Num. of correspondences: 2000
Avg. Euclidean Distance (ADD) [cm]: 10.936163443973571
Add Score thres: 0
Add Score thres (xyz direction): 0.0
Add-S Score: 1.0
Avg. Euclidean Distance (ADD) ICP: 10.904303267529576
Add Score ICP thres: 10.904303267529576
Add Score ICP thres (xyz direction): 0.0
Add-S Score ICP: 1.0
Error [cm]: 6.299348897308682
Error [deg]: 153.96157315885452
T_gt (Ground Truth Transformation):
[[  0.77958548   0.37862521   0.49888813  -8.96551056]
 [  0.61558187  -0.31652433  -0.7217139   -6.46856842]
 [ -0.1153488    0.86974418  -0.47983259 101.34802856]
 [  0.           0.           0.           1.        ]]
T_pred (Predicted Transformation):
[[ 6.23911169e-01 -6.43412047e-01 -4.43571630e-01 -7.64958824e+00]
 [ 7.80984853e-01  4.92825489e-01  3.83647881e-01 -1.24065748e+01]
 [-2.82402632e-02 -5.85784922e-01  8.09974390e-01  9.96480606e+01]
 [ 0.00000000e+00  0.00000000e+00  0.00000000e+00  1.00000000e+00]]
T_pred_ICP (Predicted Transformation from ICP):
[[ 6.30415851e-01 -6.51126458e-01 -4.22622990e-01 -7.72191612e+00]
 [ 7.75943142e-01  5.13084826e-01  3.66955311e-01 -1.23406942e+01]
 [-2.20928685e-02 -5.59265856e-01  8.28693917e-01  9.94366396e+01]
 [ 0.00000000e+00  0.00000000e+00  0.00000000e+00  1.00000000e+00]]
