Object ID: 9
Inlier ration of P_pred: 0.019340159371495247
Num. of correspondences: 1758
Avg. Euclidean Distance (ADD) [cm]: 8.702496760492023
Add Score thres: 0
Add Score thres (xyz direction): 0.3333333333333333
Add-S Score: 1.0
Avg. Euclidean Distance (ADD) ICP: 8.70962971445785
Add Score ICP thres: 8.70962971445785
Add Score ICP thres (xyz direction): 0.0
Add-S Score ICP: 1.0
Error [cm]: 6.877490618655444
Error [deg]: 173.12220135868253
T_gt (Ground Truth Transformation):
[[  0.71436864   0.68862283   0.12440281 -32.35086975]
 [  0.66189158  -0.60724074  -0.43949774 -23.04586487]
 [ -0.22710572   0.39630458  -0.88958734  87.87634888]
 [  0.           0.           0.           1.        ]]
T_pred (Predicted Transformation):
[[-8.42116211e-01 -4.40581762e-01 -3.11011252e-01 -3.62825821e+01]
 [-5.35654218e-01  6.16418758e-01  5.77150304e-01 -1.74773977e+01]
 [-6.25687283e-02  6.52622116e-01 -7.55095708e-01  8.87409821e+01]
 [ 0.00000000e+00  0.00000000e+00  0.00000000e+00  1.00000000e+00]]
T_pred_ICP (Predicted Transformation from ICP):
[[-8.36661721e-01 -4.20825172e-01 -3.50575725e-01 -3.63249912e+01]
 [-5.46072723e-01  5.91288733e-01  5.93449421e-01 -1.75497236e+01]
 [-4.24469779e-02  6.87956255e-01 -7.24509797e-01  8.90159397e+01]
 [ 0.00000000e+00  0.00000000e+00  0.00000000e+00  1.00000000e+00]]
