Object ID: 12
Inlier ration of P_pred: 0.05650000274181366
Num. of correspondences: 2000
Avg. Euclidean Distance (ADD) [cm]: 6.19757418863303
Add Score thres: 0
Add Score thres (xyz direction): 0.3333333333333333
Add-S Score: 1.0
Avg. Euclidean Distance (ADD) ICP: 6.1960756503029595
Add Score ICP thres: 6.1960756503029595
Add Score ICP thres (xyz direction): 0.3333333333333333
Add-S Score ICP: 1.0
Error [cm]: 3.220102171181901
Error [deg]: 90.71336108860362
T_gt (Ground Truth Transformation):
[[ 7.93156862e-01  6.06949210e-01 -5.01484089e-02  1.74778931e+01]
 [ 5.79148591e-01 -7.77166545e-01 -2.46168599e-01  8.76597443e+00]
 [-1.88385502e-01  1.66206926e-01 -9.67928767e-01  9.91062012e+01]
 [ 0.00000000e+00  0.00000000e+00  0.00000000e+00  1.00000000e+00]]
T_pred (Predicted Transformation):
[[ 5.06908288e-01 -4.00373650e-01  7.63377317e-01  2.02987188e+01]
 [ 6.11341713e-01 -4.57354759e-01 -6.45823454e-01  7.47773603e+00]
 [ 6.07704942e-01  7.94057658e-01  1.29281953e-02  9.82460688e+01]
 [ 0.00000000e+00  0.00000000e+00  0.00000000e+00  1.00000000e+00]]
T_pred_ICP (Predicted Transformation from ICP):
[[ 4.90179588e-01 -4.02914355e-01  7.72906200e-01  2.02906918e+01]
 [ 6.18214322e-01 -4.64387054e-01 -6.34157485e-01  7.37780519e+00]
 [ 6.14438787e-01  7.88672737e-01  2.14543700e-02  9.83780477e+01]
 [ 0.00000000e+00  0.00000000e+00  0.00000000e+00  1.00000000e+00]]
