Object ID: 10
Inlier ration of P_pred: 0.0
Num. of correspondences: 1604
Avg. Euclidean Distance (ADD) [cm]: 10.413858195735832
Add Score thres: 0
Add Score thres (xyz direction): 0.0
Add-S Score: 1.0
Avg. Euclidean Distance (ADD) ICP: 10.32649133221457
Add Score ICP thres: 10.32649133221457
Add Score ICP thres (xyz direction): 0.0
Add-S Score ICP: 1.0
Error [cm]: 4.919797722831345
Error [deg]: 131.6411621835564
T_gt (Ground Truth Transformation):
[[ 5.91413856e-01  8.05864513e-01 -2.84958482e-02 -3.44408722e+01]
 [ 5.24071217e-01 -4.10986423e-01 -7.45948672e-01  7.22136536e+00]
 [-6.12845004e-01  4.26230520e-01 -6.65393412e-01  1.37403113e+02]
 [ 0.00000000e+00  0.00000000e+00  0.00000000e+00  1.00000000e+00]]
T_pred (Predicted Transformation):
[[-9.91810764e-01  3.67123120e-02 -1.22325856e-01 -3.48216685e+01]
 [ 4.25703063e-02  9.98051239e-01 -4.56233847e-02  7.18929180e+00]
 [ 1.20412532e-01 -5.04572131e-02 -9.91440816e-01  1.32340414e+02]
 [ 0.00000000e+00  0.00000000e+00  0.00000000e+00  1.00000000e+00]]
T_pred_ICP (Predicted Transformation from ICP):
[[-9.93299802e-01  3.94129657e-02 -1.08637573e-01 -3.49911011e+01]
 [ 4.52405708e-02  9.97636905e-01 -5.17097428e-02  7.25484372e+00]
 [ 1.06342818e-01 -5.62781031e-02 -9.92735604e-01  1.32514295e+02]
 [ 0.00000000e+00  0.00000000e+00  0.00000000e+00  1.00000000e+00]]
