Object ID: 8
Inlier ration of P_pred: 0.001500000013038516
Num. of correspondences: 2000
Avg. Euclidean Distance (ADD) [cm]: 16.511934390868788
Add Score thres: 0
Add Score thres (xyz direction): 0.0
Add-S Score: 0.6666666666666666
Avg. Euclidean Distance (ADD) ICP: 16.519333809878074
Add Score ICP thres: 16.519333809878074
Add Score ICP thres (xyz direction): 0.0
Add-S Score ICP: 0.6666666666666666
Error [cm]: 10.191763855830484
Error [deg]: 139.14559046052324
T_gt (Ground Truth Transformation):
[[ -0.1404753   -0.93264908  -0.33231369 -42.73706055]
 [ -0.81505656   0.29948527  -0.49597514  17.01040497]
 [  0.56209379   0.20118219  -0.80223203 137.51999512]
 [  0.           0.           0.           1.        ]]
T_pred (Predicted Transformation):
[[-5.10648239e-01  3.92337898e-01  7.65055129e-01 -3.48703822e+01]
 [-6.58834794e-01 -7.50275053e-01 -5.49914494e-02  1.31310351e+01]
 [ 5.52426547e-01 -5.32126225e-01  6.41612493e-01  1.32485958e+02]
 [ 0.00000000e+00  0.00000000e+00  0.00000000e+00  1.00000000e+00]]
T_pred_ICP (Predicted Transformation from ICP):
[[-5.00981997e-01  3.98235460e-01  7.68391539e-01 -3.48228497e+01]
 [-6.76914043e-01 -7.33515108e-01 -6.11797764e-02  1.30786472e+01]
 [ 5.39262846e-01 -5.50784989e-01  6.37049039e-01  1.32442732e+02]
 [ 0.00000000e+00  0.00000000e+00  0.00000000e+00  1.00000000e+00]]
