Object ID: 1
Inlier ration of P_pred: 0.0
Num. of correspondences: 137
Avg. Euclidean Distance (ADD) [cm]: 8.7258444328263
Add Score thres: 0
Add Score thres (xyz direction): 0.0
Add-S Score: 0.6666666666666666
Avg. Euclidean Distance (ADD) ICP: 8.675584653562556
Add Score ICP thres: 8.675584653562556
Add Score ICP thres (xyz direction): 0.0
Add-S Score ICP: 0.6666666666666666
Error [cm]: 7.8400593651637775
Error [deg]: 169.8299240288338
T_gt (Ground Truth Transformation):
[[-9.90609169e-01  1.21048436e-01 -6.35704100e-02  2.59218933e+01]
 [ 1.35996357e-01  9.20305669e-01 -3.66800308e-01 -2.44260742e+01]
 [ 1.41036091e-02 -3.72001022e-01 -9.28125381e-01  9.47377258e+01]
 [ 0.00000000e+00  0.00000000e+00  0.00000000e+00  1.00000000e+00]]
T_pred (Predicted Transformation):
[[  0.7491331   -0.46268379  -0.47404991  18.19214389]
 [ -0.2390872   -0.85625224   0.45789673 -23.3130243 ]
 [ -0.61776769  -0.22968633  -0.75206866  94.88834653]
 [  0.           0.           0.           1.        ]]
T_pred_ICP (Predicted Transformation from ICP):
[[  0.65748908  -0.55868586  -0.50554744  18.31038489]
 [ -0.21820471  -0.78339868   0.58195637 -22.81668685]
 [ -0.72117599  -0.27231713  -0.63698396  95.70795404]
 [  0.           0.           0.           1.        ]]
