Object ID: 12
Inlier ration of P_pred: 0.0
Num. of correspondences: 1371
Avg. Euclidean Distance (ADD) [cm]: 9.165136821387554
Add Score thres: 0
Add Score thres (xyz direction): 0.0
Add-S Score: 1.0
Avg. Euclidean Distance (ADD) ICP: 9.145518975502121
Add Score ICP thres: 9.145518975502121
Add Score ICP thres (xyz direction): 0.0
Add-S Score ICP: 1.0
Error [cm]: 5.087761660292552
Error [deg]: 168.68800178255552
T_gt (Ground Truth Transformation):
[[ 9.54730928e-01 -2.93326616e-01 -4.94808815e-02 -7.71883469e+00]
 [-2.97127992e-01 -9.48328614e-01 -1.11301668e-01  1.51553802e+01]
 [-1.42763909e-02  1.20965295e-01 -9.92554188e-01  1.29814124e+02]
 [ 0.00000000e+00  0.00000000e+00  0.00000000e+00  1.00000000e+00]]
T_pred (Predicted Transformation):
[[ -0.39252598   0.82798411   0.40045682  -3.85142759]
 [ -0.91974092  -0.35336612  -0.17090651  11.80213021]
 [  0.          -0.43540177   0.90023625 130.20515854]
 [  0.           0.           0.           1.        ]]
T_pred_ICP (Predicted Transformation from ICP):
[[-3.71164973e-01  8.44451028e-01  3.86185221e-01 -3.87015610e+00]
 [-9.28566205e-01 -3.37018684e-01 -1.55509515e-01  1.18622825e+01]
 [-1.16853457e-03 -4.16318230e-01  9.09218217e-01  1.30292139e+02]
 [ 0.00000000e+00  0.00000000e+00  0.00000000e+00  1.00000000e+00]]
