Object ID: 7
Inlier ration of P_pred: 0.0
Num. of correspondences: 527
Avg. Euclidean Distance (ADD) [cm]: 8.62373722495865
Add Score thres: 0
Add Score thres (xyz direction): 0.0
Add-S Score: 1.0
Avg. Euclidean Distance (ADD) ICP: 8.628738898225219
Add Score ICP thres: 8.628738898225219
Add Score ICP thres (xyz direction): 0.0
Add-S Score ICP: 1.0
Error [cm]: 4.777768882630031
Error [deg]: 152.84862403901676
T_gt (Ground Truth Transformation):
[[-1.77825958e-01 -9.43011880e-01  2.81259358e-01 -1.70733307e+01]
 [-1.80278271e-01 -2.49759316e-01 -9.51378107e-01 -9.55200100e-01]
 [ 9.67407882e-01 -2.19884530e-01 -1.25591040e-01  1.45843250e+02]
 [ 0.00000000e+00  0.00000000e+00  0.00000000e+00  1.00000000e+00]]
T_pred (Predicted Transformation):
[[ 2.49282076e-02 -6.37247142e-01 -7.70256233e-01 -1.93900802e+01]
 [ 6.02360834e-01 -6.05344465e-01  5.20307125e-01  2.87364003e+00]
 [-7.97834576e-01 -4.76942511e-01  3.68762567e-01  1.44263256e+02]
 [ 0.00000000e+00  0.00000000e+00  0.00000000e+00  1.00000000e+00]]
T_pred_ICP (Predicted Transformation from ICP):
[[ 8.38226069e-03 -6.38044199e-01 -7.69954114e-01 -1.94320784e+01]
 [ 5.99976883e-01 -6.12777055e-01  5.14326764e-01  2.88402178e+00]
 [-7.99973423e-01 -4.66265891e-01  3.77675313e-01  1.44254615e+02]
 [ 0.00000000e+00  0.00000000e+00  0.00000000e+00  1.00000000e+00]]
