Object ID: 15
Inlier ration of P_pred: 0.029000001028180122
Num. of correspondences: 2000
Avg. Euclidean Distance (ADD) [cm]: 13.09017329274616
Add Score thres: 0
Add Score thres (xyz direction): 0.0
Add-S Score: 1.0
Avg. Euclidean Distance (ADD) ICP: 13.095351761756454
Add Score ICP thres: 13.095351761756454
Add Score ICP thres (xyz direction): 0.0
Add-S Score ICP: 1.0
Error [cm]: 5.9246617198184195
Error [deg]: 139.90099073139564
T_gt (Ground Truth Transformation):
[[  0.60237646   0.78816336   0.126258   -46.33106995]
 [  0.6021772   -0.34488863  -0.72002387  20.73946991]
 [ -0.52395153   0.50975513  -0.68236685 109.48234863]
 [  0.           0.           0.           1.        ]]
T_pred (Predicted Transformation):
[[-7.89929235e-01 -2.72238087e-01  5.49452663e-01 -4.91337880e+01]
 [ 6.10119133e-01 -4.38619420e-01  6.59823952e-01  1.64256270e+01]
 [ 6.13713977e-02  8.56445812e-01  5.12575968e-01  1.12248436e+02]
 [ 0.00000000e+00  0.00000000e+00  0.00000000e+00  1.00000000e+00]]
T_pred_ICP (Predicted Transformation from ICP):
[[-7.93847017e-01 -2.65889863e-01  5.46909036e-01 -4.91613950e+01]
 [ 6.03876160e-01 -4.50709707e-01  6.57414894e-01  1.63943682e+01]
 [ 7.16972551e-02  8.52152182e-01  5.18359106e-01  1.12347827e+02]
 [ 0.00000000e+00  0.00000000e+00  0.00000000e+00  1.00000000e+00]]
