Object ID: 5
Inlier ration of P_pred: 0.0
Num. of correspondences: 2000
Avg. Euclidean Distance (ADD) [cm]: 14.471386236417137
Add Score thres: 0
Add Score thres (xyz direction): 0.0
Add-S Score: 0.6666666666666666
Avg. Euclidean Distance (ADD) ICP: 14.515378618926958
Add Score ICP thres: 14.515378618926958
Add Score ICP thres (xyz direction): 0.0
Add-S Score ICP: 0.6666666666666666
Error [cm]: 9.3211221130975
Error [deg]: 111.14952115214233
T_gt (Ground Truth Transformation):
[[-9.42987084e-01  1.85326710e-02 -3.32313299e-01  1.31808823e+01]
 [ 1.91429794e-01  8.46973062e-01 -4.95975137e-01  2.32415939e+01]
 [ 2.72268683e-01 -5.31312764e-01 -8.02232385e-01  1.11393640e+02]
 [ 0.00000000e+00  0.00000000e+00  0.00000000e+00  1.00000000e+00]]
T_pred (Predicted Transformation):
[[-8.22572489e-01  8.11372693e-02  5.62842112e-01  5.37983082e+00]
 [ 5.54968047e-01  3.30428189e-01  7.63431516e-01  1.82724202e+01]
 [-1.24036151e-01  9.40337150e-01 -3.16829730e-01  1.10046139e+02]
 [ 0.00000000e+00  0.00000000e+00  0.00000000e+00  1.00000000e+00]]
T_pred_ICP (Predicted Transformation from ICP):
[[-8.33527348e-01  7.92631436e-02  5.46762759e-01  5.50741912e+00]
 [ 5.42924710e-01  3.00763817e-01  7.84075179e-01  1.82065899e+01]
 [-1.02298191e-01  9.50399116e-01 -2.93728786e-01  1.09765753e+02]
 [ 0.00000000e+00  0.00000000e+00  0.00000000e+00  1.00000000e+00]]
