Object ID: 8
Inlier ration of P_pred: 0.05150000378489494
Num. of correspondences: 2000
Avg. Euclidean Distance (ADD) [cm]: 12.465558795292834
Add Score thres: 0
Add Score thres (xyz direction): 0.0
Add-S Score: 1.0
Avg. Euclidean Distance (ADD) ICP: 12.4470054785576
Add Score ICP thres: 12.4470054785576
Add Score ICP thres (xyz direction): 0.0
Add-S Score ICP: 1.0
Error [cm]: 6.521462244882864
Error [deg]: 160.0809943984727
T_gt (Ground Truth Transformation):
[[ 6.74809754e-01  7.35248506e-01 -6.35730997e-02  3.19471252e+01]
 [ 6.69372499e-01 -6.46064162e-01 -3.66799265e-01 -3.21502441e+01]
 [-3.10760885e-01  2.04965651e-01 -9.28125501e-01  9.11159485e+01]
 [ 0.00000000e+00  0.00000000e+00  0.00000000e+00  1.00000000e+00]]
T_pred (Predicted Transformation):
[[-8.86800137e-01 -4.62151205e-01 -1.33428312e-03  3.26850942e+01]
 [-4.61941930e-01  8.86478454e-01 -2.76695569e-02 -3.17862667e+01]
 [ 1.39703323e-02 -2.39210056e-02 -9.99616234e-01  8.46379061e+01]
 [ 0.00000000e+00  0.00000000e+00  0.00000000e+00  1.00000000e+00]]
T_pred_ICP (Predicted Transformation from ICP):
[[-8.94416046e-01 -4.47231674e-01 -1.94050399e-03  3.26340435e+01]
 [-4.46965933e-01  8.94018495e-01 -3.08607250e-02 -3.18126149e+01]
 [ 1.55367402e-02 -2.67349885e-02 -9.99521811e-01  8.46395591e+01]
 [ 0.00000000e+00  0.00000000e+00  0.00000000e+00  1.00000000e+00]]
