Object ID: 14
Inlier ration of P_pred: 0.08977407962083817
Num. of correspondences: 1682
Avg. Euclidean Distance (ADD) [cm]: 15.63167479922031
Add Score thres: 0
Add Score thres (xyz direction): 0.0
Add-S Score: 1.0
Avg. Euclidean Distance (ADD) ICP: 15.660655062579918
Add Score ICP thres: 15.660655062579918
Add Score ICP thres (xyz direction): 0.0
Add-S Score ICP: 1.0
Error [cm]: 13.196982929594348
Error [deg]: 149.94095957021537
T_gt (Ground Truth Transformation):
[[-8.83739293e-01  4.11823571e-01  2.22275242e-01  1.82576736e+01]
 [ 1.39411151e-01  6.85077727e-01 -7.15005636e-01 -2.55166321e+01]
 [-4.46731985e-01 -6.00890875e-01 -6.62842870e-01  1.67680078e+02]
 [ 0.00000000e+00  0.00000000e+00  0.00000000e+00  1.00000000e+00]]
T_pred (Predicted Transformation):
[[ 7.95648333e-01  5.84013950e-01  1.60846002e-01  1.01040353e+01]
 [ 3.91621844e-01 -6.98495796e-01  5.98945702e-01 -3.52252792e+01]
 [ 4.62142902e-01 -4.13559342e-01 -7.84469636e-01  1.64046805e+02]
 [ 0.00000000e+00  0.00000000e+00  0.00000000e+00  1.00000000e+00]]
T_pred_ICP (Predicted Transformation from ICP):
[[  0.79774214   0.5785221    0.17005782  10.06404457]
 [  0.37900118  -0.70040179   0.60481025 -35.16961989]
 [  0.4690049   -0.41803051  -0.77800058 163.95924121]
 [  0.           0.           0.           1.        ]]
