Object ID: 5
Inlier ration of P_pred: 0.05050000175833702
Num. of correspondences: 2000
Avg. Euclidean Distance (ADD) [cm]: 12.659625992238272
Add Score thres: 0
Add Score thres (xyz direction): 0.0
Add-S Score: 1.0
Avg. Euclidean Distance (ADD) ICP: 12.644467778149894
Add Score ICP thres: 12.644467778149894
Add Score ICP thres (xyz direction): 0.0
Add-S Score ICP: 1.0
Error [cm]: 7.5235328301302395
Error [deg]: 160.843892865293
T_gt (Ground Truth Transformation):
[[ 9.79506135e-01 -1.86678320e-01 -7.56235495e-02 -1.81094025e+01]
 [-1.99818313e-01 -9.47822034e-01 -2.48408139e-01 -2.51639725e+01]
 [-2.53052358e-02  2.58428276e-01 -9.65699255e-01  7.13902832e+01]
 [ 0.00000000e+00  0.00000000e+00  0.00000000e+00  1.00000000e+00]]
T_pred (Predicted Transformation):
[[ -0.9759423   -0.16664076  -0.14059686 -18.32027329]
 [ -0.1064998    0.92704453  -0.35950833 -22.36482094]
 [  0.19024829  -0.33588585  -0.92248918  78.40121889]
 [  0.           0.           0.           1.        ]]
T_pred_ICP (Predicted Transformation from ICP):
[[ -0.97622829  -0.15748174  -0.14892223 -18.32467043]
 [ -0.09562149   0.92953089  -0.3561304  -22.40741776]
 [  0.19451184  -0.3334244   -0.92249299  78.3873263 ]
 [  0.           0.           0.           1.        ]]
