Object ID: 6
Inlier ration of P_pred: 0.0
Num. of correspondences: 1083
Avg. Euclidean Distance (ADD) [cm]: 11.880565163395076
Add Score thres: 0
Add Score thres (xyz direction): 0.0
Add-S Score: 0.6666666666666666
Avg. Euclidean Distance (ADD) ICP: 11.896515091002223
Add Score ICP thres: 11.896515091002223
Add Score ICP thres (xyz direction): 0.0
Add-S Score ICP: 0.6666666666666666
Error [cm]: 9.249334204828633
Error [deg]: 112.68812693368218
T_gt (Ground Truth Transformation):
[[ -0.4536092   -0.87955606   0.14359611 -43.44528809]
 [ -0.79878366   0.32980675  -0.50316215   9.20501404]
 [  0.39520034  -0.34294122  -0.85217834 126.50881348]
 [  0.           0.           0.           1.        ]]
T_pred (Predicted Transformation):
[[-5.42203648e-01  2.90356195e-01 -7.88484929e-01 -4.70822334e+01]
 [-6.07549861e-01  5.12753810e-01  6.06602585e-01  1.19155611e+01]
 [ 5.80429471e-01  8.07946044e-01 -1.01611120e-01  1.18435712e+02]
 [ 0.00000000e+00  0.00000000e+00  0.00000000e+00  1.00000000e+00]]
T_pred_ICP (Predicted Transformation from ICP):
[[-5.17657555e-01  3.24978307e-01 -7.91466838e-01 -4.72550462e+01]
 [-5.89420078e-01  5.35072893e-01  6.05211509e-01  1.17970862e+01]
 [ 6.20173062e-01  7.79798756e-01 -8.54357867e-02  1.18489020e+02]
 [ 0.00000000e+00  0.00000000e+00  0.00000000e+00  1.00000000e+00]]
