Object ID: 11
Inlier ration of P_pred: 0.11023622006177902
Num. of correspondences: 635
Avg. Euclidean Distance (ADD) [cm]: 9.407975208416772
Add Score thres: 0
Add Score thres (xyz direction): 0.0
Add-S Score: 1.0
Avg. Euclidean Distance (ADD) ICP: 9.35228160988986
Add Score ICP thres: 9.35228160988986
Add Score ICP thres (xyz direction): 0.0
Add-S Score ICP: 1.0
Error [cm]: 2.0899213932269616
Error [deg]: 128.19769663369487
T_gt (Ground Truth Transformation):
[[ 9.74501014e-01  3.06829084e-02  2.22275391e-01  3.54580536e+01]
 [ 1.84320152e-01 -6.74383819e-01 -7.15005636e-01  1.35104126e+01]
 [ 1.27960429e-01  7.37743497e-01 -6.62843227e-01  1.34389624e+02]
 [ 0.00000000e+00  0.00000000e+00  0.00000000e+00  1.00000000e+00]]
T_pred (Predicted Transformation):
[[ 3.94218582e-02  8.14057443e-01  5.79444904e-01  3.34797638e+01]
 [-3.21436599e-01 -5.38740524e-01  7.78740753e-01  1.28658920e+01]
 [ 9.46110157e-01 -2.16954207e-01  2.40429703e-01  1.33522932e+02]
 [ 0.00000000e+00  0.00000000e+00  0.00000000e+00  1.00000000e+00]]
T_pred_ICP (Predicted Transformation from ICP):
[[ 8.57346077e-02  8.23723633e-01  5.60472080e-01  3.36918282e+01]
 [-3.00292922e-01 -5.15019165e-01  8.02857036e-01  1.29132999e+01]
 [ 9.49986178e-01 -2.37138432e-01  2.03203411e-01  1.33445338e+02]
 [ 0.00000000e+00  0.00000000e+00  0.00000000e+00  1.00000000e+00]]
