Object ID: 2
Inlier ration of P_pred: 0.12199124693870544
Num. of correspondences: 1828
Avg. Euclidean Distance (ADD) [cm]: 17.450607582576882
Add Score thres: 0
Add Score thres (xyz direction): 0.0
Add-S Score: 1.0
Avg. Euclidean Distance (ADD) ICP: 17.622198940623573
Add Score ICP thres: 17.622198940623573
Add Score ICP thres (xyz direction): 0.0
Add-S Score ICP: 1.0
Error [cm]: 9.54726817193023
Error [deg]: 153.85424011799267
T_gt (Ground Truth Transformation):
[[  0.36797363  -0.90287834   0.22227529 -11.67223053]
 [ -0.56805032  -0.40753648  -0.71500576   1.20676765]
 [  0.73614836   0.13683978  -0.66284311 128.34228516]
 [  0.           0.           0.           1.        ]]
T_pred (Predicted Transformation):
[[ 3.74532300e-01 -9.27067469e-01 -1.64761928e-02 -7.11988836e+00]
 [ 8.87150368e-01  3.53125805e-01  2.97096601e-01  7.90938344e+00]
 [-2.69610425e-01 -1.25889133e-01  9.54705266e-01  1.23734497e+02]
 [ 0.00000000e+00  0.00000000e+00  0.00000000e+00  1.00000000e+00]]
T_pred_ICP (Predicted Transformation from ICP):
[[ 5.13668406e-01 -8.54190018e-01 -8.06485125e-02 -5.78943847e+00]
 [ 8.19570191e-01  4.60682487e-01  3.40699791e-01  7.21502549e+00]
 [-2.53869003e-01 -2.41103835e-01  9.36706715e-01  1.23820789e+02]
 [ 0.00000000e+00  0.00000000e+00  0.00000000e+00  1.00000000e+00]]
