Object ID: 3
Inlier ration of P_pred: 0.0
Num. of correspondences: 799
Avg. Euclidean Distance (ADD) [cm]: 15.210890562087112
Add Score thres: 0
Add Score thres (xyz direction): 0.0
Add-S Score: 0.6666666666666666
Avg. Euclidean Distance (ADD) ICP: 15.203185628516774
Add Score ICP thres: 15.203185628516774
Add Score ICP thres (xyz direction): 0.0
Add-S Score ICP: 0.6666666666666666
Error [cm]: 12.78560373599737
Error [deg]: 120.35274248388141
T_gt (Ground Truth Transformation):
[[ -0.49879894  -0.58511543   0.63940597  13.07619171]
 [ -0.69472057  -0.1711961   -0.69860971  -1.44686069]
 [  0.51823097  -0.79267406  -0.32109949 118.50157471]
 [  0.           0.           0.           1.        ]]
T_pred (Predicted Transformation):
[[-9.97176487e-01 -6.62957093e-02  3.52694270e-02  8.30351111e+00]
 [ 7.30750723e-02 -9.64849775e-01  2.52438003e-01 -1.25781261e+01]
 [ 1.72941422e-02  2.54302556e-01  9.66970073e-01  1.22659272e+02]
 [ 0.00000000e+00  0.00000000e+00  0.00000000e+00  1.00000000e+00]]
T_pred_ICP (Predicted Transformation from ICP):
[[-9.94686043e-01 -9.84315557e-02  3.01812062e-02  8.15691645e+00]
 [ 1.02840616e-01 -9.63730266e-01  2.46267703e-01 -1.25465670e+01]
 [ 4.84602875e-03  2.48062901e-01  9.68731807e-01  1.22510180e+02]
 [ 0.00000000e+00  0.00000000e+00  0.00000000e+00  1.00000000e+00]]
