Object ID: 14
Inlier ration of P_pred: 0.24700000882148743
Num. of correspondences: 2000
Avg. Euclidean Distance (ADD) [cm]: 17.970131567877825
Add Score thres: 0
Add Score thres (xyz direction): 0.0
Add-S Score: 0.6666666666666666
Avg. Euclidean Distance (ADD) ICP: 17.924310623876927
Add Score ICP thres: 17.924310623876927
Add Score ICP thres (xyz direction): 0.0
Add-S Score ICP: 0.6666666666666666
Error [cm]: 14.625909960350448
Error [deg]: 174.628765112837
T_gt (Ground Truth Transformation):
[[-0.59867835 -0.77362156  0.20759054 40.39657593]
 [-0.72559088  0.41402078 -0.54964048 -1.71646233]
 [ 0.33926696 -0.4796837  -0.80919802 65.32109985]
 [ 0.          0.          0.          1.        ]]
T_pred (Predicted Transformation):
[[ 0.29045296  0.43782523  0.85085025 25.88319474]
 [ 0.94394355 -0.27686787 -0.17976308 -3.89365554]
 [ 0.15686828  0.85536732 -0.49369939 65.55209617]
 [ 0.          0.          0.          1.        ]]
T_pred_ICP (Predicted Transformation from ICP):
[[ 0.2975573   0.40659793  0.86379267 25.93048364]
 [ 0.94109479 -0.27714423 -0.19373092 -3.87221499]
 [ 0.16062456  0.87055683 -0.46511349 65.27476892]
 [ 0.          0.          0.          1.        ]]
