Object ID: 10
Inlier ration of P_pred: 0.0
Num. of correspondences: 1898
Avg. Euclidean Distance (ADD) [cm]: 13.508938157432105
Add Score thres: 0
Add Score thres (xyz direction): 0.0
Add-S Score: 0.6666666666666666
Avg. Euclidean Distance (ADD) ICP: 13.511802210121902
Add Score ICP thres: 13.511802210121902
Add Score ICP thres (xyz direction): 0.0
Add-S Score ICP: 0.6666666666666666
Error [cm]: 9.048707087091584
Error [deg]: 159.80069438836972
T_gt (Ground Truth Transformation):
[[ 9.10838246e-01  4.10632193e-01  4.18909974e-02 -1.39620361e+01]
 [ 3.31815273e-01 -6.68066859e-01 -6.66022182e-01  1.61276031e+01]
 [-2.45504156e-01  6.20538592e-01 -7.44754910e-01  5.45051147e+01]
 [ 0.00000000e+00  0.00000000e+00  0.00000000e+00  1.00000000e+00]]
T_pred (Predicted Transformation):
[[ -0.84755174  -0.09488392  -0.52216195 -14.39571867]
 [  0.42796169   0.45966268  -0.77817672   7.90607762]
 [  0.31385481  -0.88301034  -0.34898122  50.60675411]
 [  0.           0.           0.           1.        ]]
T_pred_ICP (Predicted Transformation from ICP):
[[ -0.85509237  -0.13757041  -0.49989141 -14.37324879]
 [  0.39372214   0.45502665  -0.79870747   8.04361895]
 [  0.33734242  -0.87978698  -0.33492531  50.46046352]
 [  0.           0.           0.           1.        ]]
