Object ID: 9
Inlier ration of P_pred: 0.0
Num. of correspondences: 1061
Avg. Euclidean Distance (ADD) [cm]: 8.267162482967954
Add Score thres: 0
Add Score thres (xyz direction): 0.0
Add-S Score: 0.6666666666666666
Avg. Euclidean Distance (ADD) ICP: 8.302536137604829
Add Score ICP thres: 8.302536137604829
Add Score ICP thres (xyz direction): 0.0
Add-S Score ICP: 0.6666666666666666
Error [cm]: 5.961839266361229
Error [deg]: 126.5592936571509
T_gt (Ground Truth Transformation):
[[-7.63012290e-01  5.73359966e-01 -2.98447639e-01  4.25856079e+01]
 [ 6.45291865e-01  7.02500582e-01 -3.00152332e-01 -2.06201752e+01]
 [ 3.75643224e-02 -4.21605676e-01 -9.06001091e-01  1.18888879e+02]
 [ 0.00000000e+00  0.00000000e+00  0.00000000e+00  1.00000000e+00]]
T_pred (Predicted Transformation):
[[-9.66550571e-01 -2.49683197e-01  5.86369695e-02  4.08607609e+01]
 [ 1.68658377e-01 -7.91007392e-01 -5.88100041e-01 -1.50853666e+01]
 [ 1.93220975e-01 -5.58538815e-01  8.06659809e-01  1.17660696e+02]
 [ 0.00000000e+00  0.00000000e+00  0.00000000e+00  1.00000000e+00]]
T_pred_ICP (Predicted Transformation from ICP):
[[-9.62873479e-01 -2.54737226e-01  8.93510421e-02  4.08357099e+01]
 [ 1.53038935e-01 -7.87755398e-01 -5.96674549e-01 -1.50590216e+01]
 [ 2.22381985e-01 -5.60847910e-01  7.97493495e-01  1.17641901e+02]
 [ 0.00000000e+00  0.00000000e+00  0.00000000e+00  1.00000000e+00]]
