Object ID: 5
Inlier ration of P_pred: 0.021921340376138687
Num. of correspondences: 1551
Avg. Euclidean Distance (ADD) [cm]: 9.785599458595431
Add Score thres: 0
Add Score thres (xyz direction): 0.0
Add-S Score: 1.0
Avg. Euclidean Distance (ADD) ICP: 9.809883125908762
Add Score ICP thres: 9.809883125908762
Add Score ICP thres (xyz direction): 0.0
Add-S Score ICP: 1.0
Error [cm]: 6.6737509068208105
Error [deg]: 80.90937048725696
T_gt (Ground Truth Transformation):
[[  0.82869041  -0.54097366   0.14359581 -26.93100586]
 [ -0.40957692  -0.76096958  -0.50316221 -16.58842163]
 [  0.38146955   0.35815218  -0.85217851 140.04561768]
 [  0.           0.           0.           1.        ]]
T_pred (Predicted Transformation):
[[-2.41549873e-01 -9.44435126e-01 -2.22925887e-01 -2.56572245e+01]
 [-4.08574888e-01  3.07355875e-01 -8.59417784e-01 -1.36578332e+01]
 [ 8.80181924e-01 -1.16510337e-01 -4.60114248e-01  1.45907896e+02]
 [ 0.00000000e+00  0.00000000e+00  0.00000000e+00  1.00000000e+00]]
T_pred_ICP (Predicted Transformation from ICP):
[[-2.48623093e-01 -9.38041646e-01 -2.41380257e-01 -2.54425834e+01]
 [-4.23165013e-01  3.29357013e-01 -8.44070690e-01 -1.37482628e+01]
 [ 8.71273739e-01 -1.07711786e-01 -4.78832165e-01  1.45898570e+02]
 [ 0.00000000e+00  0.00000000e+00  0.00000000e+00  1.00000000e+00]]
