Object ID: 7
Inlier ration of P_pred: 0.039294712245464325
Num. of correspondences: 1985
Avg. Euclidean Distance (ADD) [cm]: 2.4870313078132233
Add Score thres: 0
Add Score thres (xyz direction): 0.3333333333333333
Add-S Score: 1.0
Avg. Euclidean Distance (ADD) ICP: 2.4882847240109256
Add Score ICP thres: 2.4882847240109256
Add Score ICP thres (xyz direction): 0.3333333333333333
Add-S Score ICP: 1.0
Error [cm]: 2.5173627466319024
Error [deg]: 19.552623248744254
T_gt (Ground Truth Transformation):
[[ -0.94332945  -0.29888064  -0.14422226 -20.0591568 ]
 [ -0.18200552   0.82935101  -0.52825272  19.16824036]
 [  0.27749535  -0.47206706  -0.83674914  73.72783203]
 [  0.           0.           0.           1.        ]]
T_pred (Predicted Transformation):
[[-9.26908218e-01 -3.75255812e-01  4.92249149e-03 -2.00435416e+01]
 [-3.61587850e-01  8.89482037e-01 -2.79420710e-01  1.76458064e+01]
 [ 1.00475778e-01 -2.60777265e-01 -9.60156152e-01  7.17383405e+01]
 [ 0.00000000e+00  0.00000000e+00  0.00000000e+00  1.00000000e+00]]
T_pred_ICP (Predicted Transformation from ICP):
[[-9.27850837e-01 -3.72676966e-01  1.43074406e-02 -2.00322071e+01]
 [-3.62301932e-01  8.91590590e-01 -2.71668051e-01  1.75393623e+01]
 [ 8.84880457e-02 -2.57251042e-01 -9.62284660e-01  7.18086798e+01]
 [ 0.00000000e+00  0.00000000e+00  0.00000000e+00  1.00000000e+00]]
