Object ID: 12
Inlier ration of P_pred: 0.0005000000237487257
Num. of correspondences: 2000
Avg. Euclidean Distance (ADD) [cm]: 7.937605144176347
Add Score thres: 0
Add Score thres (xyz direction): 0.0
Add-S Score: 1.0
Avg. Euclidean Distance (ADD) ICP: 7.920145601925743
Add Score ICP thres: 7.920145601925743
Add Score ICP thres (xyz direction): 0.0
Add-S Score ICP: 1.0
Error [cm]: 3.7987536256551615
Error [deg]: 151.6523502372604
T_gt (Ground Truth Transformation):
[[ 7.54650831e-01 -6.53039515e-01 -6.35730624e-02 -1.22272697e+01]
 [-6.26230955e-01 -6.87963426e-01 -3.66799027e-01  8.51822128e+00]
 [ 1.95798308e-01  3.16616625e-01 -9.28125739e-01  8.43832764e+01]
 [ 0.00000000e+00  0.00000000e+00  0.00000000e+00  1.00000000e+00]]
T_pred (Predicted Transformation):
[[ -0.63064367  -0.54009669   0.55730075 -12.38207399]
 [  0.73115346  -0.65424763   0.19332527   5.88062469]
 [  0.26019836   0.52939173   0.80749069  87.19773935]
 [  0.           0.           0.           1.        ]]
T_pred_ICP (Predicted Transformation from ICP):
[[ -0.62824983  -0.53897336   0.56107919 -12.42849922]
 [  0.73010905  -0.65757124   0.18585168   5.86091912]
 [  0.26878044   0.52641028   0.80662835  87.09044852]
 [  0.           0.           0.           1.        ]]
