Object ID: 7
Inlier ration of P_pred: 0.0
Num. of correspondences: 660
Avg. Euclidean Distance (ADD) [cm]: 8.597357121781435
Add Score thres: 0
Add Score thres (xyz direction): 0.0
Add-S Score: 1.0
Avg. Euclidean Distance (ADD) ICP: 8.59953883623435
Add Score ICP thres: 8.59953883623435
Add Score ICP thres (xyz direction): 0.0
Add-S Score ICP: 1.0
Error [cm]: 6.128796160780046
Error [deg]: 167.00291333920885
T_gt (Ground Truth Transformation):
[[-1.94837525e-01 -9.58616138e-01  2.07590386e-01 -2.18464600e+01]
 [-8.33876491e-01  5.04583269e-02 -5.49640119e-01 -3.44865570e+01]
 [ 5.16419113e-01 -2.80195147e-01 -8.09198678e-01  7.89338257e+01]
 [ 0.00000000e+00  0.00000000e+00  0.00000000e+00  1.00000000e+00]]
T_pred (Predicted Transformation):
[[-6.32045779e-02  9.84654788e-01 -1.62665698e-01 -2.17957830e+01]
 [ 7.56238887e-01 -5.91055314e-02 -6.51620505e-01 -3.32877355e+01]
 [-6.51235693e-01 -1.64199525e-01 -7.40898501e-01  7.29054460e+01]
 [ 0.00000000e+00  0.00000000e+00  0.00000000e+00  1.00000000e+00]]
T_pred_ICP (Predicted Transformation from ICP):
[[-1.99446604e-02  9.95979922e-01 -8.73281433e-02 -2.16235834e+01]
 [ 7.31945619e-01 -4.49548357e-02 -6.79878426e-01 -3.34820205e+01]
 [-6.81071084e-01 -7.74793962e-02 -7.28106532e-01  7.28920234e+01]
 [ 0.00000000e+00  0.00000000e+00  0.00000000e+00  1.00000000e+00]]
