Object ID: 5
Inlier ration of P_pred: 0.0026666666381061077
Num. of correspondences: 1875
Avg. Euclidean Distance (ADD) [cm]: 12.712376749710206
Add Score thres: 0
Add Score thres (xyz direction): 0.0
Add-S Score: 1.0
Avg. Euclidean Distance (ADD) ICP: 12.765334187421596
Add Score ICP thres: 12.765334187421596
Add Score ICP thres (xyz direction): 0.0
Add-S Score ICP: 1.0
Error [cm]: 7.194312373858037
Error [deg]: 159.15676911452906
T_gt (Ground Truth Transformation):
[[-1.54107109e-01  9.62727785e-01  2.22275361e-01  3.15183411e+01]
 [ 6.45538926e-01  2.68414646e-01 -7.15005636e-01  4.58229866e+00]
 [-7.48017728e-01  3.32999714e-02 -6.62842870e-01  1.41121265e+02]
 [ 0.00000000e+00  0.00000000e+00  0.00000000e+00  1.00000000e+00]]
T_pred (Predicted Transformation):
[[-3.33063392e-01 -6.28559571e-01 -7.02838277e-01  3.57377363e+01]
 [-7.97983423e-01  5.84975899e-01 -1.45002255e-01  7.39739966e+00]
 [ 5.02286008e-01  5.12558351e-01 -6.96414175e-01  1.46235048e+02]
 [ 0.00000000e+00  0.00000000e+00  0.00000000e+00  1.00000000e+00]]
T_pred_ICP (Predicted Transformation from ICP):
[[-3.37267336e-01 -6.12390500e-01 -7.15002531e-01  3.57454915e+01]
 [-8.10776452e-01  5.74931701e-01 -1.09977650e-01  7.44839954e+00]
 [ 4.78426890e-01  5.42615346e-01 -6.90417480e-01  1.46188295e+02]
 [ 0.00000000e+00  0.00000000e+00  0.00000000e+00  1.00000000e+00]]
