Object ID: 13
Inlier ration of P_pred: 0.12800000607967377
Num. of correspondences: 2000
Avg. Euclidean Distance (ADD) [cm]: 13.949814348594536
Add Score thres: 0
Add Score thres (xyz direction): 0.0
Add-S Score: 0.6666666666666666
Avg. Euclidean Distance (ADD) ICP: 13.882640137034928
Add Score ICP thres: 13.882640137034928
Add Score ICP thres (xyz direction): 0.0
Add-S Score ICP: 0.6666666666666666
Error [cm]: 10.06037257209967
Error [deg]: 128.00762711599072
T_gt (Ground Truth Transformation):
[[-9.88978624e-01  1.09306030e-01  9.98713225e-02  5.28702087e+01]
 [-2.48413086e-02  5.42469740e-01 -8.39708090e-01  1.59177231e+01]
 [-1.45962313e-01 -8.32933962e-01 -5.33775926e-01  1.20153552e+02]
 [ 0.00000000e+00  0.00000000e+00  0.00000000e+00  1.00000000e+00]]
T_pred (Predicted Transformation):
[[-8.60392163e-01 -5.06485819e-01 -5.65459263e-02  5.04625028e+01]
 [ 5.05815175e-01 -8.62229709e-01  2.66634226e-02  2.08197700e+01]
 [-6.22602230e-02 -5.66078774e-03  9.98043897e-01  1.11598247e+02]
 [ 0.00000000e+00  0.00000000e+00  0.00000000e+00  1.00000000e+00]]
T_pred_ICP (Predicted Transformation from ICP):
[[-8.70283385e-01 -4.90443746e-01 -4.55166044e-02  5.02842285e+01]
 [ 4.89695213e-01 -8.71471866e-01  2.71179883e-02  2.07369070e+01]
 [-5.29662879e-02  1.31107136e-03  9.98595440e-01  1.11709663e+02]
 [ 0.00000000e+00  0.00000000e+00  0.00000000e+00  1.00000000e+00]]
