Object ID: 3
Inlier ration of P_pred: 0.005502751562744379
Num. of correspondences: 1999
Avg. Euclidean Distance (ADD) [cm]: 7.8262445277321095
Add Score thres: 0
Add Score thres (xyz direction): 0.0
Add-S Score: 1.0
Avg. Euclidean Distance (ADD) ICP: 7.832991989078785
Add Score ICP thres: 7.832991989078785
Add Score ICP thres (xyz direction): 0.0
Add-S Score ICP: 1.0
Error [cm]: 6.0997372928016285
Error [deg]: 64.72485388469198
T_gt (Ground Truth Transformation):
[[ 9.89608049e-01  7.48981675e-03  1.43595889e-01 -8.96922112e-01]
 [ 7.95235932e-02 -8.60525370e-01 -5.03162086e-01  2.32519608e+01]
 [ 1.19799316e-01  5.09352565e-01 -8.52178454e-01  1.27906470e+02]
 [ 0.00000000e+00  0.00000000e+00  0.00000000e+00  1.00000000e+00]]
T_pred (Predicted Transformation):
[[  0.81685427   0.32206597  -0.47856308   2.96691724]
 [  0.46624231  -0.8571233    0.21899261  18.49944319]
 [ -0.3396575   -0.4020114   -0.8503056  128.44452509]
 [  0.           0.           0.           1.        ]]
T_pred_ICP (Predicted Transformation from ICP):
[[  0.81849299   0.30939376  -0.48409165   2.88937034]
 [  0.46439911  -0.85236496   0.24043179  18.49773703]
 [ -0.33823466  -0.42160347  -0.84133693 128.42429337]
 [  0.           0.           0.           1.        ]]
