Object ID: 11
Inlier ration of P_pred: 0.1833810955286026
Num. of correspondences: 349
Avg. Euclidean Distance (ADD) [cm]: 10.029895919239179
Add Score thres: 0
Add Score thres (xyz direction): 0.0
Add-S Score: 0.6666666666666666
Avg. Euclidean Distance (ADD) ICP: 9.744823323823567
Add Score ICP thres: 9.744823323823567
Add Score ICP thres (xyz direction): 0.3333333333333333
Add-S Score ICP: 0.6666666666666666
Error [cm]: 6.232871577704696
Error [deg]: 100.48298267472578
T_gt (Ground Truth Transformation):
[[-9.58189070e-01 -2.81826079e-01 -4.94799539e-02 -1.05319695e+01]
 [-2.75124252e-01  9.54944253e-01 -1.11301944e-01  1.72604389e+00]
 [ 7.86183849e-02 -9.30351466e-02 -9.92554367e-01  1.27328723e+02]
 [ 0.00000000e+00  0.00000000e+00  0.00000000e+00  1.00000000e+00]]
T_pred (Predicted Transformation):
[[ -0.44006342  -0.82133761  -0.36297205  -9.58917735]
 [ -0.30921906  -0.24088728   0.91997657  -2.86155375]
 [ -0.84304671   0.51708592  -0.14796757 123.0762039 ]
 [  0.           0.           0.           1.        ]]
T_pred_ICP (Predicted Transformation from ICP):
[[-4.27807726e-01 -8.68434048e-01 -2.50604975e-01 -9.74706682e+00]
 [-3.08909593e-01 -1.20086069e-01  9.43479835e-01 -3.00520456e+00]
 [-8.49444179e-01  4.81042243e-01 -2.16893860e-01  1.23347781e+02]
 [ 0.00000000e+00  0.00000000e+00  0.00000000e+00  1.00000000e+00]]
