Object ID: 14
Inlier ration of P_pred: 0.05952976644039154
Num. of correspondences: 1999
Avg. Euclidean Distance (ADD) [cm]: 10.9741516079381
Add Score thres: 0
Add Score thres (xyz direction): 0.0
Add-S Score: 1.0
Avg. Euclidean Distance (ADD) ICP: 11.03913688262802
Add Score ICP thres: 11.03913688262802
Add Score ICP thres (xyz direction): 0.0
Add-S Score ICP: 1.0
Error [cm]: 7.610371571333995
Error [deg]: 86.62727436173196
T_gt (Ground Truth Transformation):
[[ 3.93785030e-01 -9.15662467e-01  8.05961266e-02 -1.60789963e+01]
 [-8.93224061e-01 -4.01880383e-01 -2.01601654e-01  1.67464691e+01]
 [ 2.16989040e-01  7.39733875e-03 -9.76146221e-01  1.25153467e+02]
 [ 0.00000000e+00  0.00000000e+00  0.00000000e+00  1.00000000e+00]]
T_pred (Predicted Transformation):
[[-2.46522207e-01 -9.69290801e-02  9.64277738e-01 -1.72892701e+01]
 [-8.67516197e-01 -4.21473412e-01 -2.64151113e-01  2.12657248e+01]
 [ 4.32021352e-01 -9.01645671e-01  1.98150084e-02  1.19209543e+02]
 [ 0.00000000e+00  0.00000000e+00  0.00000000e+00  1.00000000e+00]]
T_pred_ICP (Predicted Transformation from ICP):
[[-2.41641465e-01 -8.50415306e-02  9.66631957e-01 -1.72896050e+01]
 [-8.68540150e-01 -4.25265261e-01 -2.54533819e-01  2.13054302e+01]
 [ 4.32720937e-01 -9.01064590e-01  2.88997370e-02  1.19181193e+02]
 [ 0.00000000e+00  0.00000000e+00  0.00000000e+00  1.00000000e+00]]
