Object ID: 11
Inlier ration of P_pred: 0.21764706075191498
Num. of correspondences: 340
Avg. Euclidean Distance (ADD) [cm]: 4.985624862970679
Add Score thres: 0
Add Score thres (xyz direction): 0.0
Add-S Score: 1.0
Avg. Euclidean Distance (ADD) ICP: 4.955748891254481
Add Score ICP thres: 4.955748891254481
Add Score ICP thres (xyz direction): 0.0
Add-S Score ICP: 1.0
Error [cm]: 3.5729699067525265
Error [deg]: 55.442335791129445
T_gt (Ground Truth Transformation):
[[ 9.34531868e-01 -3.46633375e-01  8.05948079e-02  2.05833618e+01]
 [-3.25293303e-01 -9.23872650e-01 -2.01602727e-01  7.38486576e-01]
 [ 1.44341573e-01  1.62187219e-01 -9.76145923e-01  1.33550854e+02]
 [ 0.00000000e+00  0.00000000e+00  0.00000000e+00  1.00000000e+00]]
T_pred (Predicted Transformation):
[[  0.37327287  -0.85627196  -0.35702337  21.64908615]
 [ -0.87763113  -0.20117881  -0.43507549   3.02536121]
 [  0.30071741   0.4757367   -0.82658553 135.98692185]
 [  0.           0.           0.           1.        ]]
T_pred_ICP (Predicted Transformation from ICP):
[[  0.37290581  -0.87490595  -0.30899972  21.77960907]
 [ -0.86973762  -0.21356956  -0.44490957   3.15263291]
 [  0.32326109   0.43465804  -0.84057995 135.89755514]
 [  0.           0.           0.           1.        ]]
