Object ID: 11
Inlier ration of P_pred: 0.3658536672592163
Num. of correspondences: 369
Avg. Euclidean Distance (ADD) [cm]: 9.209262415613718
Add Score thres: 0
Add Score thres (xyz direction): 0.0
Add-S Score: 0.6666666666666666
Avg. Euclidean Distance (ADD) ICP: 9.080155943257019
Add Score ICP thres: 9.080155943257019
Add Score ICP thres (xyz direction): 0.0
Add-S Score ICP: 0.6666666666666666
Error [cm]: 5.664074518078794
Error [deg]: 159.14581755398154
T_gt (Ground Truth Transformation):
[[-6.09654605e-01 -7.80035496e-01  1.40948161e-01 -6.65524979e+00]
 [-1.35886386e-01 -7.23358020e-02 -9.88080323e-01  1.62901735e-01]
 [ 7.80933201e-01 -6.21540427e-01 -6.18965849e-02  1.16825098e+02]
 [ 0.00000000e+00  0.00000000e+00  0.00000000e+00  1.00000000e+00]]
T_pred (Predicted Transformation):
[[ 9.62478894e-01  2.71352199e-01 -1.53700271e-03 -4.55054654e+00]
 [-2.48901902e-01  8.80563884e-01 -4.03305206e-01 -3.29505765e+00]
 [-1.08084326e-01  3.88555312e-01  9.15064232e-01  1.12712347e+02]
 [ 0.00000000e+00  0.00000000e+00  0.00000000e+00  1.00000000e+00]]
T_pred_ICP (Predicted Transformation from ICP):
[[ 9.43402310e-01  3.27386900e-01  5.30084806e-02 -4.78659911e+00]
 [-2.75884594e-01  8.63389663e-01 -4.22428669e-01 -3.23365164e+00]
 [-1.84064587e-01  3.83895959e-01  9.04844805e-01  1.12695532e+02]
 [ 0.00000000e+00  0.00000000e+00  0.00000000e+00  1.00000000e+00]]
