Object ID: 4
Inlier ration of P_pred: 0.0
Num. of correspondences: 87
Avg. Euclidean Distance (ADD) [cm]: 13.381011440910138
Add Score thres: 0
Add Score thres (xyz direction): 0.0
Add-S Score: 0.6666666666666666
Avg. Euclidean Distance (ADD) ICP: 13.458557792447992
Add Score ICP thres: 13.458557792447992
Add Score ICP thres (xyz direction): 0.0
Add-S Score ICP: 0.6666666666666666
Error [cm]: 10.96443394437798
Error [deg]: 150.89631980098773
T_gt (Ground Truth Transformation):
[[-1.69639066e-01  9.44518924e-01  2.81259179e-01  9.68108826e+00]
 [ 7.95209408e-02  2.97583938e-01 -9.51378107e-01  7.57843475e+00]
 [-9.82292771e-01 -1.39024854e-01 -1.25590920e-01  1.38776550e+02]
 [ 0.00000000e+00  0.00000000e+00  0.00000000e+00  1.00000000e+00]]
T_pred (Predicted Transformation):
[[-4.00861933e-01  2.11430117e-02 -9.15894472e-01  1.87089690e+01]
 [-9.02791689e-01 -1.79144144e-01  3.90991742e-01  1.45910366e+00]
 [-1.55810388e-01  9.83595623e-01  9.08998031e-02  1.38294851e+02]
 [ 0.00000000e+00  0.00000000e+00  0.00000000e+00  1.00000000e+00]]
T_pred_ICP (Predicted Transformation from ICP):
[[-4.35251117e-01 -5.46715770e-02 -8.98647586e-01  1.86343309e+01]
 [-8.86580978e-01 -1.47616547e-01  4.38387413e-01  1.25076938e+00]
 [-1.56622585e-01  9.87532467e-01  1.57794868e-02  1.38639043e+02]
 [ 0.00000000e+00  0.00000000e+00  0.00000000e+00  1.00000000e+00]]
