Object ID: 9
Inlier ration of P_pred: 0.023721275851130486
Num. of correspondences: 1349
Avg. Euclidean Distance (ADD) [cm]: 6.100043638634276
Add Score thres: 0
Add Score thres (xyz direction): 0.0
Add-S Score: 1.0
Avg. Euclidean Distance (ADD) ICP: 6.10850979716434
Add Score ICP thres: 6.10850979716434
Add Score ICP thres (xyz direction): 0.0
Add-S Score ICP: 1.0
Error [cm]: 1.2301847697652943
Error [deg]: 128.41385854172447
T_gt (Ground Truth Transformation):
[[-7.92548060e-01 -4.36653465e-01 -4.25678015e-01  3.69681885e+01]
 [-4.74774018e-02  7.40115106e-01 -6.70802176e-01  4.54765778e+00]
 [ 6.07958794e-01 -5.11432767e-01 -6.07308030e-01  1.07388977e+02]
 [ 0.00000000e+00  0.00000000e+00  0.00000000e+00  1.00000000e+00]]
T_pred (Predicted Transformation):
[[ 5.86497210e-01  6.98949343e-01 -4.09256446e-01  3.75496814e+01]
 [ 7.63756614e-03  5.00490287e-01  8.65708461e-01  5.22406333e+00]
 [ 8.09915237e-01 -5.10861320e-01  2.88197885e-01  1.08337015e+02]
 [ 0.00000000e+00  0.00000000e+00  0.00000000e+00  1.00000000e+00]]
T_pred_ICP (Predicted Transformation from ICP):
[[ 5.90686573e-01  7.01284342e-01 -3.99111067e-01  3.75184113e+01]
 [ 1.50247131e-02  4.84977194e-01  8.74397724e-01  5.20497588e+00]
 [ 8.06761198e-01 -5.22491524e-01  2.75932921e-01  1.08271327e+02]
 [ 0.00000000e+00  0.00000000e+00  0.00000000e+00  1.00000000e+00]]
