Object ID: 14
Inlier ration of P_pred: 0.0232220608741045
Num. of correspondences: 1378
Avg. Euclidean Distance (ADD) [cm]: 16.2977954539776
Add Score thres: 0
Add Score thres (xyz direction): 0.0
Add-S Score: 1.0
Avg. Euclidean Distance (ADD) ICP: 16.26091835105224
Add Score ICP thres: 16.26091835105224
Add Score ICP thres (xyz direction): 0.0
Add-S Score ICP: 1.0
Error [cm]: 15.554432948571701
Error [deg]: 144.3547227290182
T_gt (Ground Truth Transformation):
[[ 1.63030505e-01  9.81553316e-01  9.98710394e-02  4.15272522e+00]
 [ 5.43017447e-01 -4.75363247e-03 -8.39707971e-01 -1.18603821e+01]
 [-8.23743343e-01  1.91129744e-01 -5.33775568e-01  1.47994580e+02]
 [ 0.00000000e+00  0.00000000e+00  0.00000000e+00  1.00000000e+00]]
T_pred (Predicted Transformation):
[[-6.11847369e-01 -1.64158053e-04  7.90975834e-01  7.85098937e+00]
 [ 5.56829077e-01 -7.10311809e-01  4.30579276e-01 -1.81261575e+01]
 [ 5.61768793e-01  7.03887140e-01  4.34693820e-01  1.34181014e+02]
 [ 0.00000000e+00  0.00000000e+00  0.00000000e+00  1.00000000e+00]]
T_pred_ICP (Predicted Transformation from ICP):
[[-6.05752569e-01 -4.06475219e-03  7.95642698e-01  7.83672727e+00]
 [ 5.66292730e-01 -7.04643241e-01  4.27539996e-01 -1.81851990e+01]
 [ 5.58906405e-01  7.09550126e-01  4.29141293e-01  1.34269960e+02]
 [ 0.00000000e+00  0.00000000e+00  0.00000000e+00  1.00000000e+00]]
