Object ID: 9
Inlier ration of P_pred: 0.1733333319425583
Num. of correspondences: 225
Avg. Euclidean Distance (ADD) [cm]: 8.568540872823755
Add Score thres: 0
Add Score thres (xyz direction): 0.0
Add-S Score: 0.6666666666666666
Avg. Euclidean Distance (ADD) ICP: 8.563628538389155
Add Score ICP thres: 8.563628538389155
Add Score ICP thres (xyz direction): 0.0
Add-S Score ICP: 0.6666666666666666
Error [cm]: 5.12486148727253
Error [deg]: 130.62788656940575
T_gt (Ground Truth Transformation):
[[ 1.19948380e-01 -9.67577517e-01  2.22275719e-01  3.32971252e+01]
 [-6.54631674e-01 -2.45407507e-01 -7.15005696e-01 -1.58175568e+01]
 [ 7.46371388e-01 -5.97447641e-02 -6.62843227e-01  1.71872546e+02]
 [ 0.00000000e+00  0.00000000e+00  0.00000000e+00  1.00000000e+00]]
T_pred (Predicted Transformation):
[[-8.40430266e-02 -6.73471013e-01  7.34420564e-01  3.06386357e+01]
 [ 9.96040024e-01 -7.82276589e-02  4.22457636e-02 -1.48282875e+01]
 [ 2.90007041e-02  7.35062737e-01  6.77378573e-01  1.67628363e+02]
 [ 0.00000000e+00  0.00000000e+00  0.00000000e+00  1.00000000e+00]]
T_pred_ICP (Predicted Transformation from ICP):
[[-7.21836046e-02 -6.78851354e-01  7.30719075e-01  3.06526098e+01]
 [ 9.96458733e-01 -8.07593857e-02  2.34075796e-02 -1.47600621e+01]
 [ 4.31221565e-02  7.29821047e-01  6.82276864e-01  1.67611977e+02]
 [ 0.00000000e+00  0.00000000e+00  0.00000000e+00  1.00000000e+00]]
