Object ID: 6
Inlier ration of P_pred: 0.0
Num. of correspondences: 556
Avg. Euclidean Distance (ADD) [cm]: 8.634369558558488
Add Score thres: 0
Add Score thres (xyz direction): 0.0
Add-S Score: 1.0
Avg. Euclidean Distance (ADD) ICP: 8.632492217900628
Add Score ICP thres: 8.632492217900628
Add Score ICP thres (xyz direction): 0.0
Add-S Score ICP: 1.0
Error [cm]: 7.15665412222258
Error [deg]: 135.83374398613472
T_gt (Ground Truth Transformation):
[[ 4.65696037e-01 -7.75838554e-01 -4.25678074e-01 -2.71277954e+01]
 [-7.37850010e-01 -7.48456866e-02 -6.70802236e-01 -6.98203049e+00]
 [ 4.88574088e-01  6.26476526e-01 -6.07307851e-01  1.62435876e+02]
 [ 0.00000000e+00  0.00000000e+00  0.00000000e+00  1.00000000e+00]]
T_pred (Predicted Transformation):
[[-5.08711919e-01  2.87304098e-01 -8.11583969e-01 -3.35742203e+01]
 [-2.46395105e-01 -9.51829975e-01 -1.82507949e-01 -6.98409837e+00]
 [-8.24925230e-01  1.07126348e-01  5.54997577e-01  1.65648076e+02]
 [ 0.00000000e+00  0.00000000e+00  0.00000000e+00  1.00000000e+00]]
T_pred_ICP (Predicted Transformation from ICP):
[[-5.29811210e-01  3.01399085e-01 -7.92753854e-01 -3.35202430e+01]
 [-2.60257435e-01 -9.47403235e-01 -1.86261045e-01 -6.90000280e+00]
 [-8.07196475e-01  1.07636895e-01  5.80386207e-01  1.65652642e+02]
 [ 0.00000000e+00  0.00000000e+00  0.00000000e+00  1.00000000e+00]]
