Object ID: 4
Inlier ration of P_pred: 0.03750000149011612
Num. of correspondences: 2000
Avg. Euclidean Distance (ADD) [cm]: 9.671447093280017
Add Score thres: 0
Add Score thres (xyz direction): 0.0
Add-S Score: 0.6666666666666666
Avg. Euclidean Distance (ADD) ICP: 9.620188257020754
Add Score ICP thres: 9.620188257020754
Add Score ICP thres (xyz direction): 0.0
Add-S Score ICP: 0.6666666666666666
Error [cm]: 7.718841475090156
Error [deg]: 73.4309207161518
T_gt (Ground Truth Transformation):
[[ 2.18607977e-01  9.69335794e-01  1.12243719e-01  1.64870697e+01]
 [ 9.32583869e-01 -1.73679635e-01 -3.16421568e-01 -3.38218613e+00]
 [-2.87224293e-01  1.73848957e-01 -9.41954672e-01  1.18060278e+02]
 [ 0.00000000e+00  0.00000000e+00  0.00000000e+00  1.00000000e+00]]
T_pred (Predicted Transformation):
[[ 8.21783601e-01  4.18679793e-01  3.86495722e-01  1.41699614e+01]
 [ 3.84311162e-01  9.35270910e-02 -9.18453926e-01 -1.28096359e-01]
 [-4.20685920e-01  9.03304995e-01 -8.40442880e-02  1.11328258e+02]
 [ 0.00000000e+00  0.00000000e+00  0.00000000e+00  1.00000000e+00]]
T_pred_ICP (Predicted Transformation from ICP):
[[ 8.39336484e-01  3.94873193e-01  3.73616685e-01  1.44474412e+01]
 [ 3.69651106e-01  8.93529904e-02 -9.24864370e-01 -2.51419451e-01]
 [-3.98587915e-01  9.14380230e-01 -7.09680878e-02  1.11306114e+02]
 [ 0.00000000e+00  0.00000000e+00  0.00000000e+00  1.00000000e+00]]
