Object ID: 15
Inlier ration of P_pred: 0.02688455581665039
Num. of correspondences: 1897
Avg. Euclidean Distance (ADD) [cm]: 13.469607499305921
Add Score thres: 0
Add Score thres (xyz direction): 0.0
Add-S Score: 1.0
Avg. Euclidean Distance (ADD) ICP: 13.512755049330972
Add Score ICP thres: 13.512755049330972
Add Score ICP thres (xyz direction): 0.0
Add-S Score ICP: 1.0
Error [cm]: 10.48315010047366
Error [deg]: 68.63242065847257
T_gt (Ground Truth Transformation):
[[-8.40058625e-01  4.94868368e-01  2.22275212e-01  1.27679916e-05]
 [ 2.04620659e-01  6.68503940e-01 -7.15005457e-01  3.12975142e-05]
 [-5.02425492e-01 -5.55164576e-01 -6.62842691e-01  1.36172827e+02]
 [ 0.00000000e+00  0.00000000e+00  0.00000000e+00  1.00000000e+00]]
T_pred (Predicted Transformation):
[[-2.36121313e-01  2.16643296e-01  9.47265754e-01 -4.42565592e+00]
 [-7.20111495e-01  6.15520663e-01 -3.20271366e-01  8.70799933e+00]
 [-6.52446289e-01 -7.57759854e-01  1.06697803e-02  1.32388021e+02]
 [ 0.00000000e+00  0.00000000e+00  0.00000000e+00  1.00000000e+00]]
T_pred_ICP (Predicted Transformation from ICP):
[[-2.34530170e-01  2.06551293e-01  9.49911660e-01 -4.47762096e+00]
 [-7.33431141e-01  6.03745664e-01 -3.12361865e-01  8.67459787e+00]
 [-6.38023793e-01 -7.69953074e-01  9.89457717e-03  1.32351947e+02]
 [ 0.00000000e+00  0.00000000e+00  0.00000000e+00  1.00000000e+00]]
