Object ID: 15
Inlier ration of P_pred: 0.004000000189989805
Num. of correspondences: 2000
Avg. Euclidean Distance (ADD) [cm]: 11.46922524963447
Add Score thres: 0
Add Score thres (xyz direction): 0.0
Add-S Score: 1.0
Avg. Euclidean Distance (ADD) ICP: 11.46359125646818
Add Score ICP thres: 11.46359125646818
Add Score ICP thres (xyz direction): 0.0
Add-S Score ICP: 1.0
Error [cm]: 5.368108206079265
Error [deg]: 148.00807344825347
T_gt (Ground Truth Transformation):
[[-6.75338924e-01  7.35800624e-01 -5.01483493e-02 -5.31674123e-06]
 [ 7.22356260e-01  6.46221697e-01 -2.46168628e-01  1.33266312e-06]
 [-1.48724064e-01 -2.02472210e-01 -9.67928767e-01  9.73881226e+01]
 [ 0.00000000e+00  0.00000000e+00  0.00000000e+00  1.00000000e+00]]
T_pred (Predicted Transformation):
[[ 2.90374815e-01 -4.00289210e-01  8.69166851e-01  5.91570504e-01]
 [-9.38385758e-01  5.87540610e-02  3.40558556e-01  4.94717515e+00]
 [-1.87388997e-01 -9.14503422e-01 -3.58564994e-01  9.94207621e+01]
 [ 0.00000000e+00  0.00000000e+00  0.00000000e+00  1.00000000e+00]]
T_pred_ICP (Predicted Transformation from ICP):
[[ 2.90002975e-01 -4.05132460e-01  8.67044384e-01  5.78334377e-01]
 [-9.37863590e-01  6.00809331e-02  3.41763321e-01  4.94977836e+00]
 [-1.90552250e-01 -9.12281739e-01 -3.62535334e-01  9.93835715e+01]
 [ 0.00000000e+00  0.00000000e+00  0.00000000e+00  1.00000000e+00]]
