Object ID: 1
Inlier ration of P_pred: 0.0
Num. of correspondences: 446
Avg. Euclidean Distance (ADD) [cm]: 7.308900013675038
Add Score thres: 0
Add Score thres (xyz direction): 0.0
Add-S Score: 0.6666666666666666
Avg. Euclidean Distance (ADD) ICP: 7.250430109043238
Add Score ICP thres: 7.250430109043238
Add Score ICP thres (xyz direction): 0.0
Add-S Score ICP: 0.6666666666666666
Error [cm]: 6.289868123816016
Error [deg]: 164.52538928658944
T_gt (Ground Truth Transformation):
[[ 6.10541105e-01 -7.54687726e-01  2.40179121e-01 -3.72667575e-01]
 [-6.22047558e-02 -3.48020911e-01 -9.35420752e-01  1.64023056e+01]
 [ 7.89537907e-01  5.56172550e-01 -2.59426236e-01  1.05624829e+02]
 [ 0.00000000e+00  0.00000000e+00  0.00000000e+00  1.00000000e+00]]
T_pred (Predicted Transformation):
[[-1.91159739e-02 -1.86811884e-01 -9.82209702e-01 -6.55442754e+00]
 [ 3.93739614e-01 -9.04410102e-01  1.64351705e-01  1.78655989e+01]
 [-9.19023229e-01 -3.83593127e-01  9.08439190e-02  1.06120431e+02]
 [ 0.00000000e+00  0.00000000e+00  0.00000000e+00  1.00000000e+00]]
T_pred_ICP (Predicted Transformation from ICP):
[[-1.13024979e-02 -1.69802260e-01 -9.85413338e-01 -6.48062766e+00]
 [ 3.95409869e-01 -9.05912929e-01  1.51567812e-01  1.78535940e+01]
 [-9.18435240e-01 -3.87929063e-01  7.73805682e-02  1.06010869e+02]
 [ 0.00000000e+00  0.00000000e+00  0.00000000e+00  1.00000000e+00]]
