Object ID: 9
Inlier ration of P_pred: 0.09916200488805771
Num. of correspondences: 716
Avg. Euclidean Distance (ADD) [cm]: 4.947533073076747
Add Score thres: 0
Add Score thres (xyz direction): 0.0
Add-S Score: 1.0
Avg. Euclidean Distance (ADD) ICP: 4.958479696850846
Add Score ICP thres: 4.958479696850846
Add Score ICP thres (xyz direction): 0.0
Add-S Score ICP: 1.0
Error [cm]: 2.1621501239356125
Error [deg]: 93.45360126702626
T_gt (Ground Truth Transformation):
[[-0.41279215 -0.86631167  0.28125924 17.54369812]
 [-0.23809206 -0.19542775 -0.95137805 16.77746735]
 [ 0.87915576 -0.45968696 -0.12559092 92.59227905]
 [ 0.          0.          0.          1.        ]]
T_pred (Predicted Transformation):
[[ 4.67131353e-01 -4.42484781e-02  8.83080048e-01  1.55648118e+01]
 [ 4.56097951e-01 -8.43553716e-01 -2.83534456e-01  1.64277944e+01]
 [ 7.57471424e-01  5.35218834e-01 -3.73868749e-01  9.32055541e+01]
 [ 0.00000000e+00  0.00000000e+00  0.00000000e+00  1.00000000e+00]]
T_pred_ICP (Predicted Transformation from ICP):
[[ 4.83857391e-01 -5.55416672e-02  8.73382590e-01  1.55208232e+01]
 [ 4.69196921e-01 -8.25966685e-01 -3.12463253e-01  1.63266745e+01]
 [ 7.38739653e-01  5.60976076e-01 -3.73590106e-01  9.32084414e+01]
 [ 0.00000000e+00  0.00000000e+00  0.00000000e+00  1.00000000e+00]]
