Object ID: 4
Inlier ration of P_pred: 0.02500000037252903
Num. of correspondences: 2000
Avg. Euclidean Distance (ADD) [cm]: 11.105089169348338
Add Score thres: 0
Add Score thres (xyz direction): 0.0
Add-S Score: 1.0
Avg. Euclidean Distance (ADD) ICP: 11.005406318833355
Add Score ICP thres: 11.005406318833355
Add Score ICP thres (xyz direction): 0.0
Add-S Score ICP: 1.0
Error [cm]: 3.125462563609004
Error [deg]: 155.9873348539721
T_gt (Ground Truth Transformation):
[[ 4.40837562e-01  8.96273255e-01  4.85460162e-02 -1.83167160e+01]
 [ 8.65115106e-01 -4.09851938e-01 -2.89132893e-01 -2.31627396e+01]
 [-2.39245355e-01  1.69458553e-01 -9.56057668e-01  1.17027051e+02]
 [ 0.00000000e+00  0.00000000e+00  0.00000000e+00  1.00000000e+00]]
T_pred (Predicted Transformation):
[[-7.62332459e-01 -5.74444310e-01  2.98098904e-01 -1.66214690e+01]
 [-6.47141690e-01  6.81969584e-01 -3.40771360e-01 -2.31416744e+01]
 [-7.54021699e-03 -4.52693297e-01 -8.91634411e-01  1.19954246e+02]
 [ 0.00000000e+00  0.00000000e+00  0.00000000e+00  1.00000000e+00]]
T_pred_ICP (Predicted Transformation from ICP):
[[-7.36738496e-01 -5.84110570e-01  3.40633573e-01 -1.68996281e+01]
 [-6.76081101e-01  6.44852884e-01 -3.56481560e-01 -2.32240314e+01]
 [-1.14338945e-02 -4.92929609e-01 -8.69994061e-01  1.19812122e+02]
 [ 0.00000000e+00  0.00000000e+00  0.00000000e+00  1.00000000e+00]]
