Object ID: 15
Inlier ration of P_pred: 0.01600000075995922
Num. of correspondences: 2000
Avg. Euclidean Distance (ADD) [cm]: 11.792029077329861
Add Score thres: 0
Add Score thres (xyz direction): 0.0
Add-S Score: 1.0
Avg. Euclidean Distance (ADD) ICP: 11.765317523551035
Add Score ICP thres: 11.765317523551035
Add Score ICP thres (xyz direction): 0.0
Add-S Score ICP: 1.0
Error [cm]: 5.646030471456666
Error [deg]: 165.4529585725831
T_gt (Ground Truth Transformation):
[[ 0.4857313  -0.76345503 -0.42567781 44.55660095]
 [-0.73565197 -0.09402473 -0.6708023   7.18990479]
 [ 0.47210312  0.63898039 -0.60730797 90.9967041 ]
 [ 0.          0.          0.          1.        ]]
T_pred (Predicted Transformation):
[[ 9.94958520e-01 -5.13286778e-02 -8.61563175e-02  4.38125337e+01]
 [ 9.41660121e-02  1.82607797e-01  9.78666008e-01  1.24208132e+01]
 [-3.45008168e-02 -9.81845079e-01  1.86520600e-01  9.28274905e+01]
 [ 0.00000000e+00  0.00000000e+00  0.00000000e+00  1.00000000e+00]]
T_pred_ICP (Predicted Transformation from ICP):
[[ 9.95047496e-01 -4.10070420e-02 -9.05477907e-02  4.38302258e+01]
 [ 9.61604730e-02  1.66432589e-01  9.81352820e-01  1.25083449e+01]
 [-2.51722731e-02 -9.85199785e-01  1.69551588e-01  9.27471996e+01]
 [ 0.00000000e+00  0.00000000e+00  0.00000000e+00  1.00000000e+00]]
