Object ID: 1
Inlier ration of P_pred: 0.013358778320252895
Num. of correspondences: 524
Avg. Euclidean Distance (ADD) [cm]: 8.109364811158008
Add Score thres: 0
Add Score thres (xyz direction): 0.0
Add-S Score: 1.0
Avg. Euclidean Distance (ADD) ICP: 7.996305259662367
Add Score ICP thres: 7.996305259662367
Add Score ICP thres (xyz direction): 0.0
Add-S Score ICP: 1.0
Error [cm]: 5.753833219970479
Error [deg]: 174.1537553431732
T_gt (Ground Truth Transformation):
[[ 9.92928028e-01  6.85167033e-03 -1.18519925e-01 -2.80023376e+01]
 [-7.71927014e-02 -7.21218109e-01 -6.88393474e-01  2.45238556e+01]
 [-9.01953727e-02  6.92674041e-01 -7.15588748e-01  1.30136658e+02]
 [ 0.00000000e+00  0.00000000e+00  0.00000000e+00  1.00000000e+00]]
T_pred (Predicted Transformation):
[[ 9.64499094e-01  2.60250474e-01  4.48462653e-02 -3.17835679e+01]
 [-2.22272512e-01  7.08295421e-01  6.70009348e-01  2.90754039e+01]
 [ 1.42605846e-01 -6.56191502e-01  7.40996819e-01  1.29591689e+02]
 [ 0.00000000e+00  0.00000000e+00  0.00000000e+00  1.00000000e+00]]
T_pred_ICP (Predicted Transformation from ICP):
[[ 9.49024563e-01  3.03952320e-01  8.34587644e-02 -3.15623759e+01]
 [-2.88728441e-01  7.32072783e-01  6.17013232e-01  2.90344081e+01]
 [ 1.26444713e-01 -6.09657632e-01  7.82514732e-01  1.29840617e+02]
 [ 0.00000000e+00  0.00000000e+00  0.00000000e+00  1.00000000e+00]]
