Object ID: 8
Inlier ration of P_pred: 0.0010000000474974513
Num. of correspondences: 2000
Avg. Euclidean Distance (ADD) [cm]: 19.822084759028208
Add Score thres: 0
Add Score thres (xyz direction): 0.0
Add-S Score: 0.6666666666666666
Avg. Euclidean Distance (ADD) ICP: 19.89681870334674
Add Score ICP thres: 19.89681870334674
Add Score ICP thres (xyz direction): 0.0
Add-S Score ICP: 0.6666666666666666
Error [cm]: 11.967815477588859
Error [deg]: 159.39530122009216
T_gt (Ground Truth Transformation):
[[ 7.10347235e-01  6.37444735e-01 -2.98447609e-01  3.77164673e+01]
 [ 5.64141452e-01 -7.69189775e-01 -3.00152093e-01 -3.15061707e+01]
 [-4.20893282e-01  4.48455252e-02 -9.06000793e-01  1.17349573e+02]
 [ 0.00000000e+00  0.00000000e+00  0.00000000e+00  1.00000000e+00]]
T_pred (Predicted Transformation):
[[-8.40798574e-01 -5.40363244e-01 -3.26392797e-02  3.58194099e+01]
 [ 5.40318415e-01 -8.41389540e-01  1.09386053e-02 -1.98398876e+01]
 [-3.33731687e-02 -8.43844008e-03  9.99407337e-01  1.18258519e+02]
 [ 0.00000000e+00  0.00000000e+00  0.00000000e+00  1.00000000e+00]]
T_pred_ICP (Predicted Transformation from ICP):
[[-8.44836980e-01 -5.33929966e-01 -3.41945578e-02  3.58748164e+01]
 [ 5.34689209e-01 -8.44842452e-01 -1.86729912e-02 -1.97204228e+01]
 [-1.89189445e-02 -3.40590945e-02  9.99240738e-01  1.18315532e+02]
 [ 0.00000000e+00  0.00000000e+00  0.00000000e+00  1.00000000e+00]]
