Object ID: 12
Inlier ration of P_pred: 0.019509755074977875
Num. of correspondences: 1999
Avg. Euclidean Distance (ADD) [cm]: 10.28771773630463
Add Score thres: 0
Add Score thres (xyz direction): 0.0
Add-S Score: 1.0
Avg. Euclidean Distance (ADD) ICP: 10.229776759596763
Add Score ICP thres: 10.229776759596763
Add Score ICP thres (xyz direction): 0.0
Add-S Score ICP: 1.0
Error [cm]: 5.782316944910363
Error [deg]: 156.11552919348077
T_gt (Ground Truth Transformation):
[[ 9.55798805e-01 -2.84129679e-01 -7.56235719e-02 -1.36078705e+01]
 [-2.94020385e-01 -9.22955275e-01 -2.48407409e-01  2.37891979e+00]
 [ 7.82756950e-04  2.59662390e-01 -9.65699494e-01  6.92824036e+01]
 [ 0.00000000e+00  0.00000000e+00  0.00000000e+00  1.00000000e+00]]
T_pred (Predicted Transformation):
[[-7.45333870e-01  6.65923359e-01  3.19922166e-02 -1.31114237e+01]
 [ 6.65955779e-01  7.41400173e-01  8.26358514e-02  3.60200466e+00]
 [ 3.13101088e-02  8.28967005e-02 -9.96066170e-01  6.35144468e+01]
 [ 0.00000000e+00  0.00000000e+00  0.00000000e+00  1.00000000e+00]]
T_pred_ICP (Predicted Transformation from ICP):
[[-7.47953399e-01  6.63732798e-01  4.94827951e-03 -1.32290099e+01]
 [ 6.60412674e-01  7.43423842e-01  1.05717036e-01  3.58697863e+00]
 [ 6.64891949e-02  8.23393226e-02 -9.94383941e-01  6.36403961e+01]
 [ 0.00000000e+00  0.00000000e+00  0.00000000e+00  1.00000000e+00]]
