Object ID: 15
Inlier ration of P_pred: 0.006000000052154064
Num. of correspondences: 2000
Avg. Euclidean Distance (ADD) [cm]: 13.022168225350889
Add Score thres: 0
Add Score thres (xyz direction): 0.0
Add-S Score: 0.6666666666666666
Avg. Euclidean Distance (ADD) ICP: 12.938569718561611
Add Score ICP thres: 12.938569718561611
Add Score ICP thres (xyz direction): 0.0
Add-S Score ICP: 0.6666666666666666
Error [cm]: 11.498677966636754
Error [deg]: 96.09490521405371
T_gt (Ground Truth Transformation):
[[ 3.46066803e-01  9.30693746e-01 -1.18519925e-01 -5.39560730e+01]
 [ 6.46845222e-01 -3.28185380e-01 -6.88393593e-01  1.96820969e+01]
 [-6.79580092e-01  1.61566153e-01 -7.15588868e-01  1.32596411e+02]
 [ 0.00000000e+00  0.00000000e+00  0.00000000e+00  1.00000000e+00]]
T_pred (Predicted Transformation):
[[ -0.72100957   0.30575812   0.62181764 -54.55808344]
 [ -0.14261916   0.81268497  -0.56498045  30.76967809]
 [ -0.67808921  -0.49603942  -0.54234667 135.72960462]
 [  0.           0.           0.           1.        ]]
T_pred_ICP (Predicted Transformation from ICP):
[[-6.98647768e-01  3.18214332e-01  6.40804912e-01 -5.44745896e+01]
 [-1.30609412e-01  8.23871935e-01 -5.51521727e-01  3.06894754e+01]
 [-7.03443301e-01 -4.69014577e-01 -5.34034502e-01  1.35880974e+02]
 [ 0.00000000e+00  0.00000000e+00  0.00000000e+00  1.00000000e+00]]
