Object ID: 1
Inlier ration of P_pred: 0.0
Num. of correspondences: 512
Avg. Euclidean Distance (ADD) [cm]: 9.752630135734423
Add Score thres: 0
Add Score thres (xyz direction): 0.0
Add-S Score: 0.6666666666666666
Avg. Euclidean Distance (ADD) ICP: 9.732937095565703
Add Score ICP thres: 9.732937095565703
Add Score ICP thres (xyz direction): 0.0
Add-S Score ICP: 0.6666666666666666
Error [cm]: 6.754803158334683
Error [deg]: 175.98775129167254
T_gt (Ground Truth Transformation):
[[ -0.40357846  -0.90803421   0.11224338  43.84120483]
 [ -0.88075686   0.35234135  -0.31642231  26.67403259]
 [  0.24777427  -0.22656029  -0.94195473 111.68659668]
 [  0.           0.           0.           1.        ]]
T_pred (Predicted Transformation):
[[-7.48833216e-01 -2.36752448e-01 -6.19029153e-01  4.17919361e+01]
 [ 2.72121718e-01 -9.61490475e-01  3.85465569e-02  2.42682941e+01]
 [-6.04316626e-01 -1.39586335e-01  7.84421488e-01  1.05678613e+02]
 [ 0.00000000e+00  0.00000000e+00  0.00000000e+00  1.00000000e+00]]
T_pred_ICP (Predicted Transformation from ICP):
[[-7.43146898e-01 -2.17175004e-01 -6.32904184e-01  4.18569846e+01]
 [ 2.02810184e-01 -9.74476691e-01  9.62455633e-02  2.41097140e+01]
 [-6.37652505e-01 -5.68348224e-02  7.68224632e-01  1.05760847e+02]
 [ 0.00000000e+00  0.00000000e+00  0.00000000e+00  1.00000000e+00]]
