Object ID: 6
Inlier ration of P_pred: 0.8120805621147156
Num. of correspondences: 149
Avg. Euclidean Distance (ADD) [cm]: 3.0350944116470346
Add Score thres: 0
Add Score thres (xyz direction): 0.6666666666666666
Add-S Score: 1.0
Avg. Euclidean Distance (ADD) ICP: 3.0097778641932798
Add Score ICP thres: 3.0097778641932798
Add Score ICP thres (xyz direction): 0.6666666666666666
Add-S Score ICP: 1.0
Error [cm]: 1.4308933667010995
Error [deg]: 48.02015809451272
T_gt (Ground Truth Transformation):
[[ 1.45958770e-01 -9.88978910e-01  2.93210400e-02  8.72829651e+00]
 [-9.86656830e-01 -1.47747540e-01 -7.05906400e-02 -2.51600390e+01]
 [ 7.41855200e-02 -1.86580100e-02 -9.97192330e-01  1.03228962e+02]
 [ 0.00000000e+00  0.00000000e+00  0.00000000e+00  1.00000000e+00]]
T_pred (Predicted Transformation):
[[-4.07611983e-01 -9.12986787e-01 -1.75384467e-02  7.88826225e+00]
 [-7.09872292e-01  3.28893942e-01 -6.22824296e-01 -2.38597285e+01]
 [ 5.74398642e-01 -2.41420589e-01 -7.82165136e-01  1.03337099e+02]
 [ 0.00000000e+00  0.00000000e+00  0.00000000e+00  1.00000000e+00]]
T_pred_ICP (Predicted Transformation from ICP):
[[-4.12221055e-01 -9.09860711e-01 -4.71941528e-02  7.91297840e+00]
 [-6.94599458e-01  3.47371322e-01 -6.29972029e-01 -2.39920715e+01]
 [ 5.89580693e-01 -2.26906701e-01 -7.75182530e-01  1.03092712e+02]
 [ 0.00000000e+00  0.00000000e+00  0.00000000e+00  1.00000000e+00]]
