Object ID: 6
Inlier ration of P_pred: 0.5257009267807007
Num. of correspondences: 428
Avg. Euclidean Distance (ADD) [cm]: 9.6382576365739
Add Score thres: 0
Add Score thres (xyz direction): 0.0
Add-S Score: 1.0
Avg. Euclidean Distance (ADD) ICP: 9.679914257977378
Add Score ICP thres: 9.679914257977378
Add Score ICP thres (xyz direction): 0.0
Add-S Score ICP: 1.0
Error [cm]: 9.53592061334838
Error [deg]: 125.43062358664612
T_gt (Ground Truth Transformation):
[[  0.41155288  -0.88423749  -0.22106755  10.29261675]
 [ -0.69784461  -0.14965059  -0.70053002 -13.24975275]
 [  0.58633393   0.44255989  -0.67859594 134.99532288]
 [  0.           0.           0.           1.        ]]
T_pred (Predicted Transformation):
[[-9.66299720e-01  2.02539922e-01 -1.58878670e-01  1.62394655e+01]
 [ 2.56811362e-01  8.00899581e-01 -5.40932330e-01 -7.50906124e+00]
 [ 1.76854683e-02 -5.63504607e-01 -8.25923594e-01  1.30310492e+02]
 [ 0.00000000e+00  0.00000000e+00  0.00000000e+00  1.00000000e+00]]
T_pred_ICP (Predicted Transformation from ICP):
[[-9.60187540e-01  2.15746628e-01 -1.77463466e-01  1.63423756e+01]
 [ 2.78206378e-01  7.96077876e-01 -5.37458117e-01 -7.56830989e+00]
 [ 2.53199623e-02 -5.65432055e-01 -8.24406144e-01  1.30299004e+02]
 [ 0.00000000e+00  0.00000000e+00  0.00000000e+00  1.00000000e+00]]
