Object ID: 6
Inlier ration of P_pred: 0.0
Num. of correspondences: 43
Avg. Euclidean Distance (ADD) [cm]: 6.945369761616098
Add Score thres: 0
Add Score thres (xyz direction): 0.0
Add-S Score: 1.0
Avg. Euclidean Distance (ADD) ICP: 6.8060295151452355
Add Score ICP thres: 6.8060295151452355
Add Score ICP thres (xyz direction): 0.0
Add-S Score ICP: 1.0
Error [cm]: 6.054010990721977
Error [deg]: 58.85160477381616
T_gt (Ground Truth Transformation):
[[-4.98806890e-01 -8.64092560e-01 -6.95810600e-02 -1.51805948e+01]
 [-4.61649980e-01  3.32692170e-01 -8.22420410e-01 -2.01731456e+01]
 [ 7.33737170e-01 -3.78044000e-01 -5.64816130e-01  1.35213119e+02]
 [ 0.00000000e+00  0.00000000e+00  0.00000000e+00  1.00000000e+00]]
T_pred (Predicted Transformation):
[[-1.10165816e-01 -7.68091002e-01  6.30792918e-01 -1.34547609e+01]
 [-9.79751997e-01 -2.28296816e-02 -1.98909100e-01 -1.80958687e+01]
 [ 1.67181091e-01 -6.39933605e-01 -7.50023643e-01  1.40827485e+02]
 [ 0.00000000e+00  0.00000000e+00  0.00000000e+00  1.00000000e+00]]
T_pred_ICP (Predicted Transformation from ICP):
[[-8.72997212e-02 -7.76295491e-01  6.24294858e-01 -1.33465400e+01]
 [-9.85073805e-01 -2.60552232e-02 -1.70149120e-01 -1.81839067e+01]
 [ 1.48352137e-01 -6.29830482e-01 -7.62433740e-01  1.40628858e+02]
 [ 0.00000000e+00  0.00000000e+00  0.00000000e+00  1.00000000e+00]]
