Object ID: 5
Inlier ration of P_pred: 0.0
Num. of correspondences: 228
Avg. Euclidean Distance (ADD) [cm]: 7.214639404039395
Add Score thres: 0
Add Score thres (xyz direction): 0.0
Add-S Score: 1.0
Avg. Euclidean Distance (ADD) ICP: 7.187556808851176
Add Score ICP thres: 7.187556808851176
Add Score ICP thres (xyz direction): 0.0
Add-S Score ICP: 1.0
Error [cm]: 3.3693716325258785
Error [deg]: 80.4056915823661
T_gt (Ground Truth Transformation):
[[ 9.77409200e-01  7.10452000e-02 -2.03325600e-01  1.12308663e+01]
 [-1.88955570e-01 -1.71248420e-01 -9.67845820e-01  2.01183912e-01]
 [-1.03563980e-01  9.83457480e-01 -1.53770640e-01  9.56809986e+01]
 [ 0.00000000e+00  0.00000000e+00  0.00000000e+00  1.00000000e+00]]
T_pred (Predicted Transformation):
[[ 7.90816452e-02  9.96778261e-01 -1.33862363e-02  1.20183936e+01]
 [-6.91696083e-02 -7.90919035e-03 -9.97573561e-01  2.13996441e+00]
 [-9.94465514e-01  7.98156792e-02  6.83212901e-02  9.82984104e+01]
 [ 0.00000000e+00  0.00000000e+00  0.00000000e+00  1.00000000e+00]]
T_pred_ICP (Predicted Transformation from ICP):
[[ 9.36439072e-02  9.95372414e-01 -2.15540289e-02  1.21766444e+01]
 [-7.33646207e-02 -1.46914485e-02 -9.97196968e-01  2.18849359e+00]
 [-9.92899014e-01  9.49627235e-02  7.16493550e-02  9.82322276e+01]
 [ 0.00000000e+00  0.00000000e+00  0.00000000e+00  1.00000000e+00]]
