Object ID: 8
Inlier ration of P_pred: 0.0
Num. of correspondences: 56
Avg. Euclidean Distance (ADD) [cm]: 14.806209398565962
Add Score thres: 0
Add Score thres (xyz direction): 0.0
Add-S Score: 1.0
Avg. Euclidean Distance (ADD) ICP: 14.858781223595269
Add Score ICP thres: 14.858781223595269
Add Score ICP thres (xyz direction): 0.0
Add-S Score ICP: 1.0
Error [cm]: 8.340246676088785
Error [deg]: 153.8272013931833
T_gt (Ground Truth Transformation):
[[ 0.82043354  0.56404116  0.1011598  -7.15549962]
 [ 0.3436749  -0.34306948 -0.87491396 -9.46599145]
 [-0.4585333   0.75208232 -0.47494764 67.69100379]
 [ 0.          0.          0.          1.        ]]
T_pred (Predicted Transformation):
[[-7.60255790e-01  3.21812147e-01 -5.64312037e-01 -1.57222067e+00]
 [ 2.66208386e-01  9.46721941e-01  1.81247514e-01 -1.53920499e+01]
 [ 5.92574239e-01 -1.24301245e-02 -8.05419930e-01  6.91545299e+01]
 [ 0.00000000e+00  0.00000000e+00  0.00000000e+00  1.00000000e+00]]
T_pred_ICP (Predicted Transformation from ICP):
[[-7.52043802e-01  3.25095767e-01 -5.73361022e-01 -1.52885760e+00]
 [ 2.66020152e-01  9.45608535e-01  1.87237223e-01 -1.54819318e+01]
 [ 6.03045105e-01 -1.17149934e-02 -7.97621063e-01  6.89983199e+01]
 [ 0.00000000e+00  0.00000000e+00  0.00000000e+00  1.00000000e+00]]
