Object ID: 12
Inlier ration of P_pred: 0.3235294222831726
Num. of correspondences: 34
Avg. Euclidean Distance (ADD) [cm]: 7.465194398248477
Add Score thres: 0
Add Score thres (xyz direction): 0.0
Add-S Score: 1.0
Avg. Euclidean Distance (ADD) ICP: 7.446772533816047
Add Score ICP thres: 7.446772533816047
Add Score ICP thres (xyz direction): 0.0
Add-S Score ICP: 1.0
Error [cm]: 3.1975908790484473
Error [deg]: 107.55010917758962
T_gt (Ground Truth Transformation):
[[ -0.97199703   0.21553393  -0.10033646 -15.98638521]
 [  0.18175785   0.40152079  -0.89836854   3.45014204]
 [ -0.15321242  -0.89083907  -0.42910219  94.08246869]
 [  0.           0.           0.           1.        ]]
T_pred (Predicted Transformation):
[[ 6.82549031e-02 -8.40020666e-01  5.38243949e-01 -1.70125320e+01]
 [-7.27296491e-01 -4.11193663e-01 -5.49508495e-01  5.89422690e+00]
 [ 6.82920993e-01 -3.53956286e-01 -6.39010066e-01  9.22896542e+01]
 [ 0.00000000e+00  0.00000000e+00  0.00000000e+00  1.00000000e+00]]
T_pred_ICP (Predicted Transformation from ICP):
[[ 5.92232163e-02 -8.43370538e-01  5.34058748e-01 -1.69769106e+01]
 [-7.24156576e-01 -4.04533725e-01 -5.58524591e-01  5.90434374e+00]
 [ 6.87087960e-01 -3.53664531e-01 -6.34690109e-01  9.22879378e+01]
 [ 0.00000000e+00  0.00000000e+00  0.00000000e+00  1.00000000e+00]]
