Object ID: 8
Inlier ration of P_pred: 0.2614942491054535
Num. of correspondences: 696
Avg. Euclidean Distance (ADD) [cm]: 8.235850411307611
Add Score thres: 0
Add Score thres (xyz direction): 0.0
Add-S Score: 1.0
Avg. Euclidean Distance (ADD) ICP: 8.240208657186697
Add Score ICP thres: 8.240208657186697
Add Score ICP thres (xyz direction): 0.0
Add-S Score ICP: 1.0
Error [cm]: 6.293027217630026
Error [deg]: 63.541659563952955
T_gt (Ground Truth Transformation):
[[  0.8521016    0.44010519   0.2833872   16.02342662]
 [  0.47403426  -0.41919279  -0.77436814 -16.92373121]
 [ -0.22199385   0.79414296  -0.56579699  92.08933702]
 [  0.           0.           0.           1.        ]]
T_pred (Predicted Transformation):
[[ 6.93603490e-01  4.12606127e-01 -5.90483177e-01  1.94307066e+01]
 [ 3.32773229e-01 -9.10529245e-01 -2.45353768e-01 -2.18342377e+01]
 [-6.38886669e-01 -2.63187636e-02 -7.68850536e-01  9.01501240e+01]
 [ 0.00000000e+00  0.00000000e+00  0.00000000e+00  1.00000000e+00]]
T_pred_ICP (Predicted Transformation from ICP):
[[ 6.93733403e-01  4.12037834e-01 -5.90727339e-01  1.94444834e+01]
 [ 3.31611377e-01 -9.10814702e-01 -2.45866778e-01 -2.18142972e+01]
 [-6.39349560e-01 -2.53259098e-02 -7.68499017e-01  9.00941111e+01]
 [ 0.00000000e+00  0.00000000e+00  0.00000000e+00  1.00000000e+00]]
