Object ID: 8
Inlier ration of P_pred: 0.2510051727294922
Num. of correspondences: 1741
Avg. Euclidean Distance (ADD) [cm]: 10.195336879638694
Add Score thres: 0
Add Score thres (xyz direction): 0.0
Add-S Score: 1.0
Avg. Euclidean Distance (ADD) ICP: 10.175296448969982
Add Score ICP thres: 10.175296448969982
Add Score ICP thres (xyz direction): 0.0
Add-S Score ICP: 1.0
Error [cm]: 2.6347112381981144
Error [deg]: 147.69019024489168
T_gt (Ground Truth Transformation):
[[-1.90271e-01  9.68235e-01 -1.62332e-01  2.26030e+01]
 [ 6.93379e-01  1.54689e-02 -7.20421e-01 -3.27999e+00]
 [-6.95013e-01 -2.49637e-01 -6.74272e-01  1.00782e+02]
 [ 0.00000e+00  0.00000e+00  0.00000e+00  1.00000e+00]]
T_pred (Predicted Transformation):
[[-3.71794837e-01 -9.26761309e-01  5.36849748e-02  2.41861513e+01]
 [-6.12587689e-01  2.01482278e-01 -7.64291315e-01 -2.95350295e+00]
 [ 6.97499048e-01 -3.17046319e-01 -6.42632639e-01  1.02947118e+02]
 [ 0.00000000e+00  0.00000000e+00  0.00000000e+00  1.00000000e+00]]
T_pred_ICP (Predicted Transformation from ICP):
[[-3.60514320e-01 -9.32045465e-01  3.63411101e-02  2.42365819e+01]
 [-6.03484369e-01  2.03365152e-01 -7.71005338e-01 -3.05490279e+00]
 [ 7.11221513e-01 -2.99889757e-01 -6.35790919e-01  1.02836860e+02]
 [ 0.00000000e+00  0.00000000e+00  0.00000000e+00  1.00000000e+00]]
