Object ID: 5
Inlier ration of P_pred: 0.846774160861969
Num. of correspondences: 124
Avg. Euclidean Distance (ADD) [cm]: 7.578839588054537
Add Score thres: 0
Add Score thres (xyz direction): 0.0
Add-S Score: 1.0
Avg. Euclidean Distance (ADD) ICP: 7.604086306100098
Add Score ICP thres: 7.604086306100098
Add Score ICP thres (xyz direction): 0.0
Add-S Score ICP: 1.0
Error [cm]: 2.175799371820833
Error [deg]: 98.93610926618307
T_gt (Ground Truth Transformation):
[[ 9.66098950e-01 -9.37961200e-02 -2.40613040e-01  3.63931253e+01]
 [-2.50925640e-01 -5.61237170e-01 -7.88722980e-01 -5.05509286e+00]
 [-6.10587700e-02  8.22350920e-01 -5.65731650e-01  9.56352938e+01]
 [ 0.00000000e+00  0.00000000e+00  0.00000000e+00  1.00000000e+00]]
T_pred (Predicted Transformation):
[[ 5.34331585e-02  9.65065220e-01 -2.56503447e-01  3.53458355e+01]
 [ 8.08598912e-01 -1.92539108e-01 -5.55964469e-01 -5.49415049e+00]
 [-5.85928918e-01 -1.77701471e-01 -7.90638660e-01  9.75365603e+01]
 [ 0.00000000e+00  0.00000000e+00  0.00000000e+00  1.00000000e+00]]
T_pred_ICP (Predicted Transformation from ICP):
[[ 4.53923175e-02  9.69022191e-01 -2.42766411e-01  3.54227841e+01]
 [ 8.12216147e-01 -1.77281557e-01 -5.55766299e-01 -5.51400351e+00]
 [-5.81587885e-01 -1.71951279e-01 -7.95102692e-01  9.75278956e+01]
 [ 0.00000000e+00  0.00000000e+00  0.00000000e+00  1.00000000e+00]]
