Object ID: 8
Inlier ration of P_pred: 0.0
Num. of correspondences: 323
Avg. Euclidean Distance (ADD) [cm]: 12.54129531486078
Add Score thres: 0
Add Score thres (xyz direction): 0.3333333333333333
Add-S Score: 1.0
Avg. Euclidean Distance (ADD) ICP: 12.541622457408625
Add Score ICP thres: 12.541622457408625
Add Score ICP thres (xyz direction): 0.3333333333333333
Add-S Score ICP: 1.0
Error [cm]: 5.534050252269486
Error [deg]: 159.77788023277589
T_gt (Ground Truth Transformation):
[[ 8.20198650e-01  5.70731220e-01  4.02467300e-02  4.25615144e+00]
 [ 4.03581380e-01 -5.27269620e-01 -7.47788540e-01 -2.08508376e+01]
 [-4.05542510e-01  6.29548050e-01 -6.62777530e-01  9.21305204e+01]
 [ 0.00000000e+00  0.00000000e+00  0.00000000e+00  1.00000000e+00]]
T_pred (Predicted Transformation):
[[ -0.87748877  -0.30920804  -0.36661131   7.55850147]
 [  0.28548923   0.27746142  -0.91733912 -18.84657169]
 [  0.38536912  -0.90961835  -0.15519371  88.17581809]
 [  0.           0.           0.           1.        ]]
T_pred_ICP (Predicted Transformation from ICP):
[[ -0.8793115   -0.30293805  -0.36747764   7.46643809]
 [  0.29153241   0.26775985  -0.91832103 -18.8052265 ]
 [  0.37659014  -0.91462189  -0.14712806  88.1136501 ]
 [  0.           0.           0.           1.        ]]
