Object ID: 12
Inlier ration of P_pred: 0.40466102957725525
Num. of correspondences: 944
Avg. Euclidean Distance (ADD) [cm]: 9.556861602350889
Add Score thres: 0
Add Score thres (xyz direction): 0.0
Add-S Score: 1.0
Avg. Euclidean Distance (ADD) ICP: 9.56253263288418
Add Score ICP thres: 9.56253263288418
Add Score ICP thres (xyz direction): 0.0
Add-S Score ICP: 1.0
Error [cm]: 5.045492617092474
Error [deg]: 144.57559442146692
T_gt (Ground Truth Transformation):
[[ 7.81061e-01  6.24931e-01  1.44615e-02 -2.65060e+00]
 [ 2.45727e-01 -2.85685e-01 -9.26715e-01  1.88208e+01]
 [-5.74798e-01  7.27078e-01 -3.76521e-01  1.00678e+02]
 [ 0.00000e+00  0.00000e+00  0.00000e+00  1.00000e+00]]
T_pred (Predicted Transformation):
[[-9.98316442e-01 -5.24305478e-02  2.48056141e-02  2.20644349e+00]
 [-5.11307171e-02  5.93588947e-01 -8.03142460e-01  1.96385269e+01]
 [ 2.73848608e-02 -8.03058653e-01 -5.95270417e-01  9.96875563e+01]
 [ 0.00000000e+00  0.00000000e+00  0.00000000e+00  1.00000000e+00]]
T_pred_ICP (Predicted Transformation from ICP):
[[-9.97822049e-01 -5.69473406e-02  3.32890316e-02  2.21732326e+00]
 [-6.09313403e-02  6.02399085e-01 -7.95866015e-01  1.96889647e+01]
 [ 2.52691708e-02 -7.96161003e-01 -6.04556967e-01  9.96747010e+01]
 [ 0.00000000e+00  0.00000000e+00  0.00000000e+00  1.00000000e+00]]
