Object ID: 8
Inlier ration of P_pred: 0.0
Num. of correspondences: 70
Avg. Euclidean Distance (ADD) [cm]: 8.237391725553138
Add Score thres: 0
Add Score thres (xyz direction): 0.3333333333333333
Add-S Score: 1.0
Avg. Euclidean Distance (ADD) ICP: 8.380053892401854
Add Score ICP thres: 8.380053892401854
Add Score ICP thres (xyz direction): 0.3333333333333333
Add-S Score ICP: 1.0
Error [cm]: 4.440239121420583
Error [deg]: 103.4884960291213
T_gt (Ground Truth Transformation):
[[ 6.64832080e-01  7.47962360e-01  4.65606000e-03 -9.18958101e+00]
 [ 2.66028360e-01 -2.30714540e-01 -9.36626340e-01 -2.87182502e+00]
 [-6.99073380e-01  6.23530020e-01 -3.52125930e-01  8.73903317e+01]
 [ 0.00000000e+00  0.00000000e+00  0.00000000e+00  1.00000000e+00]]
T_pred (Predicted Transformation):
[[-8.51677006e-01  5.17449019e-01  8.30228309e-02 -1.27973070e+01]
 [ 6.00422709e-02  2.53721347e-01 -9.65412038e-01 -2.68417521e+00]
 [-5.20616176e-01 -8.17234355e-01 -2.47157451e-01  8.97000839e+01]
 [ 0.00000000e+00  0.00000000e+00  0.00000000e+00  1.00000000e+00]]
T_pred_ICP (Predicted Transformation from ICP):
[[-8.74081002e-01  4.75777621e-01  9.80716967e-02 -1.29033340e+01]
 [ 4.73240663e-02  2.84323130e-01 -9.57559810e-01 -2.70534738e+00]
 [-4.83469581e-01 -8.32343687e-01 -2.71037178e-01  8.98185095e+01]
 [ 0.00000000e+00  0.00000000e+00  0.00000000e+00  1.00000000e+00]]
