Object ID: 5
Inlier ration of P_pred: 0.8165137767791748
Num. of correspondences: 327
Avg. Euclidean Distance (ADD) [cm]: 1.3436767561302128
Add Score thres: 1
Add Score thres (xyz direction): 1.0
Add-S Score: 1.0
Avg. Euclidean Distance (ADD) ICP: 0.9944081144541786
Add Score ICP thres: 0.9944081144541786
Add Score ICP thres (xyz direction): 1.0
Add-S Score ICP: 1.0
Error [cm]: 0.5127782934076417
Error [deg]: 8.85059978669944
T_gt (Ground Truth Transformation):
[[ 9.85517290e-01  1.69152400e-01  1.96377000e-02  2.44117066e+01]
 [ 1.12939510e-01 -5.62942130e-01 -8.18858390e-01  1.22497316e+01]
 [-1.27455020e-01  8.09146720e-01 -5.73826110e-01  9.65567958e+01]
 [ 0.00000000e+00  0.00000000e+00  0.00000000e+00  1.00000000e+00]]
T_pred (Predicted Transformation):
[[ 9.45055053e-01  3.15788363e-01  8.45497226e-02  2.39604848e+01]
 [ 2.42748046e-01 -5.04645308e-01 -8.28496530e-01  1.30388255e+01]
 [-2.18961942e-01  8.03499112e-01 -5.53574606e-01  9.69972366e+01]
 [ 0.00000000e+00  0.00000000e+00  0.00000000e+00  1.00000000e+00]]
T_pred_ICP (Predicted Transformation from ICP):
[[ 9.51063635e-01  2.93611296e-01  9.62827543e-02  2.41980102e+01]
 [ 2.38346316e-01 -4.98786185e-01 -8.33308691e-01  1.26017730e+01]
 [-1.96644337e-01  8.15478233e-01 -5.44358574e-01  9.68623155e+01]
 [ 0.00000000e+00  0.00000000e+00  0.00000000e+00  1.00000000e+00]]
