Object ID: 6
Inlier ration of P_pred: 0.0
Num. of correspondences: 332
Avg. Euclidean Distance (ADD) [cm]: 7.10182252928159
Add Score thres: 0
Add Score thres (xyz direction): 0.0
Add-S Score: 1.0
Avg. Euclidean Distance (ADD) ICP: 7.095849649416097
Add Score ICP thres: 7.095849649416097
Add Score ICP thres (xyz direction): 0.0
Add-S Score ICP: 1.0
Error [cm]: 0.746879418060768
Error [deg]: 117.84515346940127
T_gt (Ground Truth Transformation):
[[-1.82324700e-02 -9.60378960e-01 -2.78164500e-01 -1.65332755e+01]
 [-5.99057460e-01  2.33234910e-01 -7.65996760e-01 -1.39331578e+01]
 [ 8.00513060e-01  1.52665460e-01 -5.79562910e-01  1.29883745e+02]
 [ 0.00000000e+00  0.00000000e+00  0.00000000e+00  1.00000000e+00]]
T_pred (Predicted Transformation):
[[ 6.51232176e-01 -3.49940760e-01  6.73378138e-01 -1.58338746e+01]
 [-7.52598810e-01 -1.83900550e-01  6.32278118e-01 -1.40281968e+01]
 [-9.74252754e-02 -9.18543441e-01 -3.83126955e-01  1.30028539e+02]
 [ 0.00000000e+00  0.00000000e+00  0.00000000e+00  1.00000000e+00]]
T_pred_ICP (Predicted Transformation from ICP):
[[ 6.45262721e-01 -3.49640940e-01  6.79254911e-01 -1.58023829e+01]
 [-7.57460824e-01 -1.77067670e-01  6.28410806e-01 -1.40006299e+01]
 [-9.94440602e-02 -9.19999051e-01 -3.79094481e-01  1.30021847e+02]
 [ 0.00000000e+00  0.00000000e+00  0.00000000e+00  1.00000000e+00]]
