Object ID: 8
Inlier ration of P_pred: 0.012369171716272831
Num. of correspondences: 1051
Avg. Euclidean Distance (ADD) [cm]: 16.270100605897394
Add Score thres: 0
Add Score thres (xyz direction): 0.0
Add-S Score: 0.6666666666666666
Avg. Euclidean Distance (ADD) ICP: 16.24640213905002
Add Score ICP thres: 16.24640213905002
Add Score ICP thres (xyz direction): 0.0
Add-S Score ICP: 0.6666666666666666
Error [cm]: 15.765890346391224
Error [deg]: 168.739128649383
T_gt (Ground Truth Transformation):
[[  0.46235101   0.87980556   0.11901059  -7.19267566]
 [  0.86143803  -0.41206849  -0.29999073   2.25919843]
 [ -0.21468458   0.24090753  -0.94751563 101.51081637]
 [  0.           0.           0.           1.        ]]
T_pred (Predicted Transformation):
[[ 3.30478479e-01 -9.43663998e-01 -1.67998302e-02 -8.43786307e+00]
 [ 9.37510430e-01  3.26165705e-01  1.21202833e-01 -3.11815054e+00]
 [-1.08895222e-01 -5.58049440e-02  9.92485586e-01  8.67384913e+01]
 [ 0.00000000e+00  0.00000000e+00  0.00000000e+00  1.00000000e+00]]
T_pred_ICP (Predicted Transformation from ICP):
[[ 3.37822390e-01 -9.41147548e-01  1.08317121e-02 -8.65081406e+00]
 [ 9.35474332e-01  3.37010081e-01  1.06357787e-01 -2.91716212e+00]
 [-1.03748766e-01 -2.57972531e-02  9.94268925e-01  8.66904782e+01]
 [ 0.00000000e+00  0.00000000e+00  0.00000000e+00  1.00000000e+00]]
