Object ID: 12
Inlier ration of P_pred: 0.2838428020477295
Num. of correspondences: 229
Avg. Euclidean Distance (ADD) [cm]: 7.316047680863891
Add Score thres: 0
Add Score thres (xyz direction): 0.0
Add-S Score: 1.0
Avg. Euclidean Distance (ADD) ICP: 7.253171438585386
Add Score ICP thres: 7.253171438585386
Add Score ICP thres (xyz direction): 0.0
Add-S Score ICP: 1.0
Error [cm]: 2.460643422950068
Error [deg]: 98.53617427304373
T_gt (Ground Truth Transformation):
[[ 9.33893e-01 -2.46591e-01  2.63894e-01  4.88811e+00]
 [ 7.95971e-02 -5.73168e-01 -8.17096e-01  1.57897e+00]
 [ 3.52290e-01  7.83022e-01 -5.14887e-01  1.05324e+02]
 [ 0.00000e+00  0.00000e+00  0.00000e+00  1.00000e+00]]
T_pred (Predicted Transformation):
[[ 1.32711806e-01  9.89550365e-01 -5.63706645e-02  4.85227240e+00]
 [ 9.07313069e-01 -1.44182044e-01 -3.94961432e-01 -2.61008003e-01]
 [-3.98961867e-01  1.27020418e-03 -9.16966638e-01  1.07093770e+02]
 [ 0.00000000e+00  0.00000000e+00  0.00000000e+00  1.00000000e+00]]
T_pred_ICP (Predicted Transformation from ICP):
[[ 1.45740963e-01  9.88446461e-01 -4.16313070e-02  4.85747634e+00]
 [ 9.15677552e-01 -1.50704278e-01 -3.72589373e-01 -2.22680283e-01]
 [-3.74558663e-01  1.61806806e-02 -9.27062022e-01  1.06999674e+02]
 [ 0.00000000e+00  0.00000000e+00  0.00000000e+00  1.00000000e+00]]
