Object ID: 6
Inlier ration of P_pred: 0.8834782838821411
Num. of correspondences: 575
Avg. Euclidean Distance (ADD) [cm]: 3.135453416044727
Add Score thres: 0
Add Score thres (xyz direction): 0.3333333333333333
Add-S Score: 1.0
Avg. Euclidean Distance (ADD) ICP: 3.0511776467742187
Add Score ICP thres: 3.0511776467742187
Add Score ICP thres (xyz direction): 0.3333333333333333
Add-S Score ICP: 1.0
Error [cm]: 1.9382214536123297
Error [deg]: 26.994986504631612
T_gt (Ground Truth Transformation):
[[-5.44911820e-01 -7.14973420e-01 -4.38385080e-01 -1.08040329e+01]
 [-5.97568090e-01  6.97781990e-01 -3.95226020e-01 -1.96994445e+01]
 [ 5.88457280e-01  4.65911200e-02 -8.07372460e-01  1.15815321e+02]
 [ 0.00000000e+00  0.00000000e+00  0.00000000e+00  1.00000000e+00]]
T_pred (Predicted Transformation):
[[-5.33560256e-01 -8.44712728e-01  4.21172217e-02 -1.21823510e+01]
 [-7.66822639e-01  4.62152716e-01 -4.45418800e-01 -1.90214403e+01]
 [ 3.56786341e-01 -2.69954208e-01 -8.94331165e-01  1.17076892e+02]
 [ 0.00000000e+00  0.00000000e+00  0.00000000e+00  1.00000000e+00]]
T_pred_ICP (Predicted Transformation from ICP):
[[-6.10681798e-01 -7.91780333e-01  1.23144809e-02 -1.21351117e+01]
 [-6.88501605e-01  5.23214532e-01 -5.02207221e-01 -1.89909319e+01]
 [ 3.91194685e-01 -3.15167349e-01 -8.64659621e-01  1.17033082e+02]
 [ 0.00000000e+00  0.00000000e+00  0.00000000e+00  1.00000000e+00]]
