Object ID: 6
Inlier ration of P_pred: 0.8690701723098755
Num. of correspondences: 527
Avg. Euclidean Distance (ADD) [cm]: 1.2802141174486685
Add Score thres: 1
Add Score thres (xyz direction): 1.0
Add-S Score: 1.0
Avg. Euclidean Distance (ADD) ICP: 0.0002927888251895396
Add Score ICP thres: 0.0002927888251895396
Add Score ICP thres (xyz direction): 1.0
Add-S Score ICP: 1.0
Error [cm]: 8.692468446539071e-05
Error [deg]: 0.0
T_gt (Ground Truth Transformation):
[[-9.46881000e-02 -9.94239240e-01  5.15325200e-02  6.02912805e+00]
 [-8.50982120e-01  5.39547000e-02 -5.22544480e-01 -2.38982365e+01]
 [ 5.16733870e-01 -9.33142600e-02 -8.51115530e-01  1.25345090e+02]
 [ 0.00000000e+00  0.00000000e+00  0.00000000e+00  1.00000000e+00]]
T_pred (Predicted Transformation):
[[-2.38583178e-01 -9.70253216e-01  4.10702338e-02  5.82041695e+00]
 [-7.33129697e-01  1.52217596e-01 -6.62835312e-01 -2.30821389e+01]
 [ 6.36866481e-01 -1.88251163e-01 -7.47638004e-01  1.24891983e+02]
 [ 0.00000000e+00  0.00000000e+00  0.00000000e+00  1.00000000e+00]]
T_pred_ICP (Predicted Transformation from ICP):
[[-9.46738084e-02 -9.94174150e-01  5.15230971e-02  6.02913569e+00]
 [-8.50919653e-01  5.39523857e-02 -5.22517832e-01 -2.38982007e+01]
 [ 5.16693927e-01 -9.33107690e-02 -8.51070200e-01  1.25345169e+02]
 [ 0.00000000e+00  0.00000000e+00  0.00000000e+00  1.00000000e+00]]
