Object ID: 6
Inlier ration of P_pred: 0.8438485860824585
Num. of correspondences: 634
Avg. Euclidean Distance (ADD) [cm]: 11.123255985714563
Add Score thres: 0
Add Score thres (xyz direction): 0.0
Add-S Score: 0.6666666666666666
Avg. Euclidean Distance (ADD) ICP: 11.108868904965352
Add Score ICP thres: 11.108868904965352
Add Score ICP thres (xyz direction): 0.0
Add-S Score ICP: 0.6666666666666666
Error [cm]: 6.40827839210253
Error [deg]: 167.8698049076065
T_gt (Ground Truth Transformation):
[[-2.37341910e-01 -9.31905130e-01 -2.74500680e-01 -9.80760622e-01]
 [-6.48016510e-01  3.62390640e-01 -6.69978850e-01 -8.54027817e+00]
 [ 7.23805070e-01  1.88785800e-02 -6.89843620e-01  1.34824090e+02]
 [ 0.00000000e+00  0.00000000e+00  0.00000000e+00  1.00000000e+00]]
T_pred (Predicted Transformation):
[[ -0.5970941    0.42596546  -0.67972941  -0.45919465]
 [ -0.45806586  -0.8766779   -0.14700862  -8.71619817]
 [ -0.65852434   0.22358285   0.71857943 128.4370995 ]
 [  0.           0.           0.           1.        ]]
T_pred_ICP (Predicted Transformation from ICP):
[[ -0.58050064   0.43649297  -0.68738118  -0.47148095]
 [ -0.46513331  -0.87065015  -0.16006037  -8.76242103]
 [ -0.66833375   0.22680874   0.70844039 128.43994401]
 [  0.           0.           0.           1.        ]]
