Object ID: 8
Inlier ration of P_pred: 0.19077567756175995
Num. of correspondences: 477
Avg. Euclidean Distance (ADD) [cm]: 14.305203470133081
Add Score thres: 0
Add Score thres (xyz direction): 0.0
Add-S Score: 0.6666666666666666
Avg. Euclidean Distance (ADD) ICP: 14.330876561074865
Add Score ICP thres: 14.330876561074865
Add Score ICP thres (xyz direction): 0.0
Add-S Score ICP: 0.6666666666666666
Error [cm]: 8.224239991873592
Error [deg]: 179.13092567504702
T_gt (Ground Truth Transformation):
[[  0.57548458   0.81022565  -0.11150167 -17.96849553]
 [  0.32548483  -0.35197102  -0.87764271  -3.98040075]
 [ -0.75029659   0.46875271  -0.4662533  106.67369798]
 [  0.           0.           0.           1.        ]]
T_pred (Predicted Transformation):
[[-5.44829834e-01 -3.30385668e-01 -7.70717693e-01 -1.17401635e+01]
 [-2.32582326e-01  9.42589384e-01 -2.39647065e-01 -8.68187571e+00]
 [ 8.05646271e-01  4.86884433e-02 -5.90392684e-01  1.04172478e+02]
 [ 0.00000000e+00  0.00000000e+00  0.00000000e+00  1.00000000e+00]]
T_pred_ICP (Predicted Transformation from ICP):
[[-5.27273982e-01 -3.41489228e-01 -7.78053504e-01 -1.16630260e+01]
 [-2.39055057e-01  9.38317519e-01 -2.49825767e-01 -8.52342054e+00]
 [ 8.15374041e-01  5.42709980e-02 -5.76385142e-01  1.03982946e+02]
 [ 0.00000000e+00  0.00000000e+00  0.00000000e+00  1.00000000e+00]]
