Object ID: 5
Inlier ration of P_pred: 0.8586956858634949
Num. of correspondences: 92
Avg. Euclidean Distance (ADD) [cm]: 9.053886551341485
Add Score thres: 0
Add Score thres (xyz direction): 0.3333333333333333
Add-S Score: 1.0
Avg. Euclidean Distance (ADD) ICP: 9.005690290600786
Add Score ICP thres: 9.005690290600786
Add Score ICP thres (xyz direction): 0.3333333333333333
Add-S Score ICP: 1.0
Error [cm]: 2.0200095663237767
Error [deg]: 130.10401854899484
T_gt (Ground Truth Transformation):
[[ 9.57272710e-01  2.73944540e-01  9.30326600e-02 -3.50692864e+00]
 [ 2.89235410e-01 -9.13504670e-01 -2.86197220e-01  1.68309720e+01]
 [ 6.58449000e-03  3.00866480e-01 -9.53672060e-01  9.78158745e+01]
 [ 0.00000000e+00  0.00000000e+00  0.00000000e+00  1.00000000e+00]]
T_pred (Predicted Transformation):
[[-4.16570389e-01 -9.06151784e-01 -7.31987421e-02 -2.82906041e+00]
 [-8.93501971e-01  4.22945015e-01 -1.50903090e-01  1.51739765e+01]
 [ 1.67700148e-01  2.54146122e-03 -9.85834774e-01  9.89252685e+01]
 [ 0.00000000e+00  0.00000000e+00  0.00000000e+00  1.00000000e+00]]
T_pred_ICP (Predicted Transformation from ICP):
[[-4.01970436e-01 -9.12249772e-01 -7.88677470e-02 -2.80722923e+00]
 [-8.97143721e-01  4.09612083e-01 -1.65381632e-01  1.52090566e+01]
 [ 1.83174538e-01  4.27717734e-03 -9.83071103e-01  9.87957979e+01]
 [ 0.00000000e+00  0.00000000e+00  0.00000000e+00  1.00000000e+00]]
