Object ID: 12
Inlier ration of P_pred: 0.3448275923728943
Num. of correspondences: 29
Avg. Euclidean Distance (ADD) [cm]: 6.435191421022098
Add Score thres: 0
Add Score thres (xyz direction): 0.0
Add-S Score: 1.0
Avg. Euclidean Distance (ADD) ICP: 6.435551551050279
Add Score ICP thres: 6.435551551050279
Add Score ICP thres (xyz direction): 0.0
Add-S Score ICP: 1.0
Error [cm]: 1.729475460141012
Error [deg]: 84.25958411517985
T_gt (Ground Truth Transformation):
[[ 0.673007 -0.696    -0.254357 -2.13035 ]
 [-0.464365 -0.12842  -0.877388  0.392297]
 [ 0.57745   0.707821 -0.409164 88.7082  ]
 [ 0.        0.        0.        1.      ]]
T_pred (Predicted Transformation):
[[ 9.65514432e-01  2.59812341e-01 -1.67161015e-02 -2.71611130e+00]
 [ 2.48075885e-01 -9.37580406e-01 -2.43723895e-01 -8.17585883e-01]
 [-7.89951651e-02  2.31172077e-01 -9.69700590e-01  8.98527904e+01]
 [ 0.00000000e+00  0.00000000e+00  0.00000000e+00  1.00000000e+00]]
T_pred_ICP (Predicted Transformation from ICP):
[[ 9.65512632e-01  2.60317688e-01  4.47860830e-03 -2.66272031e+00]
 [ 2.54150699e-01 -9.38627182e-01 -2.33208997e-01 -8.03227683e-01]
 [-5.65046836e-02  2.26304474e-01 -9.72416323e-01  8.98388582e+01]
 [ 0.00000000e+00  0.00000000e+00  0.00000000e+00  1.00000000e+00]]
