Object ID: 11
Inlier ration of P_pred: 0.036474164575338364
Num. of correspondences: 329
Avg. Euclidean Distance (ADD) [cm]: 3.7911816348917124
Add Score thres: 0
Add Score thres (xyz direction): 0.3333333333333333
Add-S Score: 1.0
Avg. Euclidean Distance (ADD) ICP: 3.780616467714573
Add Score ICP thres: 3.780616467714573
Add Score ICP thres (xyz direction): 0.3333333333333333
Add-S Score ICP: 1.0
Error [cm]: 2.7197249896568803
Error [deg]: 50.03395791830713
T_gt (Ground Truth Transformation):
[[  0.97413413  -0.14489915  -0.17363785 -19.11393439]
 [ -0.20160138  -0.20842651  -0.95707412   9.19730046]
 [  0.10249648   0.96728001  -0.23223592  56.05845978]
 [  0.           0.           0.           1.        ]]
T_pred (Predicted Transformation):
[[  0.54182365  -0.77408944  -0.32743347 -17.50743714]
 [ -0.23606145   0.23373812  -0.94320808  10.90013817]
 [  0.80666109   0.58834687  -0.05608783  54.51677047]
 [  0.           0.           0.           1.        ]]
T_pred_ICP (Predicted Transformation from ICP):
[[ 5.65733534e-01 -7.47897271e-01 -3.47268254e-01 -1.75806294e+01]
 [-2.28603926e-01  2.62380093e-01 -9.37495030e-01  1.08255226e+01]
 [ 7.92266252e-01  6.09759263e-01 -2.25350351e-02  5.45109546e+01]
 [ 0.00000000e+00  0.00000000e+00  0.00000000e+00  1.00000000e+00]]
