Object ID: 8
Inlier ration of P_pred: 0.0
Num. of correspondences: 1964
Avg. Euclidean Distance (ADD) [cm]: 21.69541140708978
Add Score thres: 0
Add Score thres (xyz direction): 0.0
Add-S Score: 0.6666666666666666
Avg. Euclidean Distance (ADD) ICP: 21.69541140708978
Add Score ICP thres: 21.69541140708978
Add Score ICP thres (xyz direction): 0.0
Add-S Score ICP: 0.6666666666666666
Error [cm]: 18.573415414953487
Error [deg]: 158.49403100285
T_gt (Ground Truth Transformation):
[[ 1.09052600e-01  9.94034890e-01 -1.45469300e-02  1.15967916e+01]
 [ 8.83907430e-01 -1.03652580e-01 -4.56208940e-01 -1.08227340e+01]
 [-4.54946300e-01  3.68770500e-02 -8.89848910e-01  6.33266427e+01]
 [ 0.00000000e+00  0.00000000e+00  0.00000000e+00  1.00000000e+00]]
T_pred (Predicted Transformation):
[[  0.37540037   0.34455609  -0.86043923  15.72488622]
 [ -0.87042802   0.45004202  -0.1995426  -10.79595174]
 [  0.31848019   0.82385877   0.46885721  45.21780847]
 [  0.           0.           0.           1.        ]]
T_pred_ICP (Predicted Transformation from ICP):
[[  0.37540037   0.34455609  -0.86043923  15.72488622]
 [ -0.87042802   0.45004202  -0.1995426  -10.79595174]
 [  0.31848019   0.82385877   0.46885721  45.21780847]
 [  0.           0.           0.           1.        ]]
