Object ID: 11
Inlier ration of P_pred: 0.0
Num. of correspondences: 3082
Avg. Euclidean Distance (ADD) [cm]: 4.962155705396791
Add Score thres: 0
Add Score thres (xyz direction): 0.6666666666666666
Add-S Score: 1.0
Avg. Euclidean Distance (ADD) ICP: 4.855910771567067
Add Score ICP thres: 4.855910771567067
Add Score ICP thres (xyz direction): 0.6666666666666666
Add-S Score ICP: 1.0
Error [cm]: 4.451156788211135
Error [deg]: 28.13827615198817
T_gt (Ground Truth Transformation):
[[ 9.77856650e-01  1.94008020e-01 -7.90435000e-02 -3.62412651e+01]
 [ 1.28359350e-01 -8.53077620e-01 -5.05820360e-01  2.79199322e+01]
 [-1.65551530e-01  4.84447130e-01 -8.59053730e-01  9.29375669e+01]
 [ 0.00000000e+00  0.00000000e+00  0.00000000e+00  1.00000000e+00]]
T_pred (Predicted Transformation):
[[  0.78691946   0.57908733  -0.21310944 -35.157548  ]
 [  0.31501174  -0.67397959  -0.66822086  31.91379242]
 [ -0.53058964   0.45870402  -0.71278696  94.75394413]
 [  0.           0.           0.           1.        ]]
T_pred_ICP (Predicted Transformation from ICP):
[[  0.77632363   0.60212189  -0.18646944 -35.21489246]
 [  0.35726378  -0.66403531  -0.65682547  31.83156339]
 [ -0.51931129   0.44329035  -0.73062264  94.79727059]
 [  0.           0.           0.           1.        ]]
