Object ID: 6
Inlier ration of P_pred: 0.711953341960907
Num. of correspondences: 1715
Avg. Euclidean Distance (ADD) [cm]: 1.3235072407231179
Add Score thres: 1
Add Score thres (xyz direction): 1.0
Add-S Score: 1.0
Avg. Euclidean Distance (ADD) ICP: 0.00014859093323288015
Add Score ICP thres: 0.00014859093323288015
Add Score ICP thres (xyz direction): 1.0
Add-S Score ICP: 1.0
Error [cm]: 4.5448568011991415e-05
Error [deg]: 0.0
T_gt (Ground Truth Transformation):
[[ 3.02650080e-01 -9.48787990e-01 -9.09269500e-02  1.52795932e+01]
 [-9.31521300e-01 -2.74232910e-01 -2.39027410e-01 -3.25169567e+01]
 [ 2.01857470e-01  1.57050360e-01 -9.66775410e-01  9.30378079e+01]
 [ 0.00000000e+00  0.00000000e+00  0.00000000e+00  1.00000000e+00]]
T_pred (Predicted Transformation):
[[ 1.06958567e-01 -9.91883331e-01 -6.87555335e-02  1.47213829e+01]
 [-9.69970862e-01 -8.89026591e-02 -2.26390911e-01 -3.18276794e+01]
 [ 2.18440821e-01  9.09053115e-02 -9.71606830e-01  9.21924865e+01]
 [ 0.00000000e+00  0.00000000e+00  0.00000000e+00  1.00000000e+00]]
T_pred_ICP (Predicted Transformation from ICP):
[[ 3.02640850e-01 -9.48757124e-01 -9.09309429e-02  1.52795992e+01]
 [-9.31487159e-01 -2.74223217e-01 -2.39025729e-01 -3.25169539e+01]
 [ 2.01841988e-01  1.57039956e-01 -9.66746225e-01  9.30378529e+01]
 [ 0.00000000e+00  0.00000000e+00  0.00000000e+00  1.00000000e+00]]
