Object ID: 8
Inlier ration of P_pred: 0.012519561685621738
Num. of correspondences: 639
Avg. Euclidean Distance (ADD) [cm]: 17.084658804347796
Add Score thres: 0
Add Score thres (xyz direction): 0.0
Add-S Score: 0.6666666666666666
Avg. Euclidean Distance (ADD) ICP: 17.139198098216287
Add Score ICP thres: 17.139198098216287
Add Score ICP thres (xyz direction): 0.0
Add-S Score ICP: 0.6666666666666666
Error [cm]: 16.41411016123258
Error [deg]: 173.50916179389023
T_gt (Ground Truth Transformation):
[[ 2.97745190e-01  9.51814370e-01 -8.28003800e-02 -1.62957486e+01]
 [ 9.40324440e-01 -3.07300780e-01 -1.51010930e-01 -9.45106528e+00]
 [-1.69157770e-01 -3.28900200e-02 -9.85709670e-01  6.47589739e+01]
 [ 0.00000000e+00  0.00000000e+00  0.00000000e+00  1.00000000e+00]]
T_pred (Predicted Transformation):
[[ -0.54101406  -0.81707845   0.19921493 -20.89569327]
 [  0.83337854  -0.48899959   0.25760359 -16.10408923]
 [ -0.11306633   0.30538862   0.9454913   50.58963585]
 [  0.           0.           0.           1.        ]]
T_pred_ICP (Predicted Transformation from ICP):
[[ -0.53552701  -0.82443047   0.18309896 -20.74692138]
 [  0.83489699  -0.48419998   0.26172006 -16.21904467]
 [ -0.12711348   0.29302693   0.94761668  50.48296159]
 [  0.           0.           0.           1.        ]]
