Object ID: 6
Inlier ration of P_pred: 0.6205896735191345
Num. of correspondences: 2069
Avg. Euclidean Distance (ADD) [cm]: 1.385159032664707
Add Score thres: 1
Add Score thres (xyz direction): 1.0
Add-S Score: 1.0
Avg. Euclidean Distance (ADD) ICP: 0.0006368906942054683
Add Score ICP thres: 0.0006368906942054683
Add Score ICP thres (xyz direction): 1.0
Add-S Score ICP: 1.0
Error [cm]: 0.00021734638881716224
Error [deg]: 0.0
T_gt (Ground Truth Transformation):
[[-4.16443740e-01 -9.06428120e-01  7.25138100e-02 -1.43377210e+01]
 [-8.76447960e-01  3.78805610e-01 -2.97607970e-01 -3.09792766e+01]
 [ 2.42306860e-01 -1.87490020e-01 -9.52054000e-01  1.06423649e+02]
 [ 0.00000000e+00  0.00000000e+00  0.00000000e+00  1.00000000e+00]]
T_pred (Predicted Transformation):
[[-5.16070974e-01 -8.50796118e-01  9.90793362e-02 -1.42593139e+01]
 [-8.17547093e-01  4.54761474e-01 -3.53282822e-01 -3.05580410e+01]
 [ 2.55514189e-01 -2.63321033e-01 -9.30255090e-01  1.07645250e+02]
 [ 0.00000000e+00  0.00000000e+00  0.00000000e+00  1.00000000e+00]]
T_pred_ICP (Predicted Transformation from ICP):
[[-4.16352026e-01 -9.06307112e-01  7.25148862e-02 -1.43376834e+01]
 [-8.76338248e-01  3.78773656e-01 -2.97593335e-01 -3.09792762e+01]
 [ 2.42244227e-01 -1.87451156e-01 -9.51934766e-01  1.06423863e+02]
 [ 0.00000000e+00  0.00000000e+00  0.00000000e+00  1.00000000e+00]]
