Object ID: 6
Inlier ration of P_pred: 0.0
Num. of correspondences: 8
Avg. Euclidean Distance (ADD) [cm]: 7.057422528008134
Add Score thres: 0
Add Score thres (xyz direction): 0.0
Add-S Score: 1.0
Avg. Euclidean Distance (ADD) ICP: 6.599688857459878
Add Score ICP thres: 6.599688857459878
Add Score ICP thres (xyz direction): 0.0
Add-S Score ICP: 1.0
Error [cm]: 4.02799418476564
Error [deg]: 103.88019351147724
T_gt (Ground Truth Transformation):
[[-3.12270040e-01 -9.43730800e-01  1.10189220e-01  1.11504926e+01]
 [-6.60869590e-01  1.32347070e-01 -7.38874670e-01 -1.30649763e+01]
 [ 6.82668810e-01 -3.03502960e-01 -6.64948460e-01  1.36137319e+02]
 [ 0.00000000e+00  0.00000000e+00  0.00000000e+00  1.00000000e+00]]
T_pred (Predicted Transformation):
[[-8.07426150e-01  5.89968653e-01  3.06952942e-17  9.22057495e+00]
 [ 4.91567556e-01  6.72755234e-01 -5.52957261e-01 -1.67475904e+01]
 [-3.26227451e-01 -4.46472153e-01 -8.33209618e-01  1.37307885e+02]
 [ 0.00000000e+00  0.00000000e+00  0.00000000e+00  1.00000000e+00]]
T_pred_ICP (Predicted Transformation from ICP):
[[-8.52952129e-01  5.16758294e-01 -7.37124908e-02  9.48047909e+00]
 [ 4.50543974e-01  6.57519156e-01 -6.03886319e-01 -1.63777386e+01]
 [-2.63595889e-01 -5.48296840e-01 -7.93654700e-01  1.37706203e+02]
 [ 0.00000000e+00  0.00000000e+00  0.00000000e+00  1.00000000e+00]]
