Object ID: 8
Inlier ration of P_pred: 0.7535714507102966
Num. of correspondences: 560
Avg. Euclidean Distance (ADD) [cm]: 1.8323196791106326
Add Score thres: 1
Add Score thres (xyz direction): 1.0
Add-S Score: 1.0
Avg. Euclidean Distance (ADD) ICP: 0.0007113767611868499
Add Score ICP thres: 0.0007113767611868499
Add Score ICP thres (xyz direction): 1.0
Add-S Score ICP: 1.0
Error [cm]: 0.00012054514487448585
Error [deg]: 0.0
T_gt (Ground Truth Transformation):
[[ 9.91094970e-01 -7.93667400e-02  1.07662640e-01  1.80425606e+00]
 [-6.47438000e-03 -8.32517870e-01 -5.54148430e-01 -2.53590070e+01]
 [ 1.33600600e-01  5.48474650e-01 -8.25528720e-01  9.41487228e+01]
 [ 0.00000000e+00  0.00000000e+00  0.00000000e+00  1.00000000e+00]]
T_pred (Predicted Transformation):
[[ 9.62465578e-01 -2.70016150e-01 -2.74096559e-02  8.53985997e-01]
 [-2.36624995e-01 -7.85378868e-01 -5.72004061e-01 -2.63192077e+01]
 [ 1.32923370e-01  5.57020029e-01 -8.19792697e-01  9.39005236e+01]
 [ 0.00000000e+00  0.00000000e+00  0.00000000e+00  1.00000000e+00]]
T_pred_ICP (Predicted Transformation from ICP):
[[ 9.91015637e-01 -7.93651034e-02  1.07653091e-01  1.80418447e+00]
 [-6.47296987e-03 -8.32424532e-01 -5.54100622e-01 -2.53590464e+01]
 [ 1.33589327e-01  5.48425546e-01 -8.25459455e-01  9.41486342e+01]
 [ 0.00000000e+00  0.00000000e+00  0.00000000e+00  1.00000000e+00]]
