Object ID: 6
Inlier ration of P_pred: 0.4074999988079071
Num. of correspondences: 400
Avg. Euclidean Distance (ADD) [cm]: 1.0087226347432556
Add Score thres: 1
Add Score thres (xyz direction): 1.0
Add-S Score: 1.0
Avg. Euclidean Distance (ADD) ICP: 0.00014948904996954236
Add Score ICP thres: 0.00014948904996954236
Add Score ICP thres (xyz direction): 1.0
Add-S Score ICP: 1.0
Error [cm]: 4.6154661344322275e-05
Error [deg]: 0.0
T_gt (Ground Truth Transformation):
[[-4.81973040e-01 -8.74912740e-01 -4.79694200e-02 -4.39053031e+00]
 [-6.98212190e-01  4.16562550e-01 -5.82269070e-01 -3.72717596e+01]
 [ 5.29411950e-01 -2.47124760e-01 -8.11614970e-01  1.29294179e+02]
 [ 0.00000000e+00  0.00000000e+00  0.00000000e+00  1.00000000e+00]]
T_pred (Predicted Transformation):
[[ -0.41223621  -0.90053167   0.13821727  -3.97328527]
 [ -0.85727466   0.33204107  -0.39348303 -36.66110919]
 [  0.30845012  -0.28069811  -0.90888233 128.80484302]
 [  0.           0.           0.           1.        ]]
T_pred_ICP (Predicted Transformation from ICP):
[[-4.81952882e-01 -8.74882679e-01 -4.79762202e-02 -4.39053214e+00]
 [-6.98191765e-01  4.16547006e-01 -5.82251536e-01 -3.72717391e+01]
 [ 5.29386135e-01 -2.47121204e-01 -8.11591912e-01  1.29294220e+02]
 [ 0.00000000e+00  0.00000000e+00  0.00000000e+00  1.00000000e+00]]
