Object ID: 5
Inlier ration of P_pred: 0.06593406945466995
Num. of correspondences: 91
Avg. Euclidean Distance (ADD) [cm]: 10.222877320545447
Add Score thres: 0
Add Score thres (xyz direction): 0.0
Add-S Score: 1.0
Avg. Euclidean Distance (ADD) ICP: 10.21686963116406
Add Score ICP thres: 10.21686963116406
Add Score ICP thres (xyz direction): 0.0
Add-S Score ICP: 1.0
Error [cm]: 6.147894049271497
Error [deg]: 108.311511175511
T_gt (Ground Truth Transformation):
[[ 6.62828440e-01  6.94018220e-01 -2.81120400e-01 -8.76983013e+00]
 [ 1.06539660e-01 -4.59031290e-01 -8.82032200e-01 -1.85531834e+01]
 [-7.41173760e-01  5.54672170e-01 -3.78189220e-01  1.08847358e+02]
 [ 0.00000000e+00  0.00000000e+00  0.00000000e+00  1.00000000e+00]]
T_pred (Predicted Transformation):
[[-3.04829027e-01  3.07655222e-01 -9.01347618e-01 -1.46512523e+01]
 [ 9.43691856e-01 -3.01695170e-02 -3.29447235e-01 -1.75642956e+01]
 [-1.28549384e-01 -9.51019487e-01 -2.81135183e-01  1.10083706e+02]
 [ 0.00000000e+00  0.00000000e+00  0.00000000e+00  1.00000000e+00]]
T_pred_ICP (Predicted Transformation from ICP):
[[-2.91836617e-01  3.17049353e-01 -9.02391875e-01 -1.46959093e+01]
 [ 9.46051823e-01 -4.31756117e-02 -3.21125856e-01 -1.74710744e+01]
 [-1.40774066e-01 -9.47425762e-01 -2.87344894e-01  1.10075050e+02]
 [ 0.00000000e+00  0.00000000e+00  0.00000000e+00  1.00000000e+00]]
