Object ID: 12
Inlier ration of P_pred: 0.43283581733703613
Num. of correspondences: 67
Avg. Euclidean Distance (ADD) [cm]: 7.769506788072117
Add Score thres: 0
Add Score thres (xyz direction): 0.0
Add-S Score: 1.0
Avg. Euclidean Distance (ADD) ICP: 7.736552134692069
Add Score ICP thres: 7.736552134692069
Add Score ICP thres (xyz direction): 0.0
Add-S Score ICP: 1.0
Error [cm]: 0.8379820174703166
Error [deg]: 149.15772104926668
T_gt (Ground Truth Transformation):
[[ 0.304999  0.92224  -0.238939 32.5423  ]
 [ 0.514285 -0.370577 -0.77383  11.9591  ]
 [-0.801955  0.113105 -0.587119 83.6168  ]
 [ 0.        0.        0.        1.      ]]
T_pred (Predicted Transformation):
[[ 7.40402033e-02 -9.92107868e-01 -1.01193019e-01  3.28817567e+01]
 [-9.97226821e-01 -7.44222266e-02  0.00000000e+00  1.25749623e+01]
 [-7.53100981e-03  1.00912393e-01 -9.94866812e-01  8.30613126e+01]
 [ 0.00000000e+00  0.00000000e+00  0.00000000e+00  1.00000000e+00]]
T_pred_ICP (Predicted Transformation from ICP):
[[ 1.05363999e-01 -9.87297224e-01 -1.18922747e-01  3.29115823e+01]
 [-9.94381536e-01 -1.03377219e-01 -2.27708686e-02  1.25992251e+01]
 [ 1.01877125e-02  1.20653813e-01 -9.92642367e-01  8.32217249e+01]
 [ 0.00000000e+00  0.00000000e+00  0.00000000e+00  1.00000000e+00]]
