Object ID: 12
Inlier ration of P_pred: 0.09293679893016815
Num. of correspondences: 269
Avg. Euclidean Distance (ADD) [cm]: 4.029331710214527
Add Score thres: 0
Add Score thres (xyz direction): 0.3333333333333333
Add-S Score: 1.0
Avg. Euclidean Distance (ADD) ICP: 4.024561275655099
Add Score ICP thres: 4.024561275655099
Add Score ICP thres (xyz direction): 0.3333333333333333
Add-S Score ICP: 1.0
Error [cm]: 3.412847600729731
Error [deg]: 26.265472764730756
T_gt (Ground Truth Transformation):
[[-7.40368160e-01  4.40563980e-01 -5.08998930e-01 -5.73982448e-01]
 [ 6.73078190e-01  4.72718780e-01 -5.69922090e-01  4.73880054e+00]
 [-1.04337000e-02 -7.64007460e-01 -6.46042230e-01  9.24935616e+01]
 [ 0.00000000e+00  0.00000000e+00  0.00000000e+00  1.00000000e+00]]
T_pred (Predicted Transformation):
[[-4.36952450e-01  7.31869605e-01 -5.22914369e-01  1.58551055e+00]
 [ 8.99055385e-01  3.73316030e-01 -2.28767472e-01  2.14414824e+00]
 [ 2.77843562e-02 -5.70089487e-01 -8.21112664e-01  9.25742488e+01]
 [ 0.00000000e+00  0.00000000e+00  0.00000000e+00  1.00000000e+00]]
T_pred_ICP (Predicted Transformation from ICP):
[[-4.22080162e-01  7.41130811e-01 -5.22085680e-01  1.67883144e+00]
 [ 9.06114012e-01  3.26858214e-01 -2.68553728e-01  2.18305266e+00]
 [-2.83854491e-02 -5.86420352e-01 -8.09509381e-01  9.26948352e+01]
 [ 0.00000000e+00  0.00000000e+00  0.00000000e+00  1.00000000e+00]]
