Object ID: 11
Inlier ration of P_pred: 0.24909746646881104
Num. of correspondences: 277
Avg. Euclidean Distance (ADD) [cm]: 5.648660376726346
Add Score thres: 0
Add Score thres (xyz direction): 0.3333333333333333
Add-S Score: 1.0
Avg. Euclidean Distance (ADD) ICP: 5.696995595020188
Add Score ICP thres: 5.696995595020188
Add Score ICP thres (xyz direction): 0.3333333333333333
Add-S Score ICP: 1.0
Error [cm]: 3.3471394531235283
Error [deg]: 180.0
T_gt (Ground Truth Transformation):
[[ 4.64847260e-01  8.82633180e-01 -7.19135100e-02  1.87991723e+00]
 [ 8.26657300e-01 -4.61640370e-01 -3.22134410e-01 -1.72130374e+01]
 [-3.17486640e-01  9.02782100e-02 -9.44042710e-01  8.03430720e+01]
 [ 0.00000000e+00  0.00000000e+00  0.00000000e+00  1.00000000e+00]]
T_pred (Predicted Transformation):
[[-6.11292254e-01 -7.90501874e-01 -3.77964014e-02  3.02167675e+00]
 [-7.70575875e-01  6.05409340e-01 -1.99229397e-01 -1.41454313e+01]
 [ 1.80373506e-01 -9.26623920e-02 -9.79223713e-01  7.99574503e+01]
 [ 0.00000000e+00  0.00000000e+00  0.00000000e+00  1.00000000e+00]]
T_pred_ICP (Predicted Transformation from ICP):
[[-4.70974552e-01 -8.77701218e-01 -8.84507985e-02  2.78588375e+00]
 [-8.33642682e-01  4.75625424e-01 -2.80749595e-01 -1.40580541e+01]
 [ 2.88483710e-01 -5.84895536e-02 -9.55696668e-01  7.96883602e+01]
 [ 0.00000000e+00  0.00000000e+00  0.00000000e+00  1.00000000e+00]]
