Object ID: 5
Inlier ration of P_pred: 0.9672130942344666
Num. of correspondences: 305
Avg. Euclidean Distance (ADD) [cm]: 1.4709861442610606
Add Score thres: 1
Add Score thres (xyz direction): 1.0
Add-S Score: 1.0
Avg. Euclidean Distance (ADD) ICP: 0.8543255217109363
Add Score ICP thres: 0.8543255217109363
Add Score ICP thres (xyz direction): 1.0
Add-S Score ICP: 1.0
Error [cm]: 0.597569965183345
Error [deg]: 6.052885392911122
T_gt (Ground Truth Transformation):
[[ 9.57039400e-01  2.89454300e-01  1.80051400e-02 -9.16676258e+00]
 [ 1.83259420e-01 -5.55467650e-01 -8.11118770e-01 -1.40704341e+01]
 [-2.24773900e-01  7.79553820e-01 -5.84636620e-01  8.06696505e+01]
 [ 0.00000000e+00  0.00000000e+00  0.00000000e+00  1.00000000e+00]]
T_pred (Predicted Transformation):
[[ 9.91830550e-01  1.22739750e-01 -3.47435344e-02 -9.04449784e+00]
 [ 3.54129380e-02 -5.26594319e-01 -8.49378800e-01 -1.36429456e+01]
 [-1.22548290e-01  8.41209472e-01 -5.26638909e-01  7.96128554e+01]
 [ 0.00000000e+00  0.00000000e+00  0.00000000e+00  1.00000000e+00]]
T_pred_ICP (Predicted Transformation from ICP):
[[ 9.69721840e-01  2.41853367e-01 -3.38600244e-02 -9.00457926e+00]
 [ 9.77751973e-02 -5.11550089e-01 -8.53672371e-01 -1.38558402e+01]
 [-2.23784636e-01  8.24514072e-01 -5.19708555e-01  8.01360441e+01]
 [ 0.00000000e+00  0.00000000e+00  0.00000000e+00  1.00000000e+00]]
