Object ID: 6
Inlier ration of P_pred: 0.45933014154434204
Num. of correspondences: 209
Avg. Euclidean Distance (ADD) [cm]: 1.8256440855297258
Add Score thres: 0
Add Score thres (xyz direction): 1.0
Add-S Score: 1.0
Avg. Euclidean Distance (ADD) ICP: 1.687708884739733
Add Score ICP thres: 1.687708884739733
Add Score ICP thres (xyz direction): 1.0
Add-S Score ICP: 1.0
Error [cm]: 0.9732110636723593
Error [deg]: 20.22942208556411
T_gt (Ground Truth Transformation):
[[ 3.29864440e-01 -9.16588270e-01 -2.26523260e-01  8.04947995e+00]
 [-4.86304180e-01  4.06772900e-02 -8.72959920e-01 -7.33670507e+00]
 [ 8.09318670e-01  3.98080950e-01 -4.32277870e-01  1.23025252e+02]
 [ 0.00000000e+00  0.00000000e+00  0.00000000e+00  1.00000000e+00]]
T_pred (Predicted Transformation):
[[ 2.79603385e-02 -9.74670404e-01 -2.21891469e-01  8.54629995e+00]
 [-6.40957059e-01  1.52857760e-01 -7.52202469e-01 -6.51315180e+00]
 [ 7.67067317e-01  1.63254739e-01 -6.20447920e-01  1.23675321e+02]
 [ 0.00000000e+00  0.00000000e+00  0.00000000e+00  1.00000000e+00]]
T_pred_ICP (Predicted Transformation from ICP):
[[ 2.08750314e-02 -9.77847642e-01 -2.08274391e-01  8.49811551e+00]
 [-6.38675406e-01  1.47230348e-01 -7.55259526e-01 -6.55956159e+00]
 [ 7.69193057e-01  1.48785798e-01 -6.21453801e-01  1.23401966e+02]
 [ 0.00000000e+00  0.00000000e+00  0.00000000e+00  1.00000000e+00]]
