Object ID: 12
Inlier ration of P_pred: 0.17391304671764374
Num. of correspondences: 23
Avg. Euclidean Distance (ADD) [cm]: 2.750726466704721
Add Score thres: 0
Add Score thres (xyz direction): 0.3333333333333333
Add-S Score: 1.0
Avg. Euclidean Distance (ADD) ICP: 2.6013735253150347
Add Score ICP thres: 2.6013735253150347
Add Score ICP thres (xyz direction): 0.3333333333333333
Add-S Score ICP: 1.0
Error [cm]: 2.437347537910275
Error [deg]: 13.151068917925686
T_gt (Ground Truth Transformation):
[[-0.938735  -0.334044   0.0849707  8.55011  ]
 [-0.224639   0.405953  -0.88587   -3.72708  ]
 [ 0.26142   -0.850676  -0.456115  84.1081   ]
 [ 0.         0.         0.         1.       ]]
T_pred (Predicted Transformation):
[[-8.29436209e-01 -5.56007308e-01  5.37721911e-02  9.29440581e+00]
 [-2.81677478e-01  3.33177208e-01 -8.99805949e-01 -2.07606466e+00]
 [ 4.82383015e-01 -7.61478051e-01 -4.32963977e-01  8.22864426e+01]
 [ 0.00000000e+00  0.00000000e+00  0.00000000e+00  1.00000000e+00]]
T_pred_ICP (Predicted Transformation from ICP):
[[-0.84096098 -0.53426244  0.08572205  9.18420443]
 [-0.29431471  0.31870356 -0.90100327 -2.06687799]
 [ 0.45405229 -0.78293785 -0.42525855 82.44007225]
 [ 0.          0.          0.          1.        ]]
