Object ID: 12
Inlier ration of P_pred: 0.843137264251709
Num. of correspondences: 51
Avg. Euclidean Distance (ADD) [cm]: 0.9413880739478481
Add Score thres: 1
Add Score thres (xyz direction): 1.0
Add-S Score: 1.0
Avg. Euclidean Distance (ADD) ICP: 0.0031364260470342904
Add Score ICP thres: 0.0031364260470342904
Add Score ICP thres (xyz direction): 1.0
Add-S Score ICP: 1.0
Error [cm]: 0.000612889546491817
Error [deg]: 0.0
T_gt (Ground Truth Transformation):
[[-9.54523430e-01  2.60433430e-01 -1.49540350e-01 -6.00121652e+00]
 [ 2.99991950e-01  8.04817480e-01 -5.13415110e-01 -6.40512534e+00]
 [-1.33208500e-02 -5.34518840e-01 -8.45756100e-01  1.03536614e+02]
 [ 0.00000000e+00  0.00000000e+00  0.00000000e+00  1.00000000e+00]]
T_pred (Predicted Transformation):
[[-9.62642428e-01  2.69760946e-01 -2.34219579e-02 -5.41729708e+00]
 [ 2.25795823e-01  7.51981651e-01 -6.19305936e-01 -6.17682868e+00]
 [-1.49451672e-01 -6.01458750e-01 -7.84800337e-01  1.03947009e+02]
 [ 0.00000000e+00  0.00000000e+00  0.00000000e+00  1.00000000e+00]]
T_pred_ICP (Predicted Transformation from ICP):
[[-9.53906635e-01  2.60247816e-01 -1.49442984e-01 -6.00083186e+00]
 [ 2.99807647e-01  8.04298449e-01 -5.13049101e-01 -6.40477698e+00]
 [-1.33231481e-02 -5.34205091e-01 -8.45249913e-01  1.03536940e+02]
 [ 0.00000000e+00  0.00000000e+00  0.00000000e+00  1.00000000e+00]]
