Object ID: 5
Inlier ration of P_pred: 0.24193547666072845
Num. of correspondences: 558
Avg. Euclidean Distance (ADD) [cm]: 9.324089452478487
Add Score thres: 0
Add Score thres (xyz direction): 0.0
Add-S Score: 1.0
Avg. Euclidean Distance (ADD) ICP: 9.35570825883061
Add Score ICP thres: 9.35570825883061
Add Score ICP thres (xyz direction): 0.0
Add-S Score ICP: 1.0
Error [cm]: 1.3916532049500534
Error [deg]: 140.49923363873936
T_gt (Ground Truth Transformation):
[[ 2.80343080e-01 -9.60023700e-01 -4.64916000e-03  9.49751711e+00]
 [-8.57214150e-01 -2.48135030e-01 -4.51553610e-01 -1.89891640e+01]
 [ 4.32305230e-01  1.30545760e-01 -8.92390710e-01  8.01886208e+01]
 [ 0.00000000e+00  0.00000000e+00  0.00000000e+00  1.00000000e+00]]
T_pred (Predicted Transformation):
[[  0.42513991   0.89480165   0.13633072   8.24557156]
 [  0.78682926  -0.29090986  -0.54430797 -19.2063849 ]
 [ -0.44738772   0.33867604  -0.82773351  80.84263125]
 [  0.           0.           0.           1.        ]]
T_pred_ICP (Predicted Transformation from ICP):
[[  0.400664     0.90476673   0.14444906   8.20677928]
 [  0.79420336  -0.26435003  -0.54713808 -19.245113  ]
 [ -0.45684721   0.33394046  -0.82448432  80.64159392]
 [  0.           0.           0.           1.        ]]
