Object ID: 12
Inlier ration of P_pred: 0.0
Num. of correspondences: 390
Avg. Euclidean Distance (ADD) [cm]: 7.157295188478915
Add Score thres: 0
Add Score thres (xyz direction): 0.0
Add-S Score: 1.0
Avg. Euclidean Distance (ADD) ICP: 7.071084350962897
Add Score ICP thres: 7.071084350962897
Add Score ICP thres (xyz direction): 0.0
Add-S Score ICP: 1.0
Error [cm]: 4.1251527068962215
Error [deg]: 100.48980987366465
T_gt (Ground Truth Transformation):
[[ 9.92235e-01  6.58418e-02 -1.08795e-01 -2.35688e+01]
 [-1.02386e-01 -9.38590e-02 -9.90618e-01  7.21764e+00]
 [-7.54066e-02  9.93736e-01 -8.63419e-02  8.84995e+01]
 [ 0.00000e+00  0.00000e+00  0.00000e+00  1.00000e+00]]
T_pred (Predicted Transformation):
[[ 8.18499963e-02 -9.96195271e-01  2.99259041e-02 -2.27900908e+01]
 [-9.17889126e-01 -8.70468925e-02 -3.87172302e-01  1.04121458e+01]
 [ 3.88304174e-01  4.22138958e-03 -9.21521594e-01  8.59242871e+01]
 [ 0.00000000e+00  0.00000000e+00  0.00000000e+00  1.00000000e+00]]
T_pred_ICP (Predicted Transformation from ICP):
[[ 1.01088151e-01 -9.94850191e-01  7.36768185e-03 -2.27037078e+01]
 [-9.01493252e-01 -9.47294875e-02 -4.22298757e-01  1.03936468e+01]
 [ 4.20821936e-01  3.60474849e-02 -9.06426763e-01  8.60132416e+01]
 [ 0.00000000e+00  0.00000000e+00  0.00000000e+00  1.00000000e+00]]
