Object ID: 11
Inlier ration of P_pred: 0.3544303774833679
Num. of correspondences: 158
Avg. Euclidean Distance (ADD) [cm]: 4.347746861597873
Add Score thres: 0
Add Score thres (xyz direction): 0.3333333333333333
Add-S Score: 1.0
Avg. Euclidean Distance (ADD) ICP: 4.433602482722418
Add Score ICP thres: 4.433602482722418
Add Score ICP thres (xyz direction): 0.0
Add-S Score ICP: 1.0
Error [cm]: 1.5869074306811801
Error [deg]: 110.56831087977412
T_gt (Ground Truth Transformation):
[[  0.92639247  -0.34031969  -0.16122025 -19.88932277]
 [ -0.32889123  -0.52266814  -0.78656346   7.97522773]
 [  0.18342569   0.78168813  -0.59611542  69.65157772]
 [  0.           0.           0.           1.        ]]
T_pred (Predicted Transformation):
[[ 2.40116319e-01  9.70719242e-01  6.95030643e-03 -2.08422562e+01]
 [ 4.24301459e-01 -9.85098521e-02 -9.00146700e-01  9.71330134e+00]
 [-8.73105048e-01  2.19088937e-01 -4.35531414e-01  6.92287083e+01]
 [ 0.00000000e+00  0.00000000e+00  0.00000000e+00  1.00000000e+00]]
T_pred_ICP (Predicted Transformation from ICP):
[[-1.29085028e-02  9.99848019e-01 -1.17179195e-02 -2.03769710e+01]
 [ 4.57679913e-01 -4.51119092e-03 -8.89105588e-01  9.45530096e+00]
 [-8.89023322e-01 -1.68400784e-02 -4.57552122e-01  6.93518152e+01]
 [ 0.00000000e+00  0.00000000e+00  0.00000000e+00  1.00000000e+00]]
