Object ID: 8
Inlier ration of P_pred: 0.2566964328289032
Num. of correspondences: 448
Avg. Euclidean Distance (ADD) [cm]: 10.291575421716125
Add Score thres: 0
Add Score thres (xyz direction): 0.0
Add-S Score: 1.0
Avg. Euclidean Distance (ADD) ICP: 10.326056831430716
Add Score ICP thres: 10.326056831430716
Add Score ICP thres (xyz direction): 0.0
Add-S Score ICP: 1.0
Error [cm]: 1.1856563224898788
Error [deg]: 165.78037193342476
T_gt (Ground Truth Transformation):
[[-5.72288320e-01  7.36801020e-01 -3.60409070e-01 -3.46248017e+00]
 [ 5.44769630e-01  1.28837700e-02 -8.38658200e-01  9.87019417e-01]
 [-6.13209300e-01 -6.76184590e-01 -4.08675350e-01  1.06852985e+02]
 [ 0.00000000e+00  0.00000000e+00  0.00000000e+00  1.00000000e+00]]
T_pred (Predicted Transformation):
[[ 7.31557822e-01 -4.63732574e-01 -4.99775203e-01 -3.25374200e+00]
 [-5.64191101e-01 -2.19766440e-04 -8.25644205e-01  1.85701516e+00]
 [ 3.82768279e-01  8.85975198e-01 -2.61794563e-01  1.06035245e+02]
 [ 0.00000000e+00  0.00000000e+00  0.00000000e+00  1.00000000e+00]]
T_pred_ICP (Predicted Transformation from ICP):
[[ 7.18095345e-01 -4.84925957e-01 -4.99185228e-01 -3.39027645e+00]
 [-5.60417572e-01  2.23668337e-02 -8.27908129e-01  1.77038244e+00]
 [ 4.12639335e-01  8.74269147e-01 -2.55699508e-01  1.05965905e+02]
 [ 0.00000000e+00  0.00000000e+00  0.00000000e+00  1.00000000e+00]]
