Object ID: 8
Inlier ration of P_pred: 0.006849315017461777
Num. of correspondences: 292
Avg. Euclidean Distance (ADD) [cm]: 11.613640098829
Add Score thres: 0
Add Score thres (xyz direction): 0.0
Add-S Score: 1.0
Avg. Euclidean Distance (ADD) ICP: 11.586627023297853
Add Score ICP thres: 11.586627023297853
Add Score ICP thres (xyz direction): 0.0
Add-S Score ICP: 1.0
Error [cm]: 3.446275550945179
Error [deg]: 153.7894520856586
T_gt (Ground Truth Transformation):
[[ 2.24951530e-01  9.74137540e-01 -3.39382700e-02 -1.31755584e+01]
 [-1.76243000e-03 -3.44313900e-02 -9.99680140e-01  1.95797348e+01]
 [-9.74725870e-01  2.24874850e-01 -6.03092000e-03  1.15036138e+02]
 [ 0.00000000e+00  0.00000000e+00  0.00000000e+00  1.00000000e+00]]
T_pred (Predicted Transformation):
[[ -0.11474918  -0.75322608  -0.64767514 -13.92615307]
 [ -0.81099463   0.44755388  -0.37680663  16.88625937]
 [  0.57369011   0.48202281  -0.66221875 112.92737484]
 [  0.           0.           0.           1.        ]]
T_pred_ICP (Predicted Transformation from ICP):
[[-9.63847889e-02 -7.42598209e-01 -6.62765322e-01 -1.38972585e+01]
 [-8.27767666e-01  4.29568720e-01 -3.60931302e-01  1.69212104e+01]
 [ 5.52730190e-01  5.13827417e-01 -6.56102677e-01  1.12965338e+02]
 [ 0.00000000e+00  0.00000000e+00  0.00000000e+00  1.00000000e+00]]
