Object ID: 6
Inlier ration of P_pred: 0.7437070608139038
Num. of correspondences: 437
Avg. Euclidean Distance (ADD) [cm]: 1.9619738811943408
Add Score thres: 0
Add Score thres (xyz direction): 1.0
Add-S Score: 1.0
Avg. Euclidean Distance (ADD) ICP: 1.9080049188116637
Add Score ICP thres: 1.9080049188116637
Add Score ICP thres (xyz direction): 1.0
Add-S Score ICP: 1.0
Error [cm]: 1.4653827938961033
Error [deg]: 21.203901976936763
T_gt (Ground Truth Transformation):
[[  0.61095612  -0.7791205   -0.14125342  11.53389577]
 [ -0.46195764  -0.20587971  -0.86280957   7.26698797]
 [  0.64313766   0.59232013  -0.48563549 132.05657452]
 [  0.           0.           0.           1.        ]]
T_pred (Predicted Transformation):
[[ 3.41452770e-01 -9.38227288e-01 -5.60317885e-02  1.16246284e+01]
 [-3.32418877e-01 -6.47868728e-02 -9.40904007e-01  8.57586342e+00]
 [ 8.79151691e-01  3.39900304e-01 -3.34006119e-01  1.31319709e+02]
 [ 0.00000000e+00  0.00000000e+00  0.00000000e+00  1.00000000e+00]]
T_pred_ICP (Predicted Transformation from ICP):
[[ 3.49151284e-01 -9.35796893e-01 -4.87601824e-02  1.15713596e+01]
 [-3.41388337e-01 -7.85702516e-02 -9.36632649e-01  8.56977041e+00]
 [ 8.72666823e-01  3.43672649e-01 -3.46903050e-01  1.31386723e+02]
 [ 0.00000000e+00  0.00000000e+00  0.00000000e+00  1.00000000e+00]]
