Object ID: 5
Inlier ration of P_pred: 0.9334297776222229
Num. of correspondences: 691
Avg. Euclidean Distance (ADD) [cm]: 2.192308792912297
Add Score thres: 0
Add Score thres (xyz direction): 1.0
Add-S Score: 1.0
Avg. Euclidean Distance (ADD) ICP: 2.037584101425259
Add Score ICP thres: 2.037584101425259
Add Score ICP thres (xyz direction): 1.0
Add-S Score ICP: 1.0
Error [cm]: 1.4629786504098907
Error [deg]: 14.444424479321265
T_gt (Ground Truth Transformation):
[[  0.825915     0.54885728   0.12904906 -10.93675407]
 [  0.41810283  -0.44264314  -0.79328268  -7.09692161]
 [ -0.37826703   0.70912309  -0.59505164  83.06628324]
 [  0.           0.           0.           1.        ]]
T_pred (Predicted Transformation):
[[ 7.16873756e-01  6.94195806e-01 -6.46853910e-02 -9.83495637e+00]
 [ 3.41664744e-01 -4.30663548e-01 -8.35340715e-01 -6.78323705e+00]
 [-6.07747662e-01  5.76733119e-01 -5.45913628e-01  8.20585771e+01]
 [ 0.00000000e+00  0.00000000e+00  0.00000000e+00  1.00000000e+00]]
T_pred_ICP (Predicted Transformation from ICP):
[[ 7.27783846e-01  6.84588565e-01 -4.08554840e-02 -9.85912551e+00]
 [ 3.45145046e-01 -4.17099099e-01 -8.40775380e-01 -6.89865681e+00]
 [-5.92625996e-01  5.97801671e-01 -5.39840338e-01  8.20968946e+01]
 [ 0.00000000e+00  0.00000000e+00  0.00000000e+00  1.00000000e+00]]
