Object ID: 5
Inlier ration of P_pred: 0.7473958730697632
Num. of correspondences: 768
Avg. Euclidean Distance (ADD) [cm]: 1.5417639220669055
Add Score thres: 1
Add Score thres (xyz direction): 1.0
Add-S Score: 1.0
Avg. Euclidean Distance (ADD) ICP: 1.4375687640272035
Add Score ICP thres: 1.4375687640272035
Add Score ICP thres (xyz direction): 1.0
Add-S Score ICP: 1.0
Error [cm]: 0.5480885897196052
Error [deg]: 11.491708227107658
T_gt (Ground Truth Transformation):
[[  0.93775739   0.26799755   0.22095696 -14.33876061]
 [  0.28701289  -0.23959884  -0.92750016  -3.28527257]
 [ -0.19562108   0.93316834  -0.30159334 101.37899494]
 [  0.           0.           0.           1.        ]]
T_pred (Predicted Transformation):
[[ 9.53992158e-01  2.18644449e-01  2.05167171e-01 -1.49756564e+01]
 [ 2.28582909e-01 -8.75402596e-02 -9.69580609e-01 -2.56066410e+00]
 [-1.94033031e-01  9.71870006e-01 -1.33491105e-01  1.01282360e+02]
 [ 0.00000000e+00  0.00000000e+00  0.00000000e+00  1.00000000e+00]]
T_pred_ICP (Predicted Transformation from ICP):
[[ 9.58117557e-01  2.26636047e-01  1.75062416e-01 -1.45752870e+01]
 [ 1.95725482e-01 -7.19863222e-02 -9.78013039e-01 -2.80191055e+00]
 [-2.09050909e-01  9.71315640e-01 -1.13329809e-01  1.01274988e+02]
 [ 0.00000000e+00  0.00000000e+00  0.00000000e+00  1.00000000e+00]]
