Object ID: 12
Inlier ration of P_pred: 0.46202531456947327
Num. of correspondences: 632
Avg. Euclidean Distance (ADD) [cm]: 5.3017127413043
Add Score thres: 0
Add Score thres (xyz direction): 0.0
Add-S Score: 1.0
Avg. Euclidean Distance (ADD) ICP: 5.234279527395428
Add Score ICP thres: 5.234279527395428
Add Score ICP thres (xyz direction): 0.0
Add-S Score ICP: 1.0
Error [cm]: 1.1091674111564107
Error [deg]: 69.44973899466078
T_gt (Ground Truth Transformation):
[[-5.35313160e-01  8.32509290e-01 -1.47259980e-01  2.46126552e+00]
 [ 8.40902880e-01  5.06310770e-01 -1.94444640e-01  1.27448191e+01]
 [-8.72426700e-02 -2.27695420e-01 -9.70447300e-01  8.90216148e+01]
 [ 0.00000000e+00  0.00000000e+00  0.00000000e+00  1.00000000e+00]]
T_pred (Predicted Transformation):
[[-8.74520295e-01 -2.35959541e-01 -4.23718479e-01  2.47012403e+00]
 [-1.39112252e-02  8.85511023e-01 -4.64410063e-01  1.35868899e+01]
 [ 4.84789369e-01 -4.00241582e-01 -7.77679847e-01  8.83370713e+01]
 [ 0.00000000e+00  0.00000000e+00  0.00000000e+00  1.00000000e+00]]
T_pred_ICP (Predicted Transformation from ICP):
[[-8.78293402e-01 -2.17004828e-01 -4.26039440e-01  2.30109403e+00]
 [ 8.67288403e-03  8.83690814e-01 -4.67990734e-01  1.36705367e+01]
 [ 4.78043388e-01 -4.14728164e-01 -7.74257753e-01  8.84320011e+01]
 [ 0.00000000e+00  0.00000000e+00  0.00000000e+00  1.00000000e+00]]
