Object ID: 6
Inlier ration of P_pred: 0.7883597612380981
Num. of correspondences: 567
Avg. Euclidean Distance (ADD) [cm]: 3.2520690630677778
Add Score thres: 0
Add Score thres (xyz direction): 0.3333333333333333
Add-S Score: 1.0
Avg. Euclidean Distance (ADD) ICP: 3.122208946605532
Add Score ICP thres: 3.122208946605532
Add Score ICP thres (xyz direction): 0.3333333333333333
Add-S Score ICP: 1.0
Error [cm]: 1.5336748873592678
Error [deg]: 50.83039806489287
T_gt (Ground Truth Transformation):
[[-4.89306320e-01 -8.68691390e-01  7.76534700e-02 -7.15999687e+00]
 [-8.61312850e-01  4.67306270e-01 -1.99579850e-01 -4.37282242e+01]
 [ 1.37091730e-01 -1.64521380e-01 -9.76829630e-01  1.07616169e+02]
 [ 0.00000000e+00  0.00000000e+00  0.00000000e+00  1.00000000e+00]]
T_pred (Predicted Transformation):
[[ 3.00526811e-01 -8.76005885e-01  3.77223178e-01 -7.94536591e+00]
 [-9.52624029e-01 -2.56279659e-01  1.63793149e-01 -4.19374969e+01]
 [-4.68091351e-02 -4.08576096e-01 -9.11523164e-01  1.08280594e+02]
 [ 0.00000000e+00  0.00000000e+00  0.00000000e+00  1.00000000e+00]]
T_pred_ICP (Predicted Transformation from ICP):
[[ 2.95620929e-01 -8.62877047e-01  4.09940811e-01 -7.58120205e+00]
 [-9.55295674e-01 -2.68945143e-01  1.22795298e-01 -4.23540482e+01]
 [ 4.29434645e-03 -4.27915544e-01 -9.03808523e-01  1.08151319e+02]
 [ 0.00000000e+00  0.00000000e+00  0.00000000e+00  1.00000000e+00]]
