Object ID: 8
Inlier ration of P_pred: 0.15539008378982544
Num. of correspondences: 3089
Avg. Euclidean Distance (ADD) [cm]: 15.61125313001986
Add Score thres: 0
Add Score thres (xyz direction): 0.0
Add-S Score: 1.0
Avg. Euclidean Distance (ADD) ICP: 15.477858337720686
Add Score ICP thres: 15.477858337720686
Add Score ICP thres (xyz direction): 0.0
Add-S Score ICP: 1.0
Error [cm]: 8.366457110129279
Error [deg]: 164.08567190981515
T_gt (Ground Truth Transformation):
[[ 8.85591420e-01  4.13385390e-01 -2.11929690e-01 -1.71974496e+01]
 [ 2.47806000e-03 -4.60437710e-01 -8.87736740e-01 -8.46461200e+00]
 [-4.64531870e-01  7.85612930e-01 -4.08766280e-01  1.02640241e+02]
 [ 0.00000000e+00  0.00000000e+00  0.00000000e+00  1.00000000e+00]]
T_pred (Predicted Transformation):
[[ 7.35963854e-01  6.65362747e-01  1.25098439e-01 -2.17950339e+01]
 [-1.94415008e-01  3.07066742e-02  9.80438629e-01 -1.32559000e+01]
 [ 6.48505983e-01 -7.45888406e-01  1.51955506e-01  9.74967591e+01]
 [ 0.00000000e+00  0.00000000e+00  0.00000000e+00  1.00000000e+00]]
T_pred_ICP (Predicted Transformation from ICP):
[[ 7.69849784e-01  6.28926755e-01  1.08546978e-01 -2.17787057e+01]
 [-1.68201250e-01  3.58707743e-02  9.85099806e-01 -1.34114825e+01]
 [ 6.15661960e-01 -7.76636610e-01  1.33401374e-01  9.76866393e+01]
 [ 0.00000000e+00  0.00000000e+00  0.00000000e+00  1.00000000e+00]]
