Object ID: 5
Inlier ration of P_pred: 0.17957745492458344
Num. of correspondences: 284
Avg. Euclidean Distance (ADD) [cm]: 12.752547394541423
Add Score thres: 0
Add Score thres (xyz direction): 0.0
Add-S Score: 1.0
Avg. Euclidean Distance (ADD) ICP: 12.744280657581655
Add Score ICP thres: 12.744280657581655
Add Score ICP thres (xyz direction): 0.0
Add-S Score ICP: 1.0
Error [cm]: 4.542900788785485
Error [deg]: 169.9980480705416
T_gt (Ground Truth Transformation):
[[ 9.21533200e-01 -3.87501780e-01 -2.60856300e-02  2.26229998e+01]
 [-3.81134370e-01 -8.89381460e-01 -2.52562660e-01  1.79489905e+00]
 [ 7.46632300e-02  2.42666170e-01 -9.67261440e-01  9.06972620e+01]
 [ 0.00000000e+00  0.00000000e+00  0.00000000e+00  1.00000000e+00]]
T_pred (Predicted Transformation):
[[-5.62046472e-01 -8.27092937e-01 -4.58656886e-03  2.37094453e+01]
 [ 7.26229308e-01 -4.96143923e-01  4.75848925e-01 -6.84347623e-03]
 [-3.95846883e-01  2.64118309e-01  8.79515073e-01  8.66655663e+01]
 [ 0.00000000e+00  0.00000000e+00  0.00000000e+00  1.00000000e+00]]
T_pred_ICP (Predicted Transformation from ICP):
[[-5.63788027e-01 -8.25917581e-01  1.79170900e-03  2.36732345e+01]
 [ 7.24386412e-01 -4.93436385e-01  4.81440401e-01 -4.18587720e-02]
 [-3.96745997e-01  2.72728223e-01  8.76476999e-01  8.66771531e+01]
 [ 0.00000000e+00  0.00000000e+00  0.00000000e+00  1.00000000e+00]]
