Object ID: 8
Inlier ration of P_pred: 0.7244094610214233
Num. of correspondences: 127
Avg. Euclidean Distance (ADD) [cm]: 4.259816230076142
Add Score thres: 0
Add Score thres (xyz direction): 1.0
Add-S Score: 1.0
Avg. Euclidean Distance (ADD) ICP: 4.2505613204109265
Add Score ICP thres: 4.2505613204109265
Add Score ICP thres (xyz direction): 1.0
Add-S Score ICP: 1.0
Error [cm]: 2.9045829912138315
Error [deg]: 24.230307912278157
T_gt (Ground Truth Transformation):
[[ 8.15566610e-01  5.34760450e-01 -2.25523290e-01  2.13565030e+01]
 [ 8.95151500e-02 -5.00298400e-01 -8.62357970e-01 -1.30796987e+01]
 [-5.73385510e-01  6.82368850e-01 -4.55436980e-01  1.05601725e+02]
 [ 0.00000000e+00  0.00000000e+00  0.00000000e+00  1.00000000e+00]]
T_pred (Predicted Transformation):
[[  0.83426548   0.51613884   0.19391185  19.45976846]
 [  0.40455728  -0.33407535  -0.85130903 -14.98558751]
 [ -0.37461249   0.78866619  -0.48751526 104.46120933]
 [  0.           0.           0.           1.        ]]
T_pred_ICP (Predicted Transformation from ICP):
[[  0.83271753   0.51788388   0.19590254  19.45744642]
 [  0.40549913  -0.32947412  -0.85265307 -14.96191887]
 [ -0.37703046   0.78945747  -0.48436034 104.46707337]
 [  0.           0.           0.           1.        ]]
