Object ID: 6
Inlier ration of P_pred: 0.656753420829773
Num. of correspondences: 807
Avg. Euclidean Distance (ADD) [cm]: 1.6499194984896564
Add Score thres: 0
Add Score thres (xyz direction): 1.0
Add-S Score: 1.0
Avg. Euclidean Distance (ADD) ICP: 1.4674336542512825
Add Score ICP thres: 1.4674336542512825
Add Score ICP thres (xyz direction): 1.0
Add-S Score ICP: 1.0
Error [cm]: 0.996307099218357
Error [deg]: 17.81897275119434
T_gt (Ground Truth Transformation):
[[ 3.40389900e-01 -9.36531520e-01 -8.46736100e-02  1.17213288e+01]
 [-9.08838740e-01 -3.04524000e-01 -2.85350880e-01 -2.04700991e+01]
 [ 2.41448190e-01  1.74084150e-01 -9.54731700e-01  1.22116559e+02]
 [ 0.00000000e+00  0.00000000e+00  0.00000000e+00  1.00000000e+00]]
T_pred (Predicted Transformation):
[[ 1.71773053e-01 -9.84059946e-01 -4.60438956e-02  1.09477131e+01]
 [-8.10579782e-01 -1.14619709e-01 -5.74301959e-01 -1.99074593e+01]
 [ 5.59870017e-01  1.35971852e-01 -8.17347674e-01  1.22584903e+02]
 [ 0.00000000e+00  0.00000000e+00  0.00000000e+00  1.00000000e+00]]
T_pred_ICP (Predicted Transformation from ICP):
[[ 1.94038487e-01 -9.79303103e-01 -5.75716755e-02  1.09968398e+01]
 [-8.42233851e-01 -1.36214442e-01 -5.21620328e-01 -1.98487848e+01]
 [ 5.02982312e-01  1.49703233e-01 -8.51233068e-01  1.22402412e+02]
 [ 0.00000000e+00  0.00000000e+00  0.00000000e+00  1.00000000e+00]]
