Object ID: 11
Inlier ration of P_pred: 0.4383172392845154
Num. of correspondences: 1759
Avg. Euclidean Distance (ADD) [cm]: 3.9931320909097554
Add Score thres: 0
Add Score thres (xyz direction): 0.3333333333333333
Add-S Score: 1.0
Avg. Euclidean Distance (ADD) ICP: 3.9389028355277205
Add Score ICP thres: 3.9389028355277205
Add Score ICP thres (xyz direction): 0.3333333333333333
Add-S Score ICP: 1.0
Error [cm]: 1.573470161306985
Error [deg]: 91.62327697501391
T_gt (Ground Truth Transformation):
[[ 9.95238940e-01 -8.25220900e-02 -5.20203400e-02 -2.75505128e+01]
 [-7.33710000e-02 -2.81801770e-01 -9.56678410e-01  1.16338711e+01]
 [ 6.42987500e-02  9.55935830e-01 -2.86509780e-01  6.22468471e+01]
 [ 0.00000000e+00  0.00000000e+00  0.00000000e+00  1.00000000e+00]]
T_pred (Predicted Transformation):
[[ -0.08602054  -0.9660328    0.24368237 -28.62007489]
 [ -0.14474659  -0.22987593  -0.9623957   12.6171256 ]
 [  0.98572252  -0.11805799  -0.1200559   61.73441975]
 [  0.           0.           0.           1.        ]]
T_pred_ICP (Predicted Transformation from ICP):
[[ -0.09891487  -0.97512503   0.19836085 -28.51518078]
 [ -0.14482606  -0.18310882  -0.97236648  12.62936612]
 [  0.98450051  -0.12490932  -0.12311133  61.50239184]
 [  0.           0.           0.           1.        ]]
