Object ID: 12
Inlier ration of P_pred: 0.2361702024936676
Num. of correspondences: 470
Avg. Euclidean Distance (ADD) [cm]: 7.61248619188803
Add Score thres: 0
Add Score thres (xyz direction): 0.0
Add-S Score: 1.0
Avg. Euclidean Distance (ADD) ICP: 7.516936307401364
Add Score ICP thres: 7.516936307401364
Add Score ICP thres (xyz direction): 0.0
Add-S Score ICP: 1.0
Error [cm]: 2.8245327215954013
Error [deg]: 97.41815197876272
T_gt (Ground Truth Transformation):
[[ 9.94906e-01 -5.42543e-02 -8.79058e-02 -2.54852e+00]
 [-9.65231e-02 -1.85050e-01 -9.78207e-01  1.64281e+01]
 [ 3.67930e-02  9.81468e-01 -1.89287e-01  8.37476e+01]
 [ 0.00000e+00  0.00000e+00  0.00000e+00  1.00000e+00]]
T_pred (Predicted Transformation):
[[ 6.58699460e-01  6.81505780e-01 -3.18849327e-01 -2.92077460e+00]
 [ 7.06833239e-01 -7.05735404e-01 -4.82111228e-02  1.34613974e+01]
 [-2.57879417e-01 -1.93616662e-01 -9.46578467e-01  8.35674315e+01]
 [ 0.00000000e+00  0.00000000e+00  0.00000000e+00  1.00000000e+00]]
T_pred_ICP (Predicted Transformation from ICP):
[[ 6.69032968e-01  6.69333749e-01 -3.23090112e-01 -3.00067931e+00]
 [ 6.96198113e-01 -7.16569594e-01 -4.28509633e-02  1.36472545e+01]
 [-2.60198146e-01 -1.96266019e-01 -9.45397575e-01  8.35465146e+01]
 [ 0.00000000e+00  0.00000000e+00  0.00000000e+00  1.00000000e+00]]
