Object ID: 12
Inlier ration of P_pred: 0.0
Num. of correspondences: 87
Avg. Euclidean Distance (ADD) [cm]: 3.645508760439364
Add Score thres: 0
Add Score thres (xyz direction): 0.0
Add-S Score: 1.0
Avg. Euclidean Distance (ADD) ICP: 3.5884088973805577
Add Score ICP thres: 3.5884088973805577
Add Score ICP thres (xyz direction): 0.0
Add-S Score ICP: 1.0
Error [cm]: 0.30267000964255925
Error [deg]: 54.46576576480706
T_gt (Ground Truth Transformation):
[[-4.08912e-01  9.11686e-01  4.11335e-02 -1.11710e+00]
 [ 4.30369e-01  2.32387e-01 -8.72261e-01  1.82712e+01]
 [-8.04767e-01 -3.38964e-01 -4.87374e-01  9.56501e+01]
 [ 0.00000e+00  0.00000e+00  0.00000e+00  1.00000e+00]]
T_pred (Predicted Transformation):
[[ 1.04513217e-01  7.53106642e-01  6.49543973e-01 -1.30538219e+00]
 [-1.30938294e-01  6.57855307e-01 -7.41674834e-01  1.83498624e+01]
 [-9.85866193e-01 -7.53535743e-03  1.67365073e-01  9.56709048e+01]
 [ 0.00000000e+00  0.00000000e+00  0.00000000e+00  1.00000000e+00]]
T_pred_ICP (Predicted Transformation from ICP):
[[ 8.80474293e-02  7.65251617e-01  6.37681436e-01 -1.40094978e+00]
 [-1.31614926e-01  6.43492386e-01 -7.54052425e-01  1.83492436e+01]
 [-9.87382986e-01 -1.75360171e-02  1.57376385e-01  9.57204394e+01]
 [ 0.00000000e+00  0.00000000e+00  0.00000000e+00  1.00000000e+00]]
