Object ID: 12
Inlier ration of P_pred: 0.6819126605987549
Num. of correspondences: 481
Avg. Euclidean Distance (ADD) [cm]: 2.031461738430644
Add Score thres: 0
Add Score thres (xyz direction): 1.0
Add-S Score: 1.0
Avg. Euclidean Distance (ADD) ICP: 1.8512291571153974
Add Score ICP thres: 1.8512291571153974
Add Score ICP thres (xyz direction): 1.0
Add-S Score ICP: 1.0
Error [cm]: 1.5029740196654655
Error [deg]: 13.450911893578915
T_gt (Ground Truth Transformation):
[[ 9.41726e-01  3.20525e-01 -1.02645e-01  2.40287e+01]
 [ 1.29404e-01 -6.26371e-01 -7.68796e-01  1.12778e+01]
 [-3.10691e-01  7.10671e-01 -6.31302e-01  1.04698e+02]
 [ 0.00000e+00  0.00000e+00  0.00000e+00  1.00000e+00]]
T_pred (Predicted Transformation):
[[ 9.90052633e-01  1.02240097e-01 -9.66578788e-02  2.34740355e+01]
 [-2.16222998e-02 -5.68267146e-01 -8.22559984e-01  1.24111311e+01]
 [-1.39026110e-01  8.16467644e-01 -5.60403719e-01  1.03653828e+02]
 [ 0.00000000e+00  0.00000000e+00  0.00000000e+00  1.00000000e+00]]
T_pred_ICP (Predicted Transformation from ICP):
[[ 9.90500340e-01  9.98160676e-02 -9.45823913e-02  2.35132525e+01]
 [-1.46122267e-02 -6.07524771e-01 -7.94166315e-01  1.22560865e+01]
 [-1.36731704e-01  7.88004064e-01 -6.00294957e-01  1.03680061e+02]
 [ 0.00000000e+00  0.00000000e+00  0.00000000e+00  1.00000000e+00]]
