Object ID: 12
Inlier ration of P_pred: 0.6417322754859924
Num. of correspondences: 254
Avg. Euclidean Distance (ADD) [cm]: 7.100755587287658
Add Score thres: 0
Add Score thres (xyz direction): 0.0
Add-S Score: 1.0
Avg. Euclidean Distance (ADD) ICP: 7.040349069977073
Add Score ICP thres: 7.040349069977073
Add Score ICP thres (xyz direction): 0.0
Add-S Score ICP: 1.0
Error [cm]: 2.5584796320042593
Error [deg]: 93.54463207859354
T_gt (Ground Truth Transformation):
[[-3.64008e-01  9.28122e-01  7.86297e-02 -1.06961e+01]
 [ 7.85706e-01  3.51297e-01 -5.09259e-01  2.05918e+01]
 [-5.00264e-01 -1.23589e-01 -8.57065e-01  9.68742e+01]
 [ 0.00000e+00  0.00000e+00  0.00000e+00  1.00000e+00]]
T_pred (Predicted Transformation):
[[ 8.85645378e-01  2.62789665e-01  3.82849652e-01 -1.32684541e+01]
 [ 4.56184677e-01 -6.46419359e-01 -6.11586096e-01  2.05912298e+01]
 [ 8.67629209e-02  7.16298544e-01 -6.92378936e-01  9.64013934e+01]
 [ 0.00000000e+00  0.00000000e+00  0.00000000e+00  1.00000000e+00]]
T_pred_ICP (Predicted Transformation from ICP):
[[ 8.90401611e-01  2.74313925e-01  3.63231113e-01 -1.32125028e+01]
 [ 4.50055126e-01 -6.49930296e-01 -6.12405906e-01  2.06595574e+01]
 [ 6.80834373e-02  7.08761230e-01 -7.02155371e-01  9.64170963e+01]
 [ 0.00000000e+00  0.00000000e+00  0.00000000e+00  1.00000000e+00]]
