Object ID: 5
Inlier ration of P_pred: 0.39682537317276
Num. of correspondences: 378
Avg. Euclidean Distance (ADD) [cm]: 13.15981930300061
Add Score thres: 0
Add Score thres (xyz direction): 0.0
Add-S Score: 1.0
Avg. Euclidean Distance (ADD) ICP: 13.1542128671205
Add Score ICP thres: 13.1542128671205
Add Score ICP thres (xyz direction): 0.0
Add-S Score ICP: 1.0
Error [cm]: 3.385093353545233
Error [deg]: 175.74777816036615
T_gt (Ground Truth Transformation):
[[ 9.73371720e-01 -2.18023670e-01  7.25282000e-02  2.48689819e+01]
 [-1.72102080e-01 -9.00953040e-01 -3.98598180e-01  1.65387347e+01]
 [ 1.52224110e-01  3.75479930e-01 -9.14357220e-01  9.45885909e+01]
 [ 0.00000000e+00  0.00000000e+00  0.00000000e+00  1.00000000e+00]]
T_pred (Predicted Transformation):
[[-9.25449332e-02  9.69995287e-01 -2.24821215e-01  2.43383670e+01]
 [-8.85116197e-01  2.32795580e-02  4.64787457e-01  1.53615491e+01]
 [ 4.56075381e-01  2.42006623e-01  8.56404134e-01  9.14222860e+01]
 [ 0.00000000e+00  0.00000000e+00  0.00000000e+00  1.00000000e+00]]
T_pred_ICP (Predicted Transformation from ICP):
[[-9.16330342e-02  9.69756055e-01 -2.26222415e-01  2.43415633e+01]
 [-8.84541560e-01  2.50766156e-02  4.65786852e-01  1.54302257e+01]
 [ 4.57372513e-01  2.42784591e-01  8.55491687e-01  9.14339285e+01]
 [ 0.00000000e+00  0.00000000e+00  0.00000000e+00  1.00000000e+00]]
