Object ID: 8
Inlier ration of P_pred: 0.07572383433580399
Num. of correspondences: 449
Avg. Euclidean Distance (ADD) [cm]: 10.25062764751345
Add Score thres: 0
Add Score thres (xyz direction): 0.0
Add-S Score: 1.0
Avg. Euclidean Distance (ADD) ICP: 10.141314680312014
Add Score ICP thres: 10.141314680312014
Add Score ICP thres (xyz direction): 0.0
Add-S Score ICP: 1.0
Error [cm]: 8.008381132892698
Error [deg]: 90.95849252215916
T_gt (Ground Truth Transformation):
[[ -0.22274396   0.93445931  -0.27828899 -11.2036307 ]
 [  0.52308028  -0.12637284  -0.84303041   3.25401609]
 [ -0.82285243  -0.33328842  -0.46055786  99.49420459]
 [  0.           0.           0.           1.        ]]
T_pred (Predicted Transformation):
[[-7.76332784e-01 -4.90792114e-02  6.28409612e-01 -1.86928356e+01]
 [-4.80354766e-01  6.91586869e-01 -5.39413479e-01  9.94704331e-01]
 [-4.08125848e-01 -7.20623920e-01 -5.60476992e-01  9.75327208e+01]
 [ 0.00000000e+00  0.00000000e+00  0.00000000e+00  1.00000000e+00]]
T_pred_ICP (Predicted Transformation from ICP):
[[-7.89776825e-01 -2.16335972e-02  6.13012686e-01 -1.86817786e+01]
 [-4.66534201e-01  6.70028089e-01 -5.77415102e-01  1.14620232e+00]
 [-3.98244153e-01 -7.42020450e-01 -5.39265470e-01  9.75529181e+01]
 [ 0.00000000e+00  0.00000000e+00  0.00000000e+00  1.00000000e+00]]
