Object ID: 6
Inlier ration of P_pred: 0.450402170419693
Num. of correspondences: 373
Avg. Euclidean Distance (ADD) [cm]: 3.251315248369638
Add Score thres: 0
Add Score thres (xyz direction): 0.6666666666666666
Add-S Score: 1.0
Avg. Euclidean Distance (ADD) ICP: 3.1398962547732743
Add Score ICP thres: 3.1398962547732743
Add Score ICP thres (xyz direction): 0.6666666666666666
Add-S Score ICP: 1.0
Error [cm]: 1.6222966562597918
Error [deg]: 47.64997738965674
T_gt (Ground Truth Transformation):
[[ 7.92080420e-01 -3.69399180e-01 -4.86089470e-01  5.50413046e+01]
 [-6.08585850e-01 -4.14075040e-01 -6.76970450e-01 -2.31052613e+01]
 [ 4.88028900e-02  8.31995460e-01 -5.52751530e-01  1.07628276e+02]
 [ 0.00000000e+00  0.00000000e+00  0.00000000e+00  1.00000000e+00]]
T_pred (Predicted Transformation):
[[  0.62981808   0.35687558  -0.68990507  56.33795786]
 [ -0.32180782  -0.68849997  -0.64992885 -22.40141085]
 [ -0.70694336   0.63135379  -0.31878438 108.45229617]
 [  0.           0.           0.           1.        ]]
T_pred_ICP (Predicted Transformation from ICP):
[[  0.66289882   0.34103468  -0.6665287   56.24853235]
 [ -0.32256529  -0.67329219  -0.66530389 -22.41390509]
 [ -0.67566026   0.65602818  -0.33631865 108.46282672]
 [  0.           0.           0.           1.        ]]
