Object ID: 5
Inlier ration of P_pred: 0.8849557638168335
Num. of correspondences: 565
Avg. Euclidean Distance (ADD) [cm]: 6.596182870218389
Add Score thres: 0
Add Score thres (xyz direction): 0.0
Add-S Score: 1.0
Avg. Euclidean Distance (ADD) ICP: 6.568277486697556
Add Score ICP thres: 6.568277486697556
Add Score ICP thres (xyz direction): 0.0
Add-S Score ICP: 1.0
Error [cm]: 0.5590009130132418
Error [deg]: 80.98315924529209
T_gt (Ground Truth Transformation):
[[ 0.82447726  0.53825534 -0.17477417 29.66151974]
 [ 0.36197661 -0.73899141 -0.56821828 -3.60480201]
 [-0.43499986  0.40522145 -0.80410727 86.5942904 ]
 [ 0.          0.          0.          1.        ]]
T_pred (Predicted Transformation):
[[ 6.78286485e-01 -7.30103128e-01  8.29268745e-02  2.98292584e+01]
 [-5.76582613e-01 -5.98798746e-01 -5.55870985e-01 -3.51949433e+00]
 [ 4.55499654e-01  3.29225583e-01 -8.27121866e-01  8.70976520e+01]
 [ 0.00000000e+00  0.00000000e+00  0.00000000e+00  1.00000000e+00]]
T_pred_ICP (Predicted Transformation from ICP):
[[ 6.82516688e-01 -7.26033899e-01  8.39389515e-02  2.99668525e+01]
 [-5.77482123e-01 -6.06103261e-01 -5.46949023e-01 -3.44063300e+00]
 [ 4.47979204e-01  3.24828592e-01 -8.32947188e-01  8.70328135e+01]
 [ 0.00000000e+00  0.00000000e+00  0.00000000e+00  1.00000000e+00]]
