Object ID: 5
Inlier ration of P_pred: 0.7073529362678528
Num. of correspondences: 680
Avg. Euclidean Distance (ADD) [cm]: 9.938254369743104
Add Score thres: 0
Add Score thres (xyz direction): 0.0
Add-S Score: 1.0
Avg. Euclidean Distance (ADD) ICP: 9.923869347453726
Add Score ICP thres: 9.923869347453726
Add Score ICP thres (xyz direction): 0.0
Add-S Score ICP: 1.0
Error [cm]: 2.4353537578313715
Error [deg]: 158.1536568043648
T_gt (Ground Truth Transformation):
[[ 9.91768230e-01  1.24067550e-01  3.53076000e-02  1.46549106e+01]
 [ 1.27183830e-01 -8.94743990e-01 -4.28336010e-01  1.42732081e+01]
 [-2.15596400e-02  4.29273270e-01 -9.03035250e-01  9.54568949e+01]
 [ 0.00000000e+00  0.00000000e+00  0.00000000e+00  1.00000000e+00]]
T_pred (Predicted Transformation):
[[-0.84441795 -0.4793611  -0.23910513 16.36765508]
 [-0.28651732  0.78130127 -0.55450533 13.47104945]
 [ 0.45262142 -0.39972649 -0.79709007 97.08657329]
 [ 0.          0.          0.          1.        ]]
T_pred_ICP (Predicted Transformation from ICP):
[[-0.83869347 -0.48946284 -0.23878733 16.2961946 ]
 [-0.29530696  0.77713344 -0.55574942 13.51266658]
 [ 0.4575883  -0.39558785 -0.79631853 97.0874504 ]
 [ 0.          0.          0.          1.        ]]
