Object ID: 12
Inlier ration of P_pred: 0.5801526308059692
Num. of correspondences: 917
Avg. Euclidean Distance (ADD) [cm]: 4.637951953906811
Add Score thres: 0
Add Score thres (xyz direction): 0.3333333333333333
Add-S Score: 1.0
Avg. Euclidean Distance (ADD) ICP: 4.635223143718377
Add Score ICP thres: 4.635223143718377
Add Score ICP thres (xyz direction): 0.3333333333333333
Add-S Score ICP: 1.0
Error [cm]: 1.710623225037396
Error [deg]: 58.359336576916895
T_gt (Ground Truth Transformation):
[[-9.30236750e-01  3.68689010e-01 -5.94577000e-03 -2.42481345e+01]
 [ 2.29221300e-01  5.65617190e-01 -7.93011760e-01  3.27955719e+00]
 [-2.88801020e-01 -7.38521660e-01 -6.10212260e-01  9.95645707e+01]
 [ 0.00000000e+00  0.00000000e+00  0.00000000e+00  1.00000000e+00]]
T_pred (Predicted Transformation):
[[-1.96777595e-01  9.65291883e-01  1.71726989e-01 -2.59678633e+01]
 [ 6.53446123e-01  2.59700336e-01 -7.11030168e-01  3.17938055e+00]
 [-7.30949207e-01 -2.77004709e-02 -6.81869446e-01  9.97065391e+01]
 [ 0.00000000e+00  0.00000000e+00  0.00000000e+00  1.00000000e+00]]
T_pred_ICP (Predicted Transformation from ICP):
[[-2.01192506e-01  9.62601260e-01  1.81439770e-01 -2.59458277e+01]
 [ 6.54153021e-01  2.69903948e-01 -7.06566122e-01  3.15075127e+00]
 [-7.29112749e-01 -2.34664347e-02 -6.83991174e-01  9.97303367e+01]
 [ 0.00000000e+00  0.00000000e+00  0.00000000e+00  1.00000000e+00]]
