Object ID: 5
Inlier ration of P_pred: 0.17185761034488678
Num. of correspondences: 1798
Avg. Euclidean Distance (ADD) [cm]: 9.97185747416107
Add Score thres: 0
Add Score thres (xyz direction): 0.0
Add-S Score: 1.0
Avg. Euclidean Distance (ADD) ICP: 9.94014245108813
Add Score ICP thres: 9.94014245108813
Add Score ICP thres (xyz direction): 0.0
Add-S Score ICP: 1.0
Error [cm]: 0.8161553441121177
Error [deg]: 167.50184955145534
T_gt (Ground Truth Transformation):
[[  0.27692969  -0.95467126  -0.11034263  10.49208333]
 [ -0.85140834  -0.19045842  -0.48899629 -19.46299935]
 [  0.44576997   0.22931945  -0.86544276  72.06598958]
 [  0.           0.           0.           1.        ]]
T_pred (Predicted Transformation):
[[-6.57569172e-02  9.94385218e-01  8.29099833e-02  1.02714157e+01]
 [ 8.28222278e-01  1.00732884e-01 -5.51271933e-01 -1.98743339e+01]
 [-5.56528423e-01  3.24179524e-02 -8.30195875e-01  7.28061313e+01]
 [ 0.00000000e+00  0.00000000e+00  0.00000000e+00  1.00000000e+00]]
T_pred_ICP (Predicted Transformation from ICP):
[[-6.49172572e-02  9.96968588e-01  4.28880355e-02  1.01760011e+01]
 [ 8.39003912e-01  7.77983760e-02 -5.38534910e-01 -1.99716182e+01]
 [-5.40239008e-01  1.02302024e-03 -8.41511002e-01  7.26205240e+01]
 [ 0.00000000e+00  0.00000000e+00  0.00000000e+00  1.00000000e+00]]
