Object ID: 11
Inlier ration of P_pred: 0.20676691830158234
Num. of correspondences: 266
Avg. Euclidean Distance (ADD) [cm]: 4.713554942112783
Add Score thres: 0
Add Score thres (xyz direction): 0.3333333333333333
Add-S Score: 1.0
Avg. Euclidean Distance (ADD) ICP: 4.641196457157473
Add Score ICP thres: 4.641196457157473
Add Score ICP thres (xyz direction): 0.3333333333333333
Add-S Score ICP: 1.0
Error [cm]: 1.5936537356648088
Error [deg]: 122.41577943939927
T_gt (Ground Truth Transformation):
[[ 6.27842680e-01  7.78395730e-01 -1.42120600e-02  2.35937335e+00]
 [ 6.74198510e-01 -5.52780930e-01 -4.90032050e-01 -1.51875640e+01]
 [-3.89246420e-01  2.98053480e-01 -8.71679290e-01  8.27941243e+01]
 [ 0.00000000e+00  0.00000000e+00  0.00000000e+00  1.00000000e+00]]
T_pred (Predicted Transformation):
[[  0.49716387  -0.85317557   0.15785921   1.42293964]
 [ -0.555987    -0.45293742  -0.69694057 -13.47805344]
 [  0.66611301   0.258726    -0.69953864  81.78113239]
 [  0.           0.           0.           1.        ]]
T_pred_ICP (Predicted Transformation from ICP):
[[  0.31724539  -0.94192993   0.1101062    1.87388527]
 [ -0.66598786  -0.30393955  -0.68123485 -13.83560843]
 [  0.67514112   0.14278922  -0.72373732  82.10401595]
 [  0.           0.           0.           1.        ]]
