Object ID: 5
Inlier ration of P_pred: 0.6596858501434326
Num. of correspondences: 191
Avg. Euclidean Distance (ADD) [cm]: 4.756816181976389
Add Score thres: 0
Add Score thres (xyz direction): 0.3333333333333333
Add-S Score: 1.0
Avg. Euclidean Distance (ADD) ICP: 4.289547885817617
Add Score ICP thres: 4.289547885817617
Add Score ICP thres (xyz direction): 0.3333333333333333
Add-S Score ICP: 1.0
Error [cm]: 0.6660418524046202
Error [deg]: 51.37511729815102
T_gt (Ground Truth Transformation):
[[ 0.88096289 -0.39753357 -0.25711098 20.34860661]
 [-0.42563257 -0.4271372  -0.79786572 -1.31166538]
 [ 0.20732881  0.81225398 -0.54542989 97.15117866]
 [ 0.          0.          0.          1.        ]]
T_pred (Predicted Transformation):
[[ 1.72869599e-01 -9.77950016e-01 -1.17174519e-01  2.16172085e+01]
 [-6.29798948e-01 -1.82852358e-02 -7.76542939e-01 -9.22826917e-01]
 [ 7.57277615e-01  2.08037055e-01 -6.19072852e-01  9.74530566e+01]
 [ 0.00000000e+00  0.00000000e+00  0.00000000e+00  1.00000000e+00]]
T_pred_ICP (Predicted Transformation from ICP):
[[ 2.39225083e-01 -9.36863029e-01 -2.55066708e-01  2.07857272e+01]
 [-5.99128045e-01  6.42933144e-02 -7.98067639e-01 -1.68033140e+00]
 [ 7.64079149e-01  3.43735415e-01 -5.45920341e-01  9.74926794e+01]
 [ 0.00000000e+00  0.00000000e+00  0.00000000e+00  1.00000000e+00]]
