Object ID: 6
Inlier ration of P_pred: 0.5279805064201355
Num. of correspondences: 411
Avg. Euclidean Distance (ADD) [cm]: 3.1972743621017754
Add Score thres: 0
Add Score thres (xyz direction): 0.3333333333333333
Add-S Score: 1.0
Avg. Euclidean Distance (ADD) ICP: 3.1977542044566034
Add Score ICP thres: 3.1977542044566034
Add Score ICP thres (xyz direction): 0.3333333333333333
Add-S Score ICP: 1.0
Error [cm]: 2.382001955447989
Error [deg]: 36.912959185634065
T_gt (Ground Truth Transformation):
[[  0.69994312  -0.70364423  -0.12334695  32.46600646]
 [ -0.55055856  -0.42133899  -0.72084758 -12.791034  ]
 [  0.4552628    0.5723765   -0.68220193 103.20776945]
 [  0.           0.           0.           1.        ]]
T_pred (Predicted Transformation):
[[ 2.81437544e-01 -9.55161789e-01  9.19720886e-02  3.16901808e+01]
 [-3.52372412e-01 -1.92022436e-01 -9.15948179e-01 -1.09098390e+01]
 [ 8.92539406e-01  2.25373779e-01 -3.90614987e-01  1.01999593e+02]
 [ 0.00000000e+00  0.00000000e+00  0.00000000e+00  1.00000000e+00]]
T_pred_ICP (Predicted Transformation from ICP):
[[ 2.82465910e-01 -9.55392426e-01  8.62457083e-02  3.16935443e+01]
 [-3.56735054e-01 -1.88076663e-01 -9.15077740e-01 -1.08964791e+01]
 [ 8.90479147e-01  2.27711399e-01 -3.93947214e-01  1.01987976e+02]
 [ 0.00000000e+00  0.00000000e+00  0.00000000e+00  1.00000000e+00]]
