Object ID: 12
Inlier ration of P_pred: 0.6000000238418579
Num. of correspondences: 265
Avg. Euclidean Distance (ADD) [cm]: 3.3373598364469546
Add Score thres: 0
Add Score thres (xyz direction): 0
Add-S Score: 0
Avg. Euclidean Distance (ADD) ICP: 3.269248086157435
Add Score ICP thres: 3.269248086157435
Add Score ICP thres (xyz direction): 0
Add-S Score ICP: 0
Error [cm]: 0.709632757251948
Error [deg]: 41.008529490012364
T_gt (Ground Truth Transformation):
[[ -0.61704236  -0.70657825  -0.34641871 -13.79579926]
 [ -0.43658969   0.67363238  -0.59632951   2.67020321]
 [  0.65471232  -0.21671771  -0.72414446  70.27016602]
 [  0.           0.           0.           1.        ]]
T_pred (Predicted Transformation):
[[-8.80298472e-02 -9.95142881e-01  4.40612394e-02 -1.44427840e+01]
 [-7.46603263e-01  3.66331763e-02 -6.64260173e-01  2.78086438e+00]
 [ 6.59419679e-01 -9.13709866e-02 -7.46201735e-01  7.03751561e+01]
 [ 0.00000000e+00  0.00000000e+00  0.00000000e+00  1.00000000e+00]]
T_pred_ICP (Predicted Transformation from ICP):
[[-9.95019031e-02 -9.94701458e-01  2.58530513e-02 -1.44434946e+01]
 [-7.25698824e-01  5.47678261e-02 -6.85829207e-01  2.82965530e+00]
 [ 6.80779397e-01 -8.70028403e-02 -7.27303182e-01  7.05123322e+01]
 [ 0.00000000e+00  0.00000000e+00  0.00000000e+00  1.00000000e+00]]
