Object ID: 8
Inlier ration of P_pred: 0.18706293404102325
Num. of correspondences: 1144
Avg. Euclidean Distance (ADD) [cm]: 7.321191070100217
Add Score thres: 0
Add Score thres (xyz direction): 0
Add-S Score: 0
Avg. Euclidean Distance (ADD) ICP: 7.3297875011294105
Add Score ICP thres: 7.3297875011294105
Add Score ICP thres (xyz direction): 0
Add-S Score ICP: 0
Error [cm]: 6.339483133464193
Error [deg]: 64.91303271628854
T_gt (Ground Truth Transformation):
[[ -0.36262742  -0.92234391   0.13335346  44.70825195]
 [ -0.87464726   0.28743812  -0.39034799  14.13050537]
 [  0.32170421  -0.2581881   -0.91095847 115.96062012]
 [  0.           0.           0.           1.        ]]
T_pred (Predicted Transformation):
[[ 9.62591782e-02 -7.72292902e-01 -6.27931401e-01  5.01522883e+01]
 [-9.81957426e-01 -1.76845445e-01  6.69723908e-02  1.10276777e+01]
 [-1.62769110e-01  6.10155195e-01 -7.75381748e-01  1.14903173e+02]
 [ 0.00000000e+00  0.00000000e+00  0.00000000e+00  1.00000000e+00]]
T_pred_ICP (Predicted Transformation from ICP):
[[ 1.00334664e-01 -7.59013774e-01 -6.43297012e-01  5.02064438e+01]
 [-9.82566447e-01 -1.77296548e-01  5.59384648e-02  1.11724251e+01]
 [-1.56512405e-01  6.26469492e-01 -7.63570457e-01  1.14861214e+02]
 [ 0.00000000e+00  0.00000000e+00  0.00000000e+00  1.00000000e+00]]
