Object ID: 6
Inlier ration of P_pred: 0.5400593280792236
Num. of correspondences: 674
Avg. Euclidean Distance (ADD) [cm]: 13.964938137002456
Add Score thres: 0
Add Score thres (xyz direction): 0
Add-S Score: 0
Avg. Euclidean Distance (ADD) ICP: 14.065477153138916
Add Score ICP thres: 14.065477153138916
Add Score ICP thres (xyz direction): 0
Add-S Score ICP: 0
Error [cm]: 9.370451398249513
Error [deg]: 172.4099013648776
T_gt (Ground Truth Transformation):
[[ 9.08343911e-01  4.14499849e-01 -5.56890592e-02 -3.81146118e+01]
 [ 4.07207519e-01 -9.06902313e-01 -1.08214572e-01  2.62363800e+01]
 [-9.53594521e-02  7.56190419e-02 -9.92566586e-01  1.06375452e+02]
 [ 0.00000000e+00  0.00000000e+00  0.00000000e+00  1.00000000e+00]]
T_pred (Predicted Transformation):
[[ 6.06097400e-01 -2.15455458e-01  7.65653243e-01 -4.07497235e+01]
 [-3.62548464e-02  9.54129076e-01  2.97192348e-01  1.97116234e+01]
 [-7.94563735e-01 -2.07886150e-01  5.70483848e-01  1.00202421e+02]
 [ 0.00000000e+00  0.00000000e+00  0.00000000e+00  1.00000000e+00]]
T_pred_ICP (Predicted Transformation from ICP):
[[ 6.71618460e-01 -2.07049035e-01  7.11378480e-01 -4.04182098e+01]
 [ 1.15226976e-01  9.77665128e-01  1.75765870e-01  2.03805496e+01]
 [-7.31882086e-01 -3.60776115e-02  6.80475582e-01  9.94322503e+01]
 [ 0.00000000e+00  0.00000000e+00  0.00000000e+00  1.00000000e+00]]
