Object ID: 5
Inlier ration of P_pred: 0.27397260069847107
Num. of correspondences: 511
Avg. Euclidean Distance (ADD) [cm]: 2.87734916116815
Add Score thres: 0
Add Score thres (xyz direction): 0
Add-S Score: 0
Avg. Euclidean Distance (ADD) ICP: 2.9084728095966366
Add Score ICP thres: 2.9084728095966366
Add Score ICP thres (xyz direction): 0
Add-S Score ICP: 0
Error [cm]: 2.571551168784527
Error [deg]: 19.542966527126467
T_gt (Ground Truth Transformation):
[[-7.04663157e-01  6.98218346e-01  1.26257896e-01  2.96359406e+01]
 [ 4.19061333e-01  5.53130388e-01 -7.20023930e-01  1.18809402e+01]
 [-5.72570980e-01 -4.54464495e-01 -6.82366908e-01  1.32227344e+02]
 [ 0.00000000e+00  0.00000000e+00  0.00000000e+00  1.00000000e+00]]
T_pred (Predicted Transformation):
[[-4.87148555e-01  8.72262563e-01 -4.29453766e-02  2.81249587e+01]
 [ 5.53977285e-01  2.70626708e-01 -7.87318457e-01  1.29999658e+01]
 [-6.75126250e-01 -4.07331812e-01 -6.15049056e-01  1.33944147e+02]
 [ 0.00000000e+00  0.00000000e+00  0.00000000e+00  1.00000000e+00]]
T_pred_ICP (Predicted Transformation from ICP):
[[-4.86554308e-01  8.72363589e-01 -4.73990922e-02  2.81163132e+01]
 [ 5.54698091e-01  2.66552581e-01 -7.88200323e-01  1.29866802e+01]
 [-6.74962912e-01 -4.09794449e-01 -6.13590724e-01  1.33982606e+02]
 [ 0.00000000e+00  0.00000000e+00  0.00000000e+00  1.00000000e+00]]
