Object ID: 8
Inlier ration of P_pred: 0.0
Num. of correspondences: 548
Avg. Euclidean Distance (ADD) [cm]: 9.049888134113576
Add Score thres: 0
Add Score thres (xyz direction): 0
Add-S Score: 0
Avg. Euclidean Distance (ADD) ICP: 9.030997002895171
Add Score ICP thres: 9.030997002895171
Add Score ICP thres (xyz direction): 0
Add-S Score ICP: 0
Error [cm]: 5.875250991886027
Error [deg]: 77.47694121399817
T_gt (Ground Truth Transformation):
[[-5.40189505e-01 -7.94406712e-01  2.77693123e-01  2.28787727e+00]
 [-8.34725797e-01  4.63882864e-01 -2.96724707e-01 -1.84322723e+01]
 [ 1.06902994e-01 -3.92085135e-01 -9.13696408e-01  1.13099463e+02]
 [ 0.00000000e+00  0.00000000e+00  0.00000000e+00  1.00000000e+00]]
T_pred (Predicted Transformation):
[[  0.20929506  -0.70194008  -0.6807905    7.33260963]
 [ -0.72783811   0.35311558  -0.58784443 -19.01618963]
 [  0.6530293    0.6185382   -0.43699339 110.08509955]
 [  0.           0.           0.           1.        ]]
T_pred_ICP (Predicted Transformation from ICP):
[[  0.2088378   -0.7048672   -0.67790044   7.30159914]
 [ -0.72740247   0.35136535  -0.58943027 -19.01323924]
 [  0.65366079   0.61620177  -0.43934377 110.09219757]
 [  0.           0.           0.           1.        ]]
