Object ID: 5
Inlier ration of P_pred: 0.2082066833972931
Num. of correspondences: 1316
Avg. Euclidean Distance (ADD) [cm]: 9.922568780189428
Add Score thres: 0
Add Score thres (xyz direction): 0
Add-S Score: 0
Avg. Euclidean Distance (ADD) ICP: 9.893347356474871
Add Score ICP thres: 9.893347356474871
Add Score ICP thres (xyz direction): 0
Add-S Score ICP: 0
Error [cm]: 1.6176780374433195
Error [deg]: 179.79642304987624
T_gt (Ground Truth Transformation):
[[  0.82869041  -0.54097366   0.14359581 -26.93100586]
 [ -0.40957692  -0.76096958  -0.50316221 -16.58842163]
 [  0.38146955   0.35815218  -0.85217851 140.04561768]
 [  0.           0.           0.           1.        ]]
T_pred (Predicted Transformation):
[[-7.29157116e-01  6.84324985e-01  5.40515417e-03 -2.75167070e+01]
 [ 5.53315315e-01  5.94175606e-01 -5.83778649e-01 -1.69573080e+01]
 [-4.02705926e-01 -4.22675602e-01 -8.11894866e-01  1.40236828e+02]
 [ 0.00000000e+00  0.00000000e+00  0.00000000e+00  1.00000000e+00]]
T_pred_ICP (Predicted Transformation from ICP):
[[-8.30795367e-01  5.39900196e-01  1.35228833e-01 -2.77645549e+01]
 [ 4.07541502e-01  7.55576041e-01 -5.12849657e-01 -1.78333953e+01]
 [-3.79063296e-01 -3.70961757e-01 -8.47760811e-01  1.40655633e+02]
 [ 0.00000000e+00  0.00000000e+00  0.00000000e+00  1.00000000e+00]]
