Object ID: 12
Inlier ration of P_pred: 0.0974421501159668
Num. of correspondences: 821
Avg. Euclidean Distance (ADD) [cm]: 3.1672527941656976
Add Score thres: 0
Add Score thres (xyz direction): 0
Add-S Score: 0
Avg. Euclidean Distance (ADD) ICP: 3.1314763337667553
Add Score ICP thres: 3.1314763337667553
Add Score ICP thres (xyz direction): 0
Add-S Score ICP: 0
Error [cm]: 0.0970867060285334
Error [deg]: 41.24458117549496
T_gt (Ground Truth Transformation):
[[ 9.90230799e-01  1.37283236e-01  2.44194586e-02  1.49850952e+01]
 [ 1.39426216e-01 -9.77134228e-01 -1.60527155e-01 -6.55011063e+00]
 [ 1.82340201e-03  1.62363648e-01 -9.86729264e-01  7.50758118e+01]
 [ 0.00000000e+00  0.00000000e+00  0.00000000e+00  1.00000000e+00]]
T_pred (Predicted Transformation):
[[ 8.83588334e-01 -4.68262825e-01 -1.25842559e-03  1.48094559e+01]
 [-4.02419734e-01 -7.57966103e-01 -5.13367066e-01 -6.44871689e+00]
 [ 2.39436869e-01  4.54111566e-01 -8.58168207e-01  7.49349771e+01]
 [ 0.00000000e+00  0.00000000e+00  0.00000000e+00  1.00000000e+00]]
T_pred_ICP (Predicted Transformation from ICP):
[[ 8.85971975e-01 -4.62887952e-01 -2.80785097e-02  1.49885133e+01]
 [-4.12207559e-01 -7.58337134e-01 -5.04984871e-01 -6.49597416e+00]
 [ 2.12458436e-01  4.58976618e-01 -8.62671361e-01  7.49952923e+01]
 [ 0.00000000e+00  0.00000000e+00  0.00000000e+00  1.00000000e+00]]
