Object ID: 5
Inlier ration of P_pred: 0.7289591431617737
Num. of correspondences: 2911
Avg. Euclidean Distance (ADD) [cm]: 0.3345446426445109
Add Score thres: 1
Add Score thres (xyz direction): 0
Add-S Score: 0
Avg. Euclidean Distance (ADD) ICP: 1.4929916565761607e-06
Add Score ICP thres: 1.4929916565761607e-06
Add Score ICP thres (xyz direction): 0
Add-S Score ICP: 0
Error [cm]: 1.7285823212836267e-07
Error [deg]: 0.0
T_gt (Ground Truth Transformation):
[[-8.52016866e-01  5.23442268e-01  8.71969946e-03  1.25464302e+01]
 [ 3.45543623e-01  5.74804068e-01 -7.41754651e-01  5.74305191e+00]
 [-3.93277794e-01 -6.28974259e-01 -6.70614958e-01  5.06388062e+01]
 [ 0.00000000e+00  0.00000000e+00  0.00000000e+00  1.00000000e+00]]
T_pred (Predicted Transformation):
[[-8.44115909e-01  5.36155474e-01 -2.37500572e-03  1.22391982e+01]
 [ 3.70016329e-01  5.79331552e-01 -7.26266390e-01  5.74507028e+00]
 [-3.88015785e-01 -6.13931804e-01 -6.87409260e-01  5.05151689e+01]
 [ 0.00000000e+00  0.00000000e+00  0.00000000e+00  1.00000000e+00]]
T_pred_ICP (Predicted Transformation from ICP):
[[-8.52016577e-01  5.23442185e-01  8.71966698e-03  1.25464302e+01]
 [ 3.45543611e-01  5.74804145e-01 -7.41754547e-01  5.74305198e+00]
 [-3.93277721e-01 -6.28974144e-01 -6.70614763e-01  5.06388063e+01]
 [ 0.00000000e+00  0.00000000e+00  0.00000000e+00  1.00000000e+00]]
