Object ID: 6
Inlier ration of P_pred: 0.0018761726096272469
Num. of correspondences: 533
Avg. Euclidean Distance (ADD) [cm]: 8.889100622886675
Add Score thres: 0
Add Score thres (xyz direction): 0
Add-S Score: 0
Avg. Euclidean Distance (ADD) ICP: 8.89389810524557
Add Score ICP thres: 8.89389810524557
Add Score ICP thres (xyz direction): 0
Add-S Score ICP: 0
Error [cm]: 3.822001852110598
Error [deg]: 136.16382388756207
T_gt (Ground Truth Transformation):
[[ 2.10867580e-02 -9.18443739e-01 -3.94989610e-01  1.17778107e+01]
 [-9.92741734e-02  3.91201258e-01 -9.14935231e-01 -3.42583694e+00]
 [ 9.94836867e-01  5.85054345e-02 -8.29286650e-02  1.57870581e+02]
 [ 0.00000000e+00  0.00000000e+00  0.00000000e+00  1.00000000e+00]]
T_pred (Predicted Transformation):
[[ 8.96334054e-01 -1.03251658e-01  4.31189469e-01  8.53800680e+00]
 [-3.11739358e-01 -8.38302283e-01  4.47289454e-01 -2.73093471e+00]
 [ 3.15283738e-01 -5.35339498e-01 -7.83586489e-01  1.59901327e+02]
 [ 0.00000000e+00  0.00000000e+00  0.00000000e+00  1.00000000e+00]]
T_pred_ICP (Predicted Transformation from ICP):
[[ 8.97965874e-01 -7.21492206e-02  4.34110330e-01  8.55080257e+00]
 [-2.89066739e-01 -8.40505219e-01  4.58248184e-01 -2.68179341e+00]
 [ 3.31809749e-01 -5.36978088e-01 -7.75600943e-01  1.59778595e+02]
 [ 0.00000000e+00  0.00000000e+00  0.00000000e+00  1.00000000e+00]]
