Object ID: 8
Inlier ration of P_pred: 0.0
Num. of correspondences: 117
Avg. Euclidean Distance (ADD) [cm]: 7.804264965484305
Add Score thres: 0
Add Score thres (xyz direction): 0
Add-S Score: 0
Avg. Euclidean Distance (ADD) ICP: 7.7987173462597585
Add Score ICP thres: 7.7987173462597585
Add Score ICP thres (xyz direction): 0
Add-S Score ICP: 0
Error [cm]: 2.6920960889513728
Error [deg]: 63.0988828324407
T_gt (Ground Truth Transformation):
[[-6.10452414e-01 -5.81754506e-01 -5.37503719e-01  1.73102158e+01]
 [-2.80180518e-02  6.94056392e-01 -7.19375312e-01 -1.36029449e+01]
 [ 7.91557670e-01 -4.24084306e-01 -4.39988136e-01  5.56841980e+01]
 [ 0.00000000e+00  0.00000000e+00  0.00000000e+00  1.00000000e+00]]
T_pred (Predicted Transformation):
[[-9.04026037e-01  2.34591173e-01 -3.57356834e-01  1.86778938e+01]
 [ 2.17056699e-01  9.72089715e-01  8.90391788e-02 -1.15854703e+01]
 [ 3.68270708e-01  2.92704112e-03 -9.29713998e-01  5.45678590e+01]
 [ 0.00000000e+00  0.00000000e+00  0.00000000e+00  1.00000000e+00]]
T_pred_ICP (Predicted Transformation from ICP):
[[-9.00214790e-01  2.45071637e-01 -3.59935028e-01  1.86535614e+01]
 [ 2.27954124e-01  9.69504416e-01  8.99894646e-02 -1.15597445e+01]
 [ 3.71012465e-01 -1.03882704e-03 -9.28627305e-01  5.45580826e+01]
 [ 0.00000000e+00  0.00000000e+00  0.00000000e+00  1.00000000e+00]]
