Object ID: 12
Inlier ration of P_pred: 0.5180180072784424
Num. of correspondences: 222
Avg. Euclidean Distance (ADD) [cm]: 1.6922574317562207
Add Score thres: 0
Add Score thres (xyz direction): 0
Add-S Score: 0
Avg. Euclidean Distance (ADD) ICP: 1.661338211889635
Add Score ICP thres: 1.661338211889635
Add Score ICP thres (xyz direction): 0
Add-S Score ICP: 0
Error [cm]: 0.1832844690059816
Error [deg]: 21.947779901830057
T_gt (Ground Truth Transformation):
[[ 7.93156862e-01  6.06949210e-01 -5.01484089e-02  1.74778931e+01]
 [ 5.79148591e-01 -7.77166545e-01 -2.46168599e-01  8.76597443e+00]
 [-1.88385502e-01  1.66206926e-01 -9.67928767e-01  9.91062012e+01]
 [ 0.00000000e+00  0.00000000e+00  0.00000000e+00  1.00000000e+00]]
T_pred (Predicted Transformation):
[[ 9.46495728e-01  3.18347404e-01  5.29222718e-02  1.75832608e+01]
 [ 3.10321750e-01 -8.52810140e-01 -4.20018186e-01  8.60973320e+00]
 [-8.85790494e-02  4.13968351e-01 -9.05971278e-01  9.90806938e+01]
 [ 0.00000000e+00  0.00000000e+00  0.00000000e+00  1.00000000e+00]]
T_pred_ICP (Predicted Transformation from ICP):
[[ 9.47182172e-01  3.17971748e-01  4.17121182e-02  1.76278938e+01]
 [ 3.06572546e-01 -8.59601971e-01 -4.08775888e-01  8.66116258e+00]
 [-9.41233647e-02  3.99973024e-01 -9.11681070e-01  9.90958359e+01]
 [ 0.00000000e+00  0.00000000e+00  0.00000000e+00  1.00000000e+00]]
