Object ID: 5
Inlier ration of P_pred: 0.03852327540516853
Num. of correspondences: 623
Avg. Euclidean Distance (ADD) [cm]: 14.194660373671166
Add Score thres: 0
Add Score thres (xyz direction): 0
Add-S Score: 0
Avg. Euclidean Distance (ADD) ICP: 14.18212976788594
Add Score ICP thres: 14.18212976788594
Add Score ICP thres (xyz direction): 0
Add-S Score ICP: 0
Error [cm]: 4.856441362429987
Error [deg]: 173.042555466429
T_gt (Ground Truth Transformation):
[[-6.66256070e-01  7.41355062e-01  8.05956647e-02  3.04749420e+01]
 [ 7.17505932e-01  6.66739702e-01 -2.01602235e-01  1.07169739e+01]
 [-2.03195155e-01 -7.64908344e-02 -9.76146042e-01  1.31235242e+02]
 [ 0.00000000e+00  0.00000000e+00  0.00000000e+00  1.00000000e+00]]
T_pred (Predicted Transformation):
[[-8.55484821e-01 -5.13480350e-01 -6.69600686e-02  3.21309882e+01]
 [ 4.71568116e-01 -8.25943382e-01  3.08935335e-01  1.09998063e+01]
 [-2.13937449e-01  2.32713256e-01  9.48722988e-01  1.26670077e+02]
 [ 0.00000000e+00  0.00000000e+00  0.00000000e+00  1.00000000e+00]]
T_pred_ICP (Predicted Transformation from ICP):
[[-8.54811415e-01 -5.16313757e-01 -5.21301119e-02  3.21332067e+01]
 [ 4.72966070e-01 -8.16480119e-01  3.31154513e-01  1.09267145e+01]
 [-2.13542831e-01  2.58418884e-01  9.42135415e-01  1.26675506e+02]
 [ 0.00000000e+00  0.00000000e+00  0.00000000e+00  1.00000000e+00]]
