Object ID: 6
Inlier ration of P_pred: 0.6037735939025879
Num. of correspondences: 53
Avg. Euclidean Distance (ADD) [cm]: 2.6909179891128203
Add Score thres: 0
Add Score thres (xyz direction): 0
Add-S Score: 0
Avg. Euclidean Distance (ADD) ICP: 2.5540703953478627
Add Score ICP thres: 2.5540703953478627
Add Score ICP thres (xyz direction): 0
Add-S Score ICP: 0
Error [cm]: 2.155567978342573
Error [deg]: 28.569320210491426
T_gt (Ground Truth Transformation):
[[-6.92579448e-01  7.14889884e-01 -9.62606743e-02 -1.97166885e+01]
 [ 7.13601768e-01  6.59524024e-01 -2.36221537e-01  1.98981232e+01]
 [-1.05386160e-01 -2.32293963e-01 -9.66919482e-01  1.37860522e+02]
 [ 0.00000000e+00  0.00000000e+00  0.00000000e+00  1.00000000e+00]]
T_pred (Predicted Transformation):
[[-3.14392608e-01  9.40309584e-01  1.30288809e-01 -1.88731405e+01]
 [ 9.45424274e-01  3.22526675e-01 -4.63625437e-02  1.84945673e+01]
 [-8.56167605e-02  1.08602162e-01 -9.90391509e-01  1.39281668e+02]
 [ 0.00000000e+00  0.00000000e+00  0.00000000e+00  1.00000000e+00]]
T_pred_ICP (Predicted Transformation from ICP):
[[-3.37723004e-01  9.34536891e-01  1.12178308e-01 -1.88158472e+01]
 [ 9.34714746e-01  3.47004489e-01 -7.67869000e-02  1.85464134e+01]
 [-1.10686567e-01  7.89220162e-02 -9.90716811e-01  1.39277505e+02]
 [ 0.00000000e+00  0.00000000e+00  0.00000000e+00  1.00000000e+00]]
