Object ID: 12
Inlier ration of P_pred: 0.25
Num. of correspondences: 4
Avg. Euclidean Distance (ADD) [cm]: 10.992128575738155
Add Score thres: 0
Add Score thres (xyz direction): 0
Add-S Score: 0
Avg. Euclidean Distance (ADD) ICP: 10.807631995321188
Add Score ICP thres: 10.807631995321188
Add Score ICP thres (xyz direction): 0
Add-S Score ICP: 0
Error [cm]: 8.974053282047777
Error [deg]: 93.76386004422035
T_gt (Ground Truth Transformation):
[[ 4.15267535e-02  9.17746544e-01 -3.94989580e-01  6.37390823e+00]
 [ 7.23945200e-02 -3.97055238e-01 -9.14935052e-01  4.02508965e+00]
 [-9.96511161e-01  9.39918216e-03 -8.29282030e-02  1.17476660e+02]
 [ 0.00000000e+00  0.00000000e+00  0.00000000e+00  1.00000000e+00]]
T_pred (Predicted Transformation):
[[-4.57750441e-01  8.83430072e-01  1.00079176e-01  7.35136830e+00]
 [-8.89079704e-01 -4.55011099e-01 -5.00217838e-02  4.25049950e+00]
 [ 1.34638797e-03 -1.11875858e-01  9.93721279e-01  1.08378323e+02]
 [ 0.00000000e+00  0.00000000e+00  0.00000000e+00  1.00000000e+00]]
T_pred_ICP (Predicted Transformation from ICP):
[[-4.51499868e-01  8.86249350e-01  1.03488926e-01  7.28045267e+00]
 [-8.92071279e-01 -4.45897267e-01 -7.33788825e-02  4.30232767e+00]
 [-1.88865576e-02 -1.25450055e-01  9.91920149e-01  1.08552819e+02]
 [ 0.00000000e+00  0.00000000e+00  0.00000000e+00  1.00000000e+00]]
