Object ID: 8
Inlier ration of P_pred: 0.0
Num. of correspondences: 1935
Avg. Euclidean Distance (ADD) [cm]: 21.160784275625833
Add Score thres: 0
Add Score thres (xyz direction): 0
Add-S Score: 0
Avg. Euclidean Distance (ADD) ICP: 20.973440021221716
Add Score ICP thres: 20.973440021221716
Add Score ICP thres (xyz direction): 0
Add-S Score ICP: 0
Error [cm]: 17.16681086126044
Error [deg]: 177.2854961659571
T_gt (Ground Truth Transformation):
[[-2.74799109e-01  8.62139165e-01 -4.25677598e-01  4.13086945e+01]
 [ 7.35286474e-01 -9.68398675e-02 -6.70802355e-01 -6.64048004e+00]
 [-6.19547546e-01 -4.97330904e-01 -6.07307792e-01  1.06635022e+02]
 [ 0.00000000e+00  0.00000000e+00  0.00000000e+00  1.00000000e+00]]
T_pred (Predicted Transformation):
[[  0.7674405    0.62126798  -0.15830721  43.30050312]
 [ -0.50904934   0.74058812   0.43863196 -13.04273966]
 [  0.38974843  -0.25603775   0.88461338  90.54323126]
 [  0.           0.           0.           1.        ]]
T_pred_ICP (Predicted Transformation from ICP):
[[  0.75409896   0.62609301  -0.19834893  43.47882641]
 [ -0.50007582   0.74315814   0.44456738 -13.02686841]
 [  0.42574515  -0.2360583    0.87350875  90.84882654]
 [  0.           0.           0.           1.        ]]
