Object ID: 8
Inlier ration of P_pred: 0.2531645596027374
Num. of correspondences: 316
Avg. Euclidean Distance (ADD) [cm]: 17.910779633198313
Add Score thres: 0
Add Score thres (xyz direction): 0
Add-S Score: 0
Avg. Euclidean Distance (ADD) ICP: 17.99462684458484
Add Score ICP thres: 17.99462684458484
Add Score ICP thres (xyz direction): 0
Add-S Score ICP: 0
Error [cm]: 11.063298373121222
Error [deg]: 148.8969056420108
T_gt (Ground Truth Transformation):
[[-2.91637391e-01  9.55296397e-01  4.85464744e-02  2.41211746e+01]
 [ 9.11372364e-01  2.92921066e-01 -2.89132923e-01  5.76638842e-01]
 [-2.90427893e-01 -4.00780179e-02 -9.56057429e-01  1.06380334e+02]
 [ 0.00000000e+00  0.00000000e+00  0.00000000e+00  1.00000000e+00]]
T_pred (Predicted Transformation):
[[ 0.26787863  0.43850183 -0.85787947 22.26890231]
 [-0.49639092  0.82595915  0.26718448 -1.95415777]
 [ 0.82573428  0.35427056  0.43892513 95.81358473]
 [ 0.          0.          0.          1.        ]]
T_pred_ICP (Predicted Transformation from ICP):
[[ 0.26192712  0.47674743 -0.83911029 22.23833057]
 [-0.5562586   0.78508862  0.27241921 -1.98225879]
 [ 0.7886511   0.39540834  0.47083086 95.78299933]
 [ 0.          0.          0.          1.        ]]
