Object ID: 5
Inlier ration of P_pred: 0.9409722089767456
Num. of correspondences: 864
Avg. Euclidean Distance (ADD) [cm]: 2.7408042726948487
Add Score thres: 0
Add Score thres (xyz direction): 0
Add-S Score: 0
Avg. Euclidean Distance (ADD) ICP: 2.7812273085885324
Add Score ICP thres: 2.7812273085885324
Add Score ICP thres (xyz direction): 0
Add-S Score ICP: 0
Error [cm]: 0.4516351879414009
Error [deg]: 32.654885466117456
T_gt (Ground Truth Transformation):
[[ 7.25125968e-01 -6.87230885e-01  4.36586104e-02 -2.58531189e+01]
 [-6.79052472e-01 -7.24146247e-01 -1.20415159e-01 -1.92341446e+01]
 [ 1.14368245e-01  5.76696657e-02 -9.91763055e-01  6.85745056e+01]
 [ 0.00000000e+00  0.00000000e+00  0.00000000e+00  1.00000000e+00]]
T_pred (Predicted Transformation):
[[ 2.47949237e-01 -9.67614241e-01  4.73693563e-02 -2.55448464e+01]
 [-9.58560903e-01 -2.52122999e-01 -1.32646103e-01 -1.95864632e+01]
 [ 1.40293163e-01 -1.25169128e-02 -9.90030886e-01  6.86150666e+01]
 [ 0.00000000e+00  0.00000000e+00  0.00000000e+00  1.00000000e+00]]
T_pred_ICP (Predicted Transformation from ICP):
[[ 2.39648935e-01 -9.69771463e-01  4.59532070e-02 -2.55999406e+01]
 [-9.62313076e-01 -2.43539674e-01 -1.21004009e-01 -1.96037308e+01]
 [ 1.28537664e-01 -1.52228901e-02 -9.91587784e-01  6.86317869e+01]
 [ 0.00000000e+00  0.00000000e+00  0.00000000e+00  1.00000000e+00]]
