Object ID: 5
Inlier ration of P_pred: 0.03839441388845444
Num. of correspondences: 573
Avg. Euclidean Distance (ADD) [cm]: 13.887833023024783
Add Score thres: 0
Add Score thres (xyz direction): 0
Add-S Score: 0
Avg. Euclidean Distance (ADD) ICP: 13.858918741828944
Add Score ICP thres: 13.858918741828944
Add Score ICP thres (xyz direction): 0
Add-S Score ICP: 0
Error [cm]: 5.336670176952529
Error [deg]: 174.5081123722939
T_gt (Ground Truth Transformation):
[[ 8.75411510e-01 -4.18374717e-01 -2.42110029e-01  1.10946808e+01]
 [-4.83377457e-01 -7.58671582e-01 -4.36764985e-01  2.36031815e+01]
 [-9.50588554e-04  4.99379605e-01 -8.66382778e-01  6.57054932e+01]
 [ 0.00000000e+00  0.00000000e+00  0.00000000e+00  1.00000000e+00]]
T_pred (Predicted Transformation):
[[-2.88842423e-01  9.43415654e-01  1.62901684e-01  7.64901379e+00]
 [-8.44468376e-01 -3.31226857e-01  4.20906083e-01  2.34643428e+01]
 [ 4.51046800e-01 -1.59897880e-02  8.92357053e-01  6.15416242e+01]
 [ 0.00000000e+00  0.00000000e+00  0.00000000e+00  1.00000000e+00]]
T_pred_ICP (Predicted Transformation from ICP):
[[-2.82923593e-01  9.45746925e-01  1.59740396e-01  7.58977145e+00]
 [-8.56477023e-01 -3.24078900e-01  4.01771049e-01  2.35036031e+01]
 [ 4.31742226e-01 -2.31434702e-02  9.01700078e-01  6.16823422e+01]
 [ 0.00000000e+00  0.00000000e+00  0.00000000e+00  1.00000000e+00]]
