Object ID: 5
Inlier ration of P_pred: 0.9166666269302368
Num. of correspondences: 660
Avg. Euclidean Distance (ADD) [cm]: 7.506194068247897
Add Score thres: 0
Add Score thres (xyz direction): 0
Add-S Score: 0
Avg. Euclidean Distance (ADD) ICP: 7.6093914564163665
Add Score ICP thres: 7.6093914564163665
Add Score ICP thres (xyz direction): 0
Add-S Score ICP: 0
Error [cm]: 1.1818932897044079
Error [deg]: 100.55074900338643
T_gt (Ground Truth Transformation):
[[ 9.78166997e-01 -2.06136093e-01 -2.64045149e-02 -6.69840317e+00]
 [-2.04678893e-01 -9.33565617e-01 -2.94213831e-01  5.08971558e+00]
 [ 3.59977446e-02  2.93194711e-01 -9.55374777e-01  7.41026855e+01]
 [ 0.00000000e+00  0.00000000e+00  0.00000000e+00  1.00000000e+00]]
T_pred (Predicted Transformation):
[[ 6.34351472e-02  9.90431081e-01 -1.22565314e-01 -7.64853293e+00]
 [ 9.23500630e-01 -1.04811943e-01 -3.69000057e-01  4.58760073e+00]
 [-3.78315434e-01 -8.97815720e-02 -9.21312489e-01  7.43064313e+01]
 [ 0.00000000e+00  0.00000000e+00  0.00000000e+00  1.00000000e+00]]
T_pred_ICP (Predicted Transformation from ICP):
[[ 2.34973847e-02  9.99327790e-01 -2.81396724e-02 -7.59378337e+00]
 [ 9.54760227e-01 -3.07782006e-02 -2.95779666e-01  4.36165879e+00]
 [-2.96446928e-01 -1.99165914e-02 -9.54841635e-01  7.43578313e+01]
 [ 0.00000000e+00  0.00000000e+00  0.00000000e+00  1.00000000e+00]]
