Object ID: 12
Inlier ration of P_pred: 0.2857142984867096
Num. of correspondences: 7
Avg. Euclidean Distance (ADD) [cm]: 9.561731253898841
Add Score thres: 0
Add Score thres (xyz direction): 0
Add-S Score: 0
Avg. Euclidean Distance (ADD) ICP: 9.100576921386926
Add Score ICP thres: 9.100576921386926
Add Score ICP thres (xyz direction): 0
Add-S Score ICP: 0
Error [cm]: 4.821723030348556
Error [deg]: 177.82109439939416
T_gt (Ground Truth Transformation):
[[-7.66059518e-01 -6.41699076e-01 -3.70869488e-02 -3.77376740e+01]
 [-6.25951827e-01  7.57884860e-01 -1.83833897e-01  9.43121338e-01]
 [ 1.46073669e-01 -1.17613032e-01 -9.82257605e-01  1.37078271e+02]
 [ 0.00000000e+00  0.00000000e+00  0.00000000e+00  1.00000000e+00]]
T_pred (Predicted Transformation):
[[ 2.18840739e-01  9.49071932e-01 -2.26652155e-01 -3.77728274e+01]
 [-9.02542490e-01  1.08602468e-01 -4.16680403e-01  6.00305220e-01]
 [-3.70844691e-01  2.95749848e-01  8.80344389e-01  1.31666547e+02]
 [ 0.00000000e+00  0.00000000e+00  0.00000000e+00  1.00000000e+00]]
T_pred_ICP (Predicted Transformation from ICP):
[[ 2.25049831e-01  9.34939087e-01 -2.74301798e-01 -3.77005014e+01]
 [-8.39727525e-01  4.33261927e-02 -5.41276754e-01  7.89868850e-01]
 [-4.94176342e-01  3.52153012e-01  7.94844638e-01  1.32259128e+02]
 [ 0.00000000e+00  0.00000000e+00  0.00000000e+00  1.00000000e+00]]
