Object ID: 5
Inlier ration of P_pred: 0.44186046719551086
Num. of correspondences: 688
Avg. Euclidean Distance (ADD) [cm]: 13.334130674689579
Add Score thres: 0
Add Score thres (xyz direction): 0
Add-S Score: 0
Avg. Euclidean Distance (ADD) ICP: 13.296366317705349
Add Score ICP thres: 13.296366317705349
Add Score ICP thres (xyz direction): 0
Add-S Score ICP: 0
Error [cm]: 4.723354177315578
Error [deg]: 176.32265700203527
T_gt (Ground Truth Transformation):
[[  0.97011936  -0.20269479   0.13335381   4.71928177]
 [ -0.13657638  -0.91048115  -0.39034769  27.72039185]
 [  0.20053755   0.36047089  -0.91095877 105.06652832]
 [  0.           0.           0.           1.        ]]
T_pred (Predicted Transformation):
[[-4.25979650e-01 -9.03284716e-01 -5.11669799e-02  6.63998238e+00]
 [ 8.15738902e-01 -4.07923335e-01  4.10083646e-01  2.68919490e+01]
 [-3.91294495e-01  1.32948392e-01  9.10611522e-01  1.00730182e+02]
 [ 0.00000000e+00  0.00000000e+00  0.00000000e+00  1.00000000e+00]]
T_pred_ICP (Predicted Transformation from ICP):
[[-4.30050054e-01 -9.01569978e-01 -4.72072629e-02  6.55714353e+00]
 [ 8.19255708e-01 -4.11686874e-01  3.99166636e-01  2.69404348e+01]
 [-3.79311266e-01  1.32986814e-01  9.15662313e-01  1.00785873e+02]
 [ 0.00000000e+00  0.00000000e+00  0.00000000e+00  1.00000000e+00]]
