Object ID: 8
Inlier ration of P_pred: 0.5884955525398254
Num. of correspondences: 452
Avg. Euclidean Distance (ADD) [cm]: 11.661800876061491
Add Score thres: 0
Add Score thres (xyz direction): 0
Add-S Score: 0
Avg. Euclidean Distance (ADD) ICP: 11.780612228356686
Add Score ICP thres: 11.780612228356686
Add Score ICP thres (xyz direction): 0
Add-S Score ICP: 0
Error [cm]: 8.489522220199339
Error [deg]: 79.62648417098836
T_gt (Ground Truth Transformation):
[[ 9.44206059e-01 -3.07878107e-01  1.16987266e-01 -1.27470795e+01]
 [-2.15102639e-02 -4.12087768e-01 -9.10890579e-01  1.60881290e+00]
 [ 3.28652173e-01  8.57551992e-01 -3.95718336e-01  1.34052795e+02]
 [ 0.00000000e+00  0.00000000e+00  0.00000000e+00  1.00000000e+00]]
T_pred (Predicted Transformation):
[[ 1.95388093e-01 -3.69443164e-02  9.80029903e-01 -1.77355112e+01]
 [ 9.75358683e-01 -9.70837897e-02 -1.98116575e-01 -4.67409179e+00]
 [ 1.02464298e-01  9.94590295e-01  1.70649432e-02  1.31585249e+02]
 [ 0.00000000e+00  0.00000000e+00  0.00000000e+00  1.00000000e+00]]
T_pred_ICP (Predicted Transformation from ICP):
[[ 1.77978451e-01 -3.04424218e-02  9.83563384e-01 -1.77579699e+01]
 [ 9.78377022e-01 -1.01550309e-01 -1.80183065e-01 -4.77921543e+00]
 [ 1.05366375e-01  9.94364517e-01  1.17103992e-02  1.31571655e+02]
 [ 0.00000000e+00  0.00000000e+00  0.00000000e+00  1.00000000e+00]]
