Object ID: 11
Inlier ration of P_pred: 0.0
Num. of correspondences: 9
Avg. Euclidean Distance (ADD) [cm]: 5.5424764750121875
Add Score thres: 0
Add Score thres (xyz direction): 0
Add-S Score: 0
Avg. Euclidean Distance (ADD) ICP: 5.5393245134323195
Add Score ICP thres: 5.5393245134323195
Add Score ICP thres (xyz direction): 0
Add-S Score ICP: 0
Error [cm]: 1.3818741494325884
Error [deg]: 174.98146482086477
T_gt (Ground Truth Transformation):
[[ -0.5401333   -0.70951772  -0.4525933    2.54970646]
 [ -0.20496652   0.63250303  -0.74694622   5.40096474]
 [  0.81623816  -0.31068406  -0.48706329 133.89447021]
 [  0.           0.           0.           1.        ]]
T_pred (Predicted Transformation):
[[ 6.17833476e-01  7.76374116e-01  1.24599467e-01  3.62551347e+00]
 [ 1.87913961e-01  8.08387112e-03 -9.82152226e-01  5.08205883e+00]
 [-7.63524812e-01  6.30220503e-01 -1.40897049e-01  1.34740586e+02]
 [ 0.00000000e+00  0.00000000e+00  0.00000000e+00  1.00000000e+00]]
T_pred_ICP (Predicted Transformation from ICP):
[[ 6.12182173e-01  7.81037587e-01  1.23342105e-01  3.69009640e+00]
 [ 1.86932540e-01  8.61225915e-03 -9.82335001e-01  5.10066563e+00]
 [-7.68302813e-01  6.24424629e-01 -1.40729069e-01  1.34614822e+02]
 [ 0.00000000e+00  0.00000000e+00  0.00000000e+00  1.00000000e+00]]
