Object ID: 12
Inlier ration of P_pred: 0.4808081090450287
Num. of correspondences: 495
Avg. Euclidean Distance (ADD) [cm]: 1.8502195448248133
Add Score thres: 0
Add Score thres (xyz direction): 0
Add-S Score: 0
Avg. Euclidean Distance (ADD) ICP: 1.8561369630747755
Add Score ICP thres: 1.8561369630747755
Add Score ICP thres (xyz direction): 0
Add-S Score ICP: 0
Error [cm]: 1.1048416257524643
Error [deg]: 23.894489837136984
T_gt (Ground Truth Transformation):
[[-6.38859689e-01  7.64927447e-01 -8.21222588e-02 -3.21548248e+01]
 [ 5.35693824e-01  3.65692914e-01 -7.61118054e-01  1.97120941e+01]
 [-5.52168608e-01 -5.30240119e-01 -6.43393278e-01  1.27782214e+02]
 [ 0.00000000e+00  0.00000000e+00  0.00000000e+00  1.00000000e+00]]
T_pred (Predicted Transformation):
[[ -0.38622674   0.90500187   0.17832698 -31.53917866]
 [  0.63673944   0.40146097  -0.65832513  20.10785423]
 [ -0.6673768   -0.14071495  -0.73130535 127.00718202]
 [  0.           0.           0.           1.        ]]
T_pred_ICP (Predicted Transformation from ICP):
[[ -0.37197949   0.91743665   0.1412135  -31.46686655]
 [  0.66777185   0.37015527  -0.64580635  20.13147165]
 [ -0.64475733  -0.14592831  -0.75032854 127.02623095]
 [  0.           0.           0.           1.        ]]
