Object ID: 5
Inlier ration of P_pred: 0.0
Num. of correspondences: 581
Avg. Euclidean Distance (ADD) [cm]: 11.686598221522805
Add Score thres: 0
Add Score thres (xyz direction): 0
Add-S Score: 0
Avg. Euclidean Distance (ADD) ICP: 11.693676862437993
Add Score ICP thres: 11.693676862437993
Add Score ICP thres (xyz direction): 0
Add-S Score ICP: 0
Error [cm]: 3.94818156090973
Error [deg]: 138.5892959545007
T_gt (Ground Truth Transformation):
[[ 4.57285553e-01 -8.75723600e-01 -1.54913619e-01 -3.04246918e+01]
 [-1.21443570e-01  1.11070216e-01 -9.86364543e-01  3.76214638e+00]
 [ 8.80988896e-01  4.69863594e-01 -5.55602349e-02  1.12869067e+02]
 [ 0.00000000e+00  0.00000000e+00  0.00000000e+00  1.00000000e+00]]
T_pred (Predicted Transformation):
[[-6.86434882e-01  5.58695436e-01 -4.65474556e-01 -2.66994142e+01]
 [ 6.04030491e-01  7.94480782e-01  6.28287576e-02  4.04956503e+00]
 [ 4.04912730e-01 -2.38032974e-01 -8.82828401e-01  1.11557288e+02]
 [ 0.00000000e+00  0.00000000e+00  0.00000000e+00  1.00000000e+00]]
T_pred_ICP (Predicted Transformation from ICP):
[[-6.74826444e-01  5.70740546e-01 -4.67829562e-01 -2.67297234e+01]
 [ 6.22630978e-01  7.80634027e-01  5.42326607e-02  4.08532226e+00]
 [ 3.96156453e-01 -2.54687544e-01 -8.82153229e-01  1.11515959e+02]
 [ 0.00000000e+00  0.00000000e+00  0.00000000e+00  1.00000000e+00]]
