Object ID: 5
Inlier ration of P_pred: 0.0
Num. of correspondences: 14
Avg. Euclidean Distance (ADD) [cm]: 12.728050457806923
Add Score thres: 0
Add Score thres (xyz direction): 0
Add-S Score: 0
Avg. Euclidean Distance (ADD) ICP: 12.698631715348595
Add Score ICP thres: 12.698631715348595
Add Score ICP thres (xyz direction): 0
Add-S Score ICP: 0
Error [cm]: 4.763734116517614
Error [deg]: 179.04527478117973
T_gt (Ground Truth Transformation):
[[  0.8427608   -0.20215034   0.49888822 -17.53518372]
 [  0.27484849  -0.63528508  -0.72171402 -21.44453735]
 [  0.46283099   0.74535096  -0.47983262 105.24775391]
 [  0.           0.           0.           1.        ]]
T_pred (Predicted Transformation):
[[-8.46989677e-01  3.61443282e-01 -3.89829759e-01 -1.66720229e+01]
 [-3.50357343e-01 -9.31043348e-01 -1.02019689e-01 -2.31464195e+01]
 [-3.99822735e-01  5.01700954e-02  9.15218412e-01  1.00789084e+02]
 [ 0.00000000e+00  0.00000000e+00  0.00000000e+00  1.00000000e+00]]
T_pred_ICP (Predicted Transformation from ICP):
[[-8.41372302e-01  3.70498637e-01 -3.93476061e-01 -1.65779299e+01]
 [-3.60140747e-01 -9.27198637e-01 -1.02962761e-01 -2.30768579e+01]
 [-4.02978030e-01  5.50767471e-02  9.13550907e-01  1.00875986e+02]
 [ 0.00000000e+00  0.00000000e+00  0.00000000e+00  1.00000000e+00]]
