Object ID: 8
Inlier ration of P_pred: 0.012403100728988647
Num. of correspondences: 645
Avg. Euclidean Distance (ADD) [cm]: 16.340523965699653
Add Score thres: 0
Add Score thres (xyz direction): 0
Add-S Score: 0
Avg. Euclidean Distance (ADD) ICP: 16.354961121597068
Add Score ICP thres: 16.354961121597068
Add Score ICP thres (xyz direction): 0
Add-S Score ICP: 0
Error [cm]: 13.005341346630205
Error [deg]: 175.331512892012
T_gt (Ground Truth Transformation):
[[ 2.33683288e-01 -9.49893832e-01  2.07590491e-01  1.42328583e+01]
 [-7.75404155e-01 -3.10875952e-01 -5.49640417e-01 -1.15978241e+01]
 [ 5.86634934e-01 -3.25247459e-02 -8.09198201e-01  6.56369080e+01]
 [ 0.00000000e+00  0.00000000e+00  0.00000000e+00  1.00000000e+00]]
T_pred (Predicted Transformation):
[[  0.26887078   0.86014319  -0.43343073  18.72599578]
 [  0.23624723   0.37736123   0.8954249  -22.13960073]
 [  0.93375358  -0.3431504   -0.10174504  59.49740753]
 [  0.           0.           0.           1.        ]]
T_pred_ICP (Predicted Transformation from ICP):
[[  0.27862659   0.86120854  -0.42507303  18.60884707]
 [  0.24436175   0.3644627    0.89858459 -22.21128293]
 [  0.92879199  -0.35424115  -0.10889742  59.52592463]
 [  0.           0.           0.           1.        ]]
