Object ID: 6
Inlier ration of P_pred: 0.7002724409103394
Num. of correspondences: 367
Avg. Euclidean Distance (ADD) [cm]: 1.5051035808837812
Add Score thres: 1
Add Score thres (xyz direction): 0
Add-S Score: 0
Avg. Euclidean Distance (ADD) ICP: 1.7737565898993552e-07
Add Score ICP thres: 1.7737565898993552e-07
Add Score ICP thres (xyz direction): 0
Add-S Score ICP: 0
Error [cm]: 4.825793225258576e-08
Error [deg]: 0.0
T_gt (Ground Truth Transformation):
[[ 9.38110769e-01  2.53949821e-01 -2.35494420e-01  1.35830917e+01]
 [-8.47782269e-02 -4.90893424e-01 -8.67084980e-01 -5.29797592e+00]
 [-3.35798740e-01  8.33386600e-01 -4.38982993e-01  1.23182043e+02]
 [ 0.00000000e+00  0.00000000e+00  0.00000000e+00  1.00000000e+00]]
T_pred (Predicted Transformation):
[[ 9.31290454e-01  3.30308045e-01 -1.53605621e-01  1.25937078e+01]
 [ 5.26414716e-02 -5.39276195e-01 -8.40482041e-01 -4.69502806e+00]
 [-3.60453834e-01  7.74646875e-01 -5.19610674e-01  1.23704338e+02]
 [ 0.00000000e+00  0.00000000e+00  0.00000000e+00  1.00000000e+00]]
T_pred_ICP (Predicted Transformation from ICP):
[[ 9.38110797e-01  2.53949819e-01 -2.35494419e-01  1.35830917e+01]
 [-8.47782359e-02 -4.90893398e-01 -8.67084957e-01 -5.29797587e+00]
 [-3.35798723e-01  8.33386562e-01 -4.38982979e-01  1.23182043e+02]
 [ 0.00000000e+00  0.00000000e+00  0.00000000e+00  1.00000000e+00]]
