Object ID: 5
Inlier ration of P_pred: 0.5589743852615356
Num. of correspondences: 1560
Avg. Euclidean Distance (ADD) [cm]: 0.7566804585970915
Add Score thres: 1
Add Score thres (xyz direction): 0
Add-S Score: 0
Avg. Euclidean Distance (ADD) ICP: 2.5336028894488398e-06
Add Score ICP thres: 2.5336028894488398e-06
Add Score ICP thres (xyz direction): 0
Add-S Score ICP: 0
Error [cm]: 5.450537426205751e-07
Error [deg]: 0.0
T_gt (Ground Truth Transformation):
[[ 9.91422117e-01 -8.84081721e-02 -9.62607712e-02 -4.93031235e+00]
 [-1.09037742e-01 -9.65562522e-01 -2.36221358e-01 -2.01090561e+01]
 [-7.20618665e-02  2.44691148e-01 -9.66919899e-01  1.42218005e+02]
 [ 0.00000000e+00  0.00000000e+00  0.00000000e+00  1.00000000e+00]]
T_pred (Predicted Transformation):
[[ 9.99488457e-01  7.25648529e-03 -3.11475288e-02 -5.43071826e+00]
 [ 3.88915892e-04 -9.76604899e-01 -2.15041205e-01 -2.03060966e+01]
 [-3.19792726e-02  2.14919089e-01 -9.76108145e-01  1.42320375e+02]
 [ 0.00000000e+00  0.00000000e+00  0.00000000e+00  1.00000000e+00]]
T_pred_ICP (Predicted Transformation from ICP):
[[ 9.91422143e-01 -8.84081669e-02 -9.62607409e-02 -4.93031231e+00]
 [-1.09037725e-01 -9.65562160e-01 -2.36221272e-01 -2.01090562e+01]
 [-7.20618393e-02  2.44691052e-01 -9.66919532e-01  1.42218006e+02]
 [ 0.00000000e+00  0.00000000e+00  0.00000000e+00  1.00000000e+00]]
