Object ID: 6
Inlier ration of P_pred: 0.8488371968269348
Num. of correspondences: 516
Avg. Euclidean Distance (ADD) [cm]: 1.1312557916903234
Add Score thres: 1
Add Score thres (xyz direction): 0
Add-S Score: 0
Avg. Euclidean Distance (ADD) ICP: 1.263810373114618e-07
Add Score ICP thres: 1.263810373114618e-07
Add Score ICP thres (xyz direction): 0
Add-S Score ICP: 0
Error [cm]: 4.231235821264783e-08
Error [deg]: 0.0
T_gt (Ground Truth Transformation):
[[-8.82758677e-01  3.13909620e-01 -3.49568188e-01 -7.86751099e+00]
 [ 4.65537697e-01  4.84115064e-01 -7.40882754e-01  9.25368347e+00]
 [-6.33389801e-02 -8.16757858e-01 -5.73493540e-01  1.26923389e+02]
 [ 0.00000000e+00  0.00000000e+00  0.00000000e+00  1.00000000e+00]]
T_pred (Predicted Transformation):
[[-9.53649223e-01  2.30753014e-01 -1.93148146e-01 -7.63961538e+00]
 [ 2.99819097e-01  6.73737791e-01 -6.75415352e-01  8.82212812e+00]
 [-2.57229228e-02 -7.02018829e-01 -7.11693681e-01  1.26773334e+02]
 [ 0.00000000e+00  0.00000000e+00  0.00000000e+00  1.00000000e+00]]
T_pred_ICP (Predicted Transformation from ICP):
[[-8.82758649e-01  3.13909616e-01 -3.49568191e-01 -7.86751099e+00]
 [ 4.65537688e-01  4.84115070e-01 -7.40882757e-01  9.25368347e+00]
 [-6.33389931e-02 -8.16757830e-01 -5.73493522e-01  1.26923389e+02]
 [ 0.00000000e+00  0.00000000e+00  0.00000000e+00  1.00000000e+00]]
