Object ID: 6
Inlier ration of P_pred: 0.0555555559694767
Num. of correspondences: 18
Avg. Euclidean Distance (ADD) [cm]: 3.8912831191178094
Add Score thres: 0
Add Score thres (xyz direction): 0
Add-S Score: 0
Avg. Euclidean Distance (ADD) ICP: 3.747877732217637
Add Score ICP thres: 3.747877732217637
Add Score ICP thres (xyz direction): 0
Add-S Score ICP: 0
Error [cm]: 1.4816432640503232
Error [deg]: 44.46924497328585
T_gt (Ground Truth Transformation):
[[-4.19653393e-02 -9.59752619e-01  2.77693748e-01 -7.92543888e-01]
 [-9.53942418e-01 -4.41426449e-02 -2.96724319e-01 -2.78414886e+01]
 [ 2.97040075e-01 -2.77355969e-01 -9.13696289e-01  1.20173828e+02]
 [ 0.00000000e+00  0.00000000e+00  0.00000000e+00  1.00000000e+00]]
T_pred (Predicted Transformation):
[[-5.42831210e-02 -9.63961798e-01 -2.60443841e-01 -4.52436756e-01]
 [-9.56863820e-01 -2.43381039e-02  2.89515608e-01 -2.85957656e+01]
 [-2.85420695e-01  2.64925099e-01 -9.21059020e-01  1.18856012e+02]
 [ 0.00000000e+00  0.00000000e+00  0.00000000e+00  1.00000000e+00]]
T_pred_ICP (Predicted Transformation from ICP):
[[-7.20512877e-02 -9.72224485e-01 -2.22683998e-01 -2.14548691e-01]
 [-9.63143403e-01  9.80857413e-03  2.68809555e-01 -2.86137400e+01]
 [-2.59159019e-01  2.33844698e-01 -9.37098319e-01  1.19049188e+02]
 [ 0.00000000e+00  0.00000000e+00  0.00000000e+00  1.00000000e+00]]
