Object ID: 6
Inlier ration of P_pred: 0.7404994964599609
Num. of correspondences: 1842
Avg. Euclidean Distance (ADD) [cm]: 1.7168021704275969
Add Score thres: 0
Add Score thres (xyz direction): 0
Add-S Score: 0
Avg. Euclidean Distance (ADD) ICP: 9.0975531924978e-08
Add Score ICP thres: 9.0975531924978e-08
Add Score ICP thres (xyz direction): 0
Add-S Score ICP: 0
Error [cm]: 2.693356039524441e-08
Error [deg]: 0.0
T_gt (Ground Truth Transformation):
[[-9.28395629e-01  2.02524647e-01 -3.11553121e-01 -2.70397552e+01]
 [ 3.65329802e-01  6.50753021e-01 -6.65623486e-01  1.81970749e+01]
 [ 6.79389834e-02 -7.31781542e-01 -6.78144574e-01  8.79414429e+01]
 [ 0.00000000e+00  0.00000000e+00  0.00000000e+00  1.00000000e+00]]
T_pred (Predicted Transformation):
[[-7.71102854e-01  4.45324127e-01 -4.55067918e-01 -2.59101264e+01]
 [ 6.32412533e-01  6.18584234e-01 -4.66270237e-01  1.78614207e+01]
 [ 7.38564532e-02 -6.47332965e-01 -7.58620628e-01  8.78264194e+01]
 [ 0.00000000e+00  0.00000000e+00  0.00000000e+00  1.00000000e+00]]
T_pred_ICP (Predicted Transformation from ICP):
[[-9.28395619e-01  2.02524646e-01 -3.11553114e-01 -2.70397552e+01]
 [ 3.65329811e-01  6.50753034e-01 -6.65623481e-01  1.81970749e+01]
 [ 6.79389748e-02 -7.31781563e-01 -6.78144556e-01  8.79414429e+01]
 [ 0.00000000e+00  0.00000000e+00  0.00000000e+00  1.00000000e+00]]
