Object ID: 12
Inlier ration of P_pred: 0.868852436542511
Num. of correspondences: 183
Avg. Euclidean Distance (ADD) [cm]: 9.273888885891457
Add Score thres: 0
Add Score thres (xyz direction): 0
Add-S Score: 0
Avg. Euclidean Distance (ADD) ICP: 9.150942026441033
Add Score ICP thres: 9.150942026441033
Add Score ICP thres (xyz direction): 0
Add-S Score ICP: 0
Error [cm]: 4.7465925034596825
Error [deg]: 178.53271245267442
T_gt (Ground Truth Transformation):
[[  0.57418627   0.80055422   0.17153186  14.7958725 ]
 [  0.79931486  -0.50278288  -0.32909781   7.77967606]
 [ -0.17721735   0.32607141  -0.92858589 136.63863525]
 [  0.           0.           0.           1.        ]]
T_pred (Predicted Transformation):
[[ 6.54558238e-01 -6.15389073e-01  4.39146675e-01  1.47060312e+01]
 [ 9.61375836e-02  6.43911148e-01  7.59036230e-01  4.08439655e+00]
 [-7.49874042e-01 -4.54614917e-01  4.80639364e-01  1.33339390e+02]
 [ 0.00000000e+00  0.00000000e+00  0.00000000e+00  1.00000000e+00]]
T_pred_ICP (Predicted Transformation from ICP):
[[ 6.57040217e-01 -5.96379282e-01  4.61118103e-01  1.47159475e+01]
 [ 7.49955449e-02  6.60355217e-01  7.47199207e-01  4.37014851e+00]
 [-7.50115872e-01 -4.56358126e-01  4.78605725e-01  1.33337291e+02]
 [ 0.00000000e+00  0.00000000e+00  0.00000000e+00  1.00000000e+00]]
