Object ID: 12
Inlier ration of P_pred: 0.9189189672470093
Num. of correspondences: 370
Avg. Euclidean Distance (ADD) [cm]: 0.5926121618794826
Add Score thres: 1
Add Score thres (xyz direction): 0
Add-S Score: 0
Avg. Euclidean Distance (ADD) ICP: 0.39267998298751655
Add Score ICP thres: 0.39267998298751655
Add Score ICP thres (xyz direction): 0
Add-S Score ICP: 0
Error [cm]: 0.3947051696230336
Error [deg]: 0.44589382296427055
T_gt (Ground Truth Transformation):
[[ 7.11964905e-01 -7.01636612e-01 -2.84956656e-02 -1.20389694e+01]
 [-4.82389867e-01 -4.59195495e-01 -7.45948732e-01  9.79039230e+00]
 [ 5.10299861e-01  5.44835329e-01 -6.65393472e-01  1.31943713e+02]
 [ 0.00000000e+00  0.00000000e+00  0.00000000e+00  1.00000000e+00]]
T_pred (Predicted Transformation):
[[ 7.26957328e-01 -6.84662215e-01 -5.26373863e-02 -1.26059496e+01]
 [-4.76906324e-01 -4.48240041e-01 -7.56069589e-01  9.74181726e+00]
 [ 4.94058096e-01  5.74733431e-01 -6.52371122e-01  1.32116878e+02]
 [ 0.00000000e+00  0.00000000e+00  0.00000000e+00  1.00000000e+00]]
T_pred_ICP (Predicted Transformation from ICP):
[[ 7.15311916e-01 -6.98035632e-01 -3.27890217e-02 -1.23182792e+01]
 [-4.80198271e-01 -4.56911397e-01 -7.48760039e-01  9.60965039e+00]
 [ 5.07679509e-01  5.51342210e-01 -6.62029670e-01  1.32156106e+02]
 [ 0.00000000e+00  0.00000000e+00  0.00000000e+00  1.00000000e+00]]
