Object ID: 8
Inlier ration of P_pred: 0.006211180239915848
Num. of correspondences: 4830
Avg. Euclidean Distance (ADD) [cm]: 9.95899305072468
Add Score thres: 0
Add Score thres (xyz direction): 0
Add-S Score: 0
Avg. Euclidean Distance (ADD) ICP: 9.970245393152931
Add Score ICP thres: 9.970245393152931
Add Score ICP thres (xyz direction): 0
Add-S Score ICP: 0
Error [cm]: 7.214506248044492
Error [deg]: 62.64667385000564
T_gt (Ground Truth Transformation):
[[ 1.48115635e-01 -9.87465501e-01 -5.45318387e-02  1.67267975e+01]
 [-9.77697909e-01 -1.37903333e-01 -1.58396959e-01 -1.20267115e+00]
 [ 1.48891404e-01  7.67767355e-02 -9.85868633e-01  6.82888000e+01]
 [ 0.00000000e+00  0.00000000e+00  0.00000000e+00  1.00000000e+00]]
T_pred (Predicted Transformation):
[[-3.72662068e-02 -6.19476121e-01 -7.84130452e-01  1.70994291e+01]
 [-7.13165334e-01  5.66144963e-01 -4.13370401e-01  9.17449001e-01]
 [ 7.00004598e-01  5.43809908e-01 -4.62886970e-01  6.13726228e+01]
 [ 0.00000000e+00  0.00000000e+00  0.00000000e+00  1.00000000e+00]]
T_pred_ICP (Predicted Transformation from ICP):
[[-3.89552705e-02 -6.10450860e-01 -7.91095591e-01  1.71218499e+01]
 [-7.12197873e-01  5.72281275e-01 -4.06532079e-01  9.13334581e-01]
 [ 7.00897051e-01  5.47580031e-01 -4.57055176e-01  6.14029048e+01]
 [ 0.00000000e+00  0.00000000e+00  0.00000000e+00  1.00000000e+00]]
