Object ID: 12
Inlier ration of P_pred: 0.0
Num. of correspondences: 35
Avg. Euclidean Distance (ADD) [cm]: 7.272533369297297
Add Score thres: 0
Add Score thres (xyz direction): 0
Add-S Score: 0
Avg. Euclidean Distance (ADD) ICP: 7.267744106657697
Add Score ICP thres: 7.267744106657697
Add Score ICP thres (xyz direction): 0
Add-S Score ICP: 0
Error [cm]: 2.545894766892451
Error [deg]: 175.76678609268578
T_gt (Ground Truth Transformation):
[[ 2.43926793e-01  9.46075797e-01 -2.13168070e-01 -3.53886948e+00]
 [ 6.07233882e-01 -3.20384115e-01 -7.27063656e-01  8.74741592e+00]
 [-7.56152749e-01  4.79075499e-02 -6.52639568e-01  9.28624023e+01]
 [ 0.00000000e+00  0.00000000e+00  0.00000000e+00  1.00000000e+00]]
T_pred (Predicted Transformation):
[[-0.91345241  0.39554782  0.09563799 -2.37304249]
 [-0.19228126 -0.62664204  0.75521366 10.22921997]
 [ 0.3586539   0.67146234  0.64846411 94.56645741]
 [ 0.          0.          0.          1.        ]]
T_pred_ICP (Predicted Transformation from ICP):
[[-9.18143992e-01  3.88172185e-01  7.95862044e-02 -2.41163114e+00]
 [-1.99060132e-01 -6.25509431e-01  7.54395795e-01  1.02159357e+01]
 [ 3.42617385e-01  6.76801527e-01  6.51577333e-01  9.46100761e+01]
 [ 0.00000000e+00  0.00000000e+00  0.00000000e+00  1.00000000e+00]]
