Object ID: 6
Inlier ration of P_pred: 0.15508365631103516
Num. of correspondences: 1554
Avg. Euclidean Distance (ADD) [cm]: 4.839858819409837
Add Score thres: 0
Add Score thres (xyz direction): 0
Add-S Score: 0
Avg. Euclidean Distance (ADD) ICP: 4.758305873692178
Add Score ICP thres: 4.758305873692178
Add Score ICP thres (xyz direction): 0
Add-S Score ICP: 0
Error [cm]: 2.8636186771481196
Error [deg]: 56.48293285347314
T_gt (Ground Truth Transformation):
[[-7.77664334e-02  9.39957261e-01 -3.32314044e-01  4.18968018e+01]
 [ 8.62083793e-01 -1.04023829e-01 -4.95974302e-01  6.33850708e+00]
 [-5.00763237e-01 -3.25052738e-01 -8.02232325e-01  1.14702771e+02]
 [ 0.00000000e+00  0.00000000e+00  0.00000000e+00  1.00000000e+00]]
T_pred (Predicted Transformation):
[[-4.29270874e-01  8.89272165e-01  1.57865555e-01  4.17643687e+01]
 [ 8.60043135e-02  2.14242894e-01 -9.72986763e-01  8.65234612e+00]
 [-8.99071618e-01 -4.04097760e-01 -1.68449476e-01  1.12930101e+02]
 [ 0.00000000e+00  0.00000000e+00  0.00000000e+00  1.00000000e+00]]
T_pred_ICP (Predicted Transformation from ICP):
[[-4.18045768e-01  8.96203941e-01  1.48513405e-01  4.17992147e+01]
 [ 1.07237637e-01  2.11026640e-01 -9.71580077e-01  8.62648367e+00]
 [-9.02074179e-01 -3.90238712e-01 -1.84325587e-01  1.12983483e+02]
 [ 0.00000000e+00  0.00000000e+00  0.00000000e+00  1.00000000e+00]]
