Object ID: 8
Inlier ration of P_pred: 0.0
Num. of correspondences: 254
Avg. Euclidean Distance (ADD) [cm]: 12.215615440264827
Add Score thres: 0
Add Score thres (xyz direction): 0
Add-S Score: 0
Avg. Euclidean Distance (ADD) ICP: 12.107399516941108
Add Score ICP thres: 12.107399516941108
Add Score ICP thres (xyz direction): 0
Add-S Score ICP: 0
Error [cm]: 9.294047239761305
Error [deg]: 83.97199697686187
T_gt (Ground Truth Transformation):
[[-2.13401303e-01  9.72210586e-01 -9.62624177e-02 -1.33988632e+01]
 [ 9.53739703e-01  1.85957834e-01 -2.36220613e-01  9.90199738e+00]
 [-2.11755425e-01 -1.42219082e-01 -9.66919482e-01  1.34991467e+02]
 [ 0.00000000e+00  0.00000000e+00  0.00000000e+00  1.00000000e+00]]
T_pred (Predicted Transformation):
[[  0.82558219   0.33785161   0.45196276 -19.26567215]
 [  0.51762106  -0.77234489  -0.36817361   2.69802017]
 [  0.22468309   0.53790302  -0.8125133  136.467529  ]
 [  0.           0.           0.           1.        ]]
T_pred_ICP (Predicted Transformation from ICP):
[[  0.83125339   0.33885707   0.44067413 -19.17022095]
 [  0.51137447  -0.77697391  -0.36716167   2.79362278]
 [  0.21797698   0.53055388  -0.81914505 136.5857554 ]
 [  0.           0.           0.           1.        ]]
