Object ID: 6
Inlier ration of P_pred: 0.948574960231781
Num. of correspondences: 3228
Avg. Euclidean Distance (ADD) [cm]: 1.0640942939171782
Add Score thres: 1
Add Score thres (xyz direction): 0
Add-S Score: 0
Avg. Euclidean Distance (ADD) ICP: 1.6891055791355696e-06
Add Score ICP thres: 1.6891055791355696e-06
Add Score ICP thres (xyz direction): 0
Add-S Score ICP: 0
Error [cm]: 7.507448314497843e-07
Error [deg]: 0.0
T_gt (Ground Truth Transformation):
[[-3.33982885e-01 -9.31603134e-01 -1.43428415e-01 -1.59443283e+01]
 [-7.98221767e-01  3.60465884e-01 -4.82604027e-01 -1.62223949e+00]
 [ 5.01296401e-01 -4.66936827e-02 -8.64015341e-01  8.39530762e+01]
 [ 0.00000000e+00  0.00000000e+00  0.00000000e+00  1.00000000e+00]]
T_pred (Predicted Transformation):
[[-4.35611325e-01 -8.83370083e-01 -1.72916366e-01 -1.55771877e+01]
 [-7.85351217e-01  4.66853634e-01 -4.06535547e-01 -6.05138898e-01]
 [ 4.39847974e-01 -4.12914097e-02 -8.97122500e-01  8.42392674e+01]
 [ 0.00000000e+00  0.00000000e+00  0.00000000e+00  1.00000000e+00]]
T_pred_ICP (Predicted Transformation from ICP):
[[-3.33982495e-01 -9.31602934e-01 -1.43428263e-01 -1.59443280e+01]
 [-7.98221650e-01  3.60465908e-01 -4.82603903e-01 -1.62223930e+00]
 [ 5.01296211e-01 -4.66937111e-02 -8.64014934e-01  8.39530768e+01]
 [ 0.00000000e+00  0.00000000e+00  0.00000000e+00  1.00000000e+00]]
