Object ID: 8
Inlier ration of P_pred: 0.0
Num. of correspondences: 397
Avg. Euclidean Distance (ADD) [cm]: 7.7362852397841015
Add Score thres: 0
Add Score thres (xyz direction): 0
Add-S Score: 0
Avg. Euclidean Distance (ADD) ICP: 7.6741743821840585
Add Score ICP thres: 7.6741743821840585
Add Score ICP thres (xyz direction): 0
Add-S Score ICP: 0
Error [cm]: 6.337504627955959
Error [deg]: 64.5206799837767
T_gt (Ground Truth Transformation):
[[-8.69070590e-01  4.66659844e-01  1.64149299e-01  2.77449951e+01]
 [-3.55641395e-02  2.72025853e-01 -9.61632550e-01 -3.67367134e+00]
 [-4.93408144e-01 -8.41564357e-01 -2.19813377e-01  8.18656738e+01]
 [ 0.00000000e+00  0.00000000e+00  0.00000000e+00  1.00000000e+00]]
T_pred (Predicted Transformation):
[[-0.44726198  0.58402763 -0.67739829 32.08000535]
 [ 0.20147188 -0.67212204 -0.71250336 -7.50798823]
 [-0.87141597 -0.45515237  0.1829495  79.25459904]
 [ 0.          0.          0.          1.        ]]
T_pred_ICP (Predicted Transformation from ICP):
[[-0.46126585  0.57882571 -0.67245417 32.20653944]
 [ 0.22712117 -0.65561778 -0.7201259  -7.43394046]
 [-0.85770029 -0.48489806  0.17095052 79.39201998]
 [ 0.          0.          0.          1.        ]]
