Object ID: 11
Inlier ration of P_pred: 0.0
Num. of correspondences: 289
Avg. Euclidean Distance (ADD) [cm]: 7.343275918889112
Add Score thres: 0
Add Score thres (xyz direction): 0
Add-S Score: 0
Avg. Euclidean Distance (ADD) ICP: 7.227278909592495
Add Score ICP thres: 7.227278909592495
Add Score ICP thres (xyz direction): 0
Add-S Score ICP: 0
Error [cm]: 3.5087401100053475
Error [deg]: 157.6522969697789
T_gt (Ground Truth Transformation):
[[ 2.80797273e-01 -9.44314420e-01  1.71531990e-01  2.04496500e-06]
 [-8.87127876e-01 -3.23572308e-01 -3.29097688e-01 -1.19311284e-05]
 [ 3.66274655e-01 -5.97610511e-02 -9.28585887e-01  1.32246497e+02]
 [ 0.00000000e+00  0.00000000e+00  0.00000000e+00  1.00000000e+00]]
T_pred (Predicted Transformation):
[[ 1.38543954e-01  6.32258114e-01 -7.62269801e-01  3.57219141e+00]
 [ 9.54053675e-01 -2.91691393e-01 -6.85398814e-02 -5.00667561e-02]
 [-2.65682437e-01 -7.17750519e-01 -6.43620257e-01  1.32540885e+02]
 [ 0.00000000e+00  0.00000000e+00  0.00000000e+00  1.00000000e+00]]
T_pred_ICP (Predicted Transformation from ICP):
[[ 1.69460764e-01  6.50022558e-01 -7.40779132e-01  3.49138739e+00]
 [ 9.47936596e-01 -3.13145752e-01 -5.79305505e-02  3.37627613e-02]
 [-2.69628003e-01 -6.92394694e-01 -6.69246089e-01  1.32593404e+02]
 [ 0.00000000e+00  0.00000000e+00  0.00000000e+00  1.00000000e+00]]
