Object ID: 12
Inlier ration of P_pred: 0.8760000467300415
Num. of correspondences: 250
Avg. Euclidean Distance (ADD) [cm]: 1.636204507252876
Add Score thres: 0
Add Score thres (xyz direction): 0
Add-S Score: 0
Avg. Euclidean Distance (ADD) ICP: 7.268910530590041e-07
Add Score ICP thres: 7.268910530590041e-07
Add Score ICP thres (xyz direction): 0
Add-S Score ICP: 0
Error [cm]: 1.833917573716792e-07
Error [deg]: 0.0
T_gt (Ground Truth Transformation):
[[-6.30959868e-01  7.65473008e-01  1.26257777e-01  1.05250618e+01]
 [ 4.72505987e-01  5.08235812e-01 -7.20023990e-01 -5.55469692e-02]
 [-6.15327656e-01 -3.94648582e-01 -6.82367027e-01  1.48828931e+02]
 [ 0.00000000e+00  0.00000000e+00  0.00000000e+00  1.00000000e+00]]
T_pred (Predicted Transformation):
[[-6.87363277e-01  7.26302406e-01 -4.06704327e-03  1.14301939e+01]
 [ 5.91403878e-01  5.56428893e-01 -5.83633738e-01 -1.00842753e+00]
 [-4.21631567e-01 -4.03573664e-01 -8.12006847e-01  1.48516443e+02]
 [ 0.00000000e+00  0.00000000e+00  0.00000000e+00  1.00000000e+00]]
T_pred_ICP (Predicted Transformation from ICP):
[[-6.30959699e-01  7.65472958e-01  1.26257710e-01  1.05250618e+01]
 [ 4.72505954e-01  5.08235834e-01 -7.20023930e-01 -5.55469408e-02]
 [-6.15327540e-01 -3.94648562e-01 -6.82366859e-01  1.48828931e+02]
 [ 0.00000000e+00  0.00000000e+00  0.00000000e+00  1.00000000e+00]]
