Object ID: 6
Inlier ration of P_pred: 0.7899999618530273
Num. of correspondences: 100
Avg. Euclidean Distance (ADD) [cm]: 3.527820845468013
Add Score thres: 0
Add Score thres (xyz direction): 0
Add-S Score: 0
Avg. Euclidean Distance (ADD) ICP: 3.4868250462181583
Add Score ICP thres: 3.4868250462181583
Add Score ICP thres (xyz direction): 0
Add-S Score ICP: 0
Error [cm]: 1.798495769669512
Error [deg]: 48.23005045565955
T_gt (Ground Truth Transformation):
[[ -0.96064287  -0.25921321   0.09987146 -21.09990997]
 [ -0.2211297    0.49597701  -0.83970743  23.75104828]
 [  0.16812928  -0.82874328  -0.53377664  96.2083252 ]
 [  0.           0.           0.           1.        ]]
T_pred (Predicted Transformation):
[[-8.98240531e-01  4.36654760e-01  4.99656721e-02 -2.24830940e+01]
 [ 3.41622913e-01  7.65192922e-01 -5.45686336e-01  2.27295011e+01]
 [-2.76509915e-01 -4.73088166e-01 -8.36498568e-01  9.58494516e+01]
 [ 0.00000000e+00  0.00000000e+00  0.00000000e+00  1.00000000e+00]]
T_pred_ICP (Predicted Transformation from ICP):
[[-9.08312672e-01  4.16737644e-01  3.60253621e-02 -2.25406310e+01]
 [ 3.33757646e-01  7.73969867e-01 -5.38123108e-01  2.27784757e+01]
 [-2.52138701e-01 -4.76760298e-01 -8.42096012e-01  9.57467923e+01]
 [ 0.00000000e+00  0.00000000e+00  0.00000000e+00  1.00000000e+00]]
