Object ID: 5
Inlier ration of P_pred: 0.0
Num. of correspondences: 88
Avg. Euclidean Distance (ADD) [cm]: 12.748087898455166
Add Score thres: 0
Add Score thres (xyz direction): 0
Add-S Score: 0
Avg. Euclidean Distance (ADD) ICP: 12.675862893672036
Add Score ICP thres: 12.675862893672036
Add Score ICP thres (xyz direction): 0
Add-S Score ICP: 0
Error [cm]: 9.023961112285875
Error [deg]: 168.2803036531113
T_gt (Ground Truth Transformation):
[[ 3.24851692e-01  8.45389724e-01 -4.24013913e-01 -3.04267700e+01]
 [ 5.84906995e-01 -5.31890392e-01 -6.12353563e-01 -3.45277824e+00]
 [-7.43206143e-01 -4.90845181e-02 -6.67259872e-01  1.30011243e+02]
 [ 0.00000000e+00  0.00000000e+00  0.00000000e+00  1.00000000e+00]]
T_pred (Predicted Transformation):
[[-5.70028244e-01 -7.51024905e-01 -3.33210735e-01 -3.16473720e+01]
 [-5.52348577e-01  6.50515098e-01 -5.21287978e-01 -8.20774721e+00]
 [ 6.08258868e-01 -1.13100395e-01 -7.85639517e-01  1.37719909e+02]
 [ 0.00000000e+00  0.00000000e+00  0.00000000e+00  1.00000000e+00]]
T_pred_ICP (Predicted Transformation from ICP):
[[-5.56378262e-01 -7.57865552e-01 -3.40709606e-01 -3.16506554e+01]
 [-5.61723943e-01  6.45197795e-01 -5.17866795e-01 -8.20982789e+00]
 [ 6.12298490e-01 -9.67450837e-02 -7.84685254e-01  1.37581213e+02]
 [ 0.00000000e+00  0.00000000e+00  0.00000000e+00  1.00000000e+00]]
