Object ID: 12
Inlier ration of P_pred: 0.7911548018455505
Num. of correspondences: 407
Avg. Euclidean Distance (ADD) [cm]: 9.502266807555884
Add Score thres: 0
Add Score thres (xyz direction): 0
Add-S Score: 0
Avg. Euclidean Distance (ADD) ICP: 9.392780801701617
Add Score ICP thres: 9.392780801701617
Add Score ICP thres (xyz direction): 0
Add-S Score ICP: 0
Error [cm]: 5.276881771481075
Error [deg]: 177.57845623094366
T_gt (Ground Truth Transformation):
[[-8.57734621e-01 -5.13356209e-01 -2.75136251e-02 -2.65697205e+01]
 [-5.01622498e-01  8.47445071e-01 -1.73815280e-01 -2.59943115e+01]
 [ 1.12545438e-01 -1.35285914e-01 -9.84394014e-01  1.27964734e+02]
 [ 0.00000000e+00  0.00000000e+00  0.00000000e+00  1.00000000e+00]]
T_pred (Predicted Transformation):
[[ 1.16562371e-01  9.47831657e-01 -2.96695744e-01 -2.61868166e+01]
 [-9.08819919e-01 -1.86948250e-02 -4.16769550e-01 -2.45972047e+01]
 [-4.00574048e-01  3.18222649e-01  8.59229177e-01  1.22734354e+02]
 [ 0.00000000e+00  0.00000000e+00  0.00000000e+00  1.00000000e+00]]
T_pred_ICP (Predicted Transformation from ICP):
[[ 1.09311120e-01  9.33743337e-01 -3.40843746e-01 -2.60341834e+01]
 [-9.04389269e-01 -4.88618287e-02 -4.23901606e-01 -2.46888654e+01]
 [-4.12469549e-01  3.54592586e-01  8.39126313e-01  1.22880003e+02]
 [ 0.00000000e+00  0.00000000e+00  0.00000000e+00  1.00000000e+00]]
