Object ID: 8
Inlier ration of P_pred: 0.16481070220470428
Num. of correspondences: 449
Avg. Euclidean Distance (ADD) [cm]: 15.994569043446319
Add Score thres: 0
Add Score thres (xyz direction): 0
Add-S Score: 0
Avg. Euclidean Distance (ADD) ICP: 16.031039548430392
Add Score ICP thres: 16.031039548430392
Add Score ICP thres (xyz direction): 0
Add-S Score ICP: 0
Error [cm]: 2.7433148738587434
Error [deg]: 178.44658224242397
T_gt (Ground Truth Transformation):
[[-3.86187851e-01  8.20913374e-01  4.20666367e-01  1.63357208e+01]
 [ 4.15496826e-01  5.61973333e-01 -7.15226114e-01 -1.44242126e+01]
 [-8.23541939e-01 -1.01426072e-01 -5.58114171e-01  1.43221228e+02]
 [ 0.00000000e+00  0.00000000e+00  0.00000000e+00  1.00000000e+00]]
T_pred (Predicted Transformation):
[[ 7.10976044e-01  3.10530321e-01 -6.30938971e-01  1.81649098e+01]
 [-2.34062440e-02  9.07171796e-01  4.20108890e-01 -1.65549391e+01]
 [ 7.02826588e-01 -2.83919445e-01  6.52245764e-01  1.43329457e+02]
 [ 0.00000000e+00  0.00000000e+00  0.00000000e+00  1.00000000e+00]]
T_pred_ICP (Predicted Transformation from ICP):
[[ 7.01866649e-01  3.50634337e-01 -6.20031265e-01  1.81447789e+01]
 [-5.76078184e-02  8.95543863e-01  4.41228432e-01 -1.64814570e+01]
 [ 7.09975032e-01 -2.73964872e-01  6.48751649e-01  1.43365557e+02]
 [ 0.00000000e+00  0.00000000e+00  0.00000000e+00  1.00000000e+00]]
