Object ID: 11
Inlier ration of P_pred: 0.0
Num. of correspondences: 104
Avg. Euclidean Distance (ADD) [cm]: 5.963078503301368
Add Score thres: 0
Add Score thres (xyz direction): 0.0
Add-S Score: 1.0
Avg. Euclidean Distance (ADD) ICP: 5.887996771820745
Add Score ICP thres: 5.887996771820745
Add Score ICP thres (xyz direction): 0.0
Add-S Score ICP: 1.0
Error [cm]: 0.8455695999197981
Error [deg]: 114.84155007946539
T_gt (Ground Truth Transformation):
[[ 2.83492774e-01 -8.94055665e-01  3.46837640e-01  1.85795578e+01]
 [-6.47434354e-01 -4.45245415e-01 -6.18534863e-01 -1.93088303e+01]
 [ 7.07432449e-01 -4.92044315e-02 -7.05066204e-01  1.29030994e+02]
 [ 0.00000000e+00  0.00000000e+00  0.00000000e+00  1.00000000e+00]]
T_pred (Predicted Transformation):
[[ -0.33132705  -0.54131232   0.77278934  19.35026977]
 [ -0.44770572   0.81117064   0.37624697 -19.4420396 ]
 [ -0.83053114  -0.2213214   -0.5111114  129.50926638]
 [  0.           0.           0.           1.        ]]
T_pred_ICP (Predicted Transformation from ICP):
[[ -0.33817982  -0.53022663   0.77749221  19.24784115]
 [ -0.45954404   0.81401333   0.35524861 -19.42058938]
 [ -0.8212513   -0.237154    -0.51894536 129.53685451]
 [  0.           0.           0.           1.        ]]
