Object ID: 11
Inlier ration of P_pred: 0.7894737124443054
Num. of correspondences: 19
Avg. Euclidean Distance (ADD) [cm]: 2.3360963055147894
Add Score thres: 0
Add Score thres (xyz direction): 1.0
Add-S Score: 1.0
Avg. Euclidean Distance (ADD) ICP: 2.1088339779844016
Add Score ICP thres: 2.1088339779844016
Add Score ICP thres (xyz direction): 1.0
Add-S Score ICP: 1.0
Error [cm]: 1.3392765393299824
Error [deg]: 17.80359414302583
T_gt (Ground Truth Transformation):
[[ 6.77417994e-01 -7.29490697e-01  9.45952833e-02  2.48618118e+01]
 [-7.15759158e-01 -6.83339715e-01 -1.43999800e-01 -1.08594826e+01]
 [ 1.69687212e-01  2.98406258e-02 -9.85046268e-01  6.72325073e+01]
 [ 0.00000000e+00  0.00000000e+00  0.00000000e+00  1.00000000e+00]]
T_pred (Predicted Transformation):
[[ 6.43761548e-01 -7.62212237e-01 -6.78496519e-02  2.46580201e+01]
 [-7.47210301e-01 -6.45255966e-01  1.59127323e-01 -1.16131789e+01]
 [-1.65069186e-01 -5.17420929e-02 -9.84923814e-01  6.84578081e+01]
 [ 0.00000000e+00  0.00000000e+00  0.00000000e+00  1.00000000e+00]]
T_pred_ICP (Predicted Transformation from ICP):
[[ 6.44402040e-01 -7.62534449e-01 -5.73343232e-02  2.47654546e+01]
 [-7.53720084e-01 -6.46025131e-01  1.20654737e-01 -1.14946512e+01]
 [-1.29042807e-01 -3.45361280e-02 -9.91037441e-01  6.84076404e+01]
 [ 0.00000000e+00  0.00000000e+00  0.00000000e+00  1.00000000e+00]]
