Object ID: 6
Inlier ration of P_pred: 0.003546099178493023
Num. of correspondences: 564
Avg. Euclidean Distance (ADD) [cm]: 3.071511109606876
Add Score thres: 0
Add Score thres (xyz direction): 0.6666666666666666
Add-S Score: 1.0
Avg. Euclidean Distance (ADD) ICP: 2.8998021074440263
Add Score ICP thres: 2.8998021074440263
Add Score ICP thres (xyz direction): 0.6666666666666666
Add-S Score ICP: 1.0
Error [cm]: 2.2839195558190064
Error [deg]: 48.600585225418435
T_gt (Ground Truth Transformation):
[[ 6.89482987e-01 -7.19631255e-01 -8.21219161e-02 -9.17503130e-06]
 [-5.09538233e-01 -4.01335359e-01 -7.61118054e-01 -5.42587542e-05]
 [ 5.14765918e-01  5.66622198e-01 -6.43393576e-01  1.44925427e+02]
 [ 0.00000000e+00  0.00000000e+00  0.00000000e+00  1.00000000e+00]]
T_pred (Predicted Transformation):
[[ 2.98911737e-01 -8.02681327e-01 -5.16095399e-01 -1.25732551e+00]
 [-9.45907505e-01 -3.20706113e-01 -4.90569133e-02  1.99272483e+00]
 [-1.26137881e-01  5.02842198e-01 -8.55125113e-01  1.44815484e+02]
 [ 0.00000000e+00  0.00000000e+00  0.00000000e+00  1.00000000e+00]]
T_pred_ICP (Predicted Transformation from ICP):
[[ 3.48160692e-01 -7.97631393e-01 -4.92512226e-01 -1.15421991e+00]
 [-9.32054359e-01 -3.50747055e-01 -9.08359762e-02  1.96000572e+00]
 [-1.00293587e-01  4.90673684e-01 -8.65552155e-01  1.44719877e+02]
 [ 0.00000000e+00  0.00000000e+00  0.00000000e+00  1.00000000e+00]]
