Object ID: 6
Inlier ration of P_pred: 0.8317307829856873
Num. of correspondences: 1664
Avg. Euclidean Distance (ADD) [cm]: 2.479516948568343
Add Score thres: 0
Add Score thres (xyz direction): 0.6666666666666666
Add-S Score: 1.0
Avg. Euclidean Distance (ADD) ICP: 2.4350315360076538
Add Score ICP thres: 2.4350315360076538
Add Score ICP thres (xyz direction): 0.6666666666666666
Add-S Score ICP: 1.0
Error [cm]: 1.667260839580181
Error [deg]: 21.781242323368925
T_gt (Ground Truth Transformation):
[[-9.28395629e-01  2.02524647e-01 -3.11553121e-01 -2.70397552e+01]
 [ 3.65329802e-01  6.50753021e-01 -6.65623486e-01  1.81970749e+01]
 [ 6.79389834e-02 -7.31781542e-01 -6.78144574e-01  8.79414429e+01]
 [ 0.00000000e+00  0.00000000e+00  0.00000000e+00  1.00000000e+00]]
T_pred (Predicted Transformation):
[[ -0.83772119   0.22056243  -0.49957524 -25.29584152]
 [  0.45674904   0.78443101  -0.41958111  17.88661628]
 [  0.29933848  -0.57967249  -0.75787616  87.69692446]
 [  0.           0.           0.           1.        ]]
T_pred_ICP (Predicted Transformation from ICP):
[[ -0.75074821   0.20479812  -0.62804049 -25.52221263]
 [  0.57426836   0.67221927  -0.46726557  17.72645899]
 [  0.32648581  -0.71146257  -0.62227649  87.43612735]
 [  0.           0.           0.           1.        ]]
