Object ID: 11
Inlier ration of P_pred: 0.09299516677856445
Num. of correspondences: 828
Avg. Euclidean Distance (ADD) [cm]: 6.619013443959781
Add Score thres: 0
Add Score thres (xyz direction): 0.0
Add-S Score: 1.0
Avg. Euclidean Distance (ADD) ICP: 6.674307720370035
Add Score ICP thres: 6.674307720370035
Add Score ICP thres (xyz direction): 0.0
Add-S Score ICP: 1.0
Error [cm]: 4.950088152793429
Error [deg]: 142.53112005381507
T_gt (Ground Truth Transformation):
[[-9.02299166e-01 -7.79058635e-02 -4.24014091e-01 -3.53259544e+00]
 [ 2.22253725e-01  7.58700550e-01 -6.12353563e-01 -1.81270462e+01]
 [ 3.69405657e-01 -6.46764457e-01 -6.67260170e-01  1.27955444e+02]
 [ 0.00000000e+00  0.00000000e+00  0.00000000e+00  1.00000000e+00]]
T_pred (Predicted Transformation):
[[  0.80000105  -0.39806308  -0.44893665  -2.38634012]
 [ -0.53585548  -0.13740707  -0.83305354 -14.24704748]
 [  0.26992079   0.90700887  -0.32323008 125.12085652]
 [  0.           0.           0.           1.        ]]
T_pred_ICP (Predicted Transformation from ICP):
[[  0.83586839  -0.33307136  -0.43633417  -2.53534668]
 [ -0.50998985  -0.17715152  -0.84174087 -14.18154221]
 [  0.20306251   0.92611058  -0.31793837 125.13731271]
 [  0.           0.           0.           1.        ]]
