Object ID: 8
Inlier ration of P_pred: 0.0
Num. of correspondences: 308
Avg. Euclidean Distance (ADD) [cm]: 12.661794449451595
Add Score thres: 0
Add Score thres (xyz direction): 0.0
Add-S Score: 1.0
Avg. Euclidean Distance (ADD) ICP: 12.62973690312839
Add Score ICP thres: 12.62973690312839
Add Score ICP thres (xyz direction): 0.0
Add-S Score ICP: 1.0
Error [cm]: 6.461053511554325
Error [deg]: 177.12659493211183
T_gt (Ground Truth Transformation):
[[-8.93821001e-01  2.22629040e-01 -3.89256388e-01  4.72161102e+00]
 [ 4.30146962e-01  1.80366054e-01 -8.84557366e-01 -2.19159363e+01]
 [-1.26719490e-01 -9.58073318e-01 -2.56978244e-01  1.81789136e+02]
 [ 0.00000000e+00  0.00000000e+00  0.00000000e+00  1.00000000e+00]]
T_pred (Predicted Transformation):
[[ 9.07009589e-01 -4.18187530e-01 -4.95257129e-02  5.79815431e+00]
 [-3.37647946e-01 -6.51916920e-01 -6.78968478e-01 -2.80661628e+01]
 [ 2.51649500e-01  6.32553175e-01 -7.32495058e-01  1.79887859e+02]
 [ 0.00000000e+00  0.00000000e+00  0.00000000e+00  1.00000000e+00]]
T_pred_ICP (Predicted Transformation from ICP):
[[ 9.08914045e-01 -4.13317708e-01 -5.51700231e-02  5.81822935e+00]
 [-3.40858442e-01 -6.60238541e-01 -6.69253758e-01 -2.80022438e+01]
 [ 2.40189053e-01  6.27099308e-01 -7.40982912e-01  1.79918440e+02]
 [ 0.00000000e+00  0.00000000e+00  0.00000000e+00  1.00000000e+00]]
