Object ID: 12
Inlier ration of P_pred: 0.98591548204422
Num. of correspondences: 71
Avg. Euclidean Distance (ADD) [cm]: 8.924845519380046
Add Score thres: 0
Add Score thres (xyz direction): 0.3333333333333333
Add-S Score: 0.6666666666666666
Avg. Euclidean Distance (ADD) ICP: 8.854070302624676
Add Score ICP thres: 8.854070302624676
Add Score ICP thres (xyz direction): 0.3333333333333333
Add-S Score ICP: 0.6666666666666666
Error [cm]: 4.626941840686669
Error [deg]: 155.97685940439342
T_gt (Ground Truth Transformation):
[[ 1.96997244e-02 -9.25052166e-01 -3.79329234e-01  7.55414734e+00]
 [-7.84175575e-01  2.21065372e-01 -5.79826653e-01 -1.52130020e+01]
 [ 6.20226443e-01  3.08883160e-01 -7.21048355e-01  1.08853040e+02]
 [ 0.00000000e+00  0.00000000e+00  0.00000000e+00  1.00000000e+00]]
T_pred (Predicted Transformation):
[[ 2.66666346e-01  9.63235621e-01  3.26526896e-02  5.61672980e+00]
 [-9.00704390e-01  2.61124537e-01 -3.47196742e-01 -1.56229233e+01]
 [-3.42958688e-01  6.31752655e-02  9.37223679e-01  1.04485300e+02]
 [ 0.00000000e+00  0.00000000e+00  0.00000000e+00  1.00000000e+00]]
T_pred_ICP (Predicted Transformation from ICP):
[[ 2.40219321e-01  9.69346745e-01  5.15903654e-02  5.61466205e+00]
 [-9.08300332e-01  2.43205374e-01 -3.40355187e-01 -1.56063890e+01]
 [-3.42469247e-01  3.49003459e-02  9.38880600e-01  1.04670668e+02]
 [ 0.00000000e+00  0.00000000e+00  0.00000000e+00  1.00000000e+00]]
