Object ID: 8
Inlier ration of P_pred: 0.47817108035087585
Num. of correspondences: 3390
Avg. Euclidean Distance (ADD) [cm]: 4.352341357167377
Add Score thres: 0
Add Score thres (xyz direction): 0.6666666666666666
Add-S Score: 1.0
Avg. Euclidean Distance (ADD) ICP: 4.131982288070473
Add Score ICP thres: 4.131982288070473
Add Score ICP thres (xyz direction): 0.6666666666666666
Add-S Score ICP: 1.0
Error [cm]: 3.0529806529629306
Error [deg]: 27.51666556092626
T_gt (Ground Truth Transformation):
[[-2.91637391e-01  9.55296397e-01  4.85464744e-02  2.41211746e+01]
 [ 9.11372364e-01  2.92921066e-01 -2.89132923e-01  5.76638842e-01]
 [-2.90427893e-01 -4.00780179e-02 -9.56057429e-01  1.06380334e+02]
 [ 0.00000000e+00  0.00000000e+00  0.00000000e+00  1.00000000e+00]]
T_pred (Predicted Transformation):
[[-9.79678080e-02  8.66656542e-01  4.89191932e-01  2.15223544e+01]
 [ 9.33803527e-01  2.50020654e-01 -2.55930940e-01 -1.36755704e+00]
 [-3.44112311e-01  4.31736158e-01 -8.33780911e-01  1.06946778e+02]
 [ 0.00000000e+00  0.00000000e+00  0.00000000e+00  1.00000000e+00]]
T_pred_ICP (Predicted Transformation from ICP):
[[ -0.10991943   0.87123103   0.47840799  21.716371  ]
 [  0.92909537   0.26106867  -0.26196364  -1.24841238]
 [ -0.3531282    0.41569175  -0.83815323 106.83508546]
 [  0.           0.           0.           1.        ]]
