Object ID: 5
Inlier ration of P_pred: 0.0
Num. of correspondences: 25
Avg. Euclidean Distance (ADD) [cm]: 10.923938339680404
Add Score thres: 0
Add Score thres (xyz direction): 0.0
Add-S Score: 1.0
Avg. Euclidean Distance (ADD) ICP: 10.90346247386208
Add Score ICP thres: 10.90346247386208
Add Score ICP thres (xyz direction): 0.0
Add-S Score ICP: 1.0
Error [cm]: 4.194922221300437
Error [deg]: 115.7520330675344
T_gt (Ground Truth Transformation):
[[ 1.29013702e-01 -9.87523615e-01 -9.02931839e-02  3.80278511e+00]
 [-1.60270184e-01  6.90921545e-02 -9.84652281e-01 -4.13315506e+00]
 [ 9.78605747e-01  1.41505092e-01 -1.49356872e-01  1.35367395e+02]
 [ 0.00000000e+00  0.00000000e+00  0.00000000e+00  1.00000000e+00]]
T_pred (Predicted Transformation):
[[ 6.80582763e-01  4.06188439e-01  6.09768853e-01  2.41209588e+00]
 [ 4.75054801e-01 -8.78247724e-01  5.48075934e-02 -2.57620094e+00]
 [ 5.57790318e-01  2.52372517e-01 -7.90682031e-01  1.31729252e+02]
 [ 0.00000000e+00  0.00000000e+00  0.00000000e+00  1.00000000e+00]]
T_pred_ICP (Predicted Transformation from ICP):
[[ 6.78603943e-01  4.13299874e-01  6.07190170e-01  2.38606625e+00]
 [ 4.86477782e-01 -8.72259236e-01  5.00319221e-02 -2.51064150e+00]
 [ 5.50305421e-01  2.61432668e-01 -7.92979763e-01  1.31767710e+02]
 [ 0.00000000e+00  0.00000000e+00  0.00000000e+00  1.00000000e+00]]
