Object ID: 11
Inlier ration of P_pred: 0.0
Num. of correspondences: 429
Avg. Euclidean Distance (ADD) [cm]: 8.098451508133476
Add Score thres: 0
Add Score thres (xyz direction): 0.0
Add-S Score: 1.0
Avg. Euclidean Distance (ADD) ICP: 8.075868426493797
Add Score ICP thres: 8.075868426493797
Add Score ICP thres (xyz direction): 0.0
Add-S Score ICP: 1.0
Error [cm]: 5.076806255090126
Error [deg]: 67.94589574633265
T_gt (Ground Truth Transformation):
[[ 9.74501014e-01  3.06829084e-02  2.22275391e-01  3.54580536e+01]
 [ 1.84320152e-01 -6.74383819e-01 -7.15005636e-01  1.35104126e+01]
 [ 1.27960429e-01  7.37743497e-01 -6.62843227e-01  1.34389624e+02]
 [ 0.00000000e+00  0.00000000e+00  0.00000000e+00  1.00000000e+00]]
T_pred (Predicted Transformation):
[[  0.92796157  -0.21210795  -0.30642707  34.88703612]
 [ -0.22765902   0.32835113  -0.91670983  15.38331403]
 [  0.29505712   0.92043237   0.25640894 129.6311245 ]
 [  0.           0.           0.           1.        ]]
T_pred_ICP (Predicted Transformation from ICP):
[[  0.92550246  -0.20579874  -0.3179498   34.94740166]
 [ -0.2388738    0.33428627  -0.91169732  15.33027574]
 [  0.29391241   0.91972799   0.26022284 129.67779906]
 [  0.           0.           0.           1.        ]]
