Object ID: 5
Inlier ration of P_pred: 0.0
Num. of correspondences: 461
Avg. Euclidean Distance (ADD) [cm]: 14.132753149231824
Add Score thres: 0
Add Score thres (xyz direction): 0.0
Add-S Score: 1.0
Avg. Euclidean Distance (ADD) ICP: 14.126469608206467
Add Score ICP thres: 14.126469608206467
Add Score ICP thres (xyz direction): 0.0
Add-S Score ICP: 1.0
Error [cm]: 5.636049363102784
Error [deg]: 179.23741435380143
T_gt (Ground Truth Transformation):
[[ 8.75411510e-01 -4.18374717e-01 -2.42110029e-01  1.10946808e+01]
 [-4.83377457e-01 -7.58671582e-01 -4.36764985e-01  2.36031815e+01]
 [-9.50588554e-04  4.99379605e-01 -8.66382778e-01  6.57054932e+01]
 [ 0.00000000e+00  0.00000000e+00  0.00000000e+00  1.00000000e+00]]
T_pred (Predicted Transformation):
[[ 1.28393755e-01  9.79921214e-01  1.52543298e-01  6.83862459e+00]
 [-8.32500480e-01  2.29073897e-02  5.53550542e-01  2.23732506e+01]
 [ 5.38941550e-01 -1.98064802e-01  8.18726047e-01  6.22328968e+01]
 [ 0.00000000e+00  0.00000000e+00  0.00000000e+00  1.00000000e+00]]
T_pred_ICP (Predicted Transformation from ICP):
[[ 1.20910091e-01  9.78965327e-01  1.64340008e-01  6.81861529e+00]
 [-8.28985894e-01  8.51209878e-03  5.59204732e-01  2.23520962e+01]
 [ 5.46043165e-01 -2.03849043e-01  8.12577645e-01  6.22536673e+01]
 [ 0.00000000e+00  0.00000000e+00  0.00000000e+00  1.00000000e+00]]
