Object ID: 8
Inlier ration of P_pred: 0.0
Num. of correspondences: 1472
Avg. Euclidean Distance (ADD) [cm]: 20.51210527326999
Add Score thres: 0
Add Score thres (xyz direction): 0.0
Add-S Score: 0.6666666666666666
Avg. Euclidean Distance (ADD) ICP: 20.507581470646386
Add Score ICP thres: 20.507581470646386
Add Score ICP thres (xyz direction): 0.0
Add-S Score ICP: 0.6666666666666666
Error [cm]: 17.367368986463063
Error [deg]: 179.8838389925317
T_gt (Ground Truth Transformation):
[[-2.06940725e-01 -9.66180801e-01  1.53852031e-01 -9.48008601e-06]
 [-9.66061831e-01  1.76948860e-01 -1.88185662e-01 -1.28716429e-06]
 [ 1.54597402e-01 -1.87573820e-01 -9.70008314e-01  7.85623657e+01]
 [ 0.00000000e+00  0.00000000e+00  0.00000000e+00  1.00000000e+00]]
T_pred (Predicted Transformation):
[[ 1.57112891e-01 -7.51876795e-01  6.40309944e-01 -5.09337525e+00]
 [ 9.76284041e-01  2.16032444e-01  1.41228073e-02 -3.26165564e+00]
 [-1.48946333e-01  6.22905505e-01  7.67986798e-01  6.22748401e+01]
 [ 0.00000000e+00  0.00000000e+00  0.00000000e+00  1.00000000e+00]]
T_pred_ICP (Predicted Transformation from ICP):
[[ 1.61629457e-01 -7.48633910e-01  6.42979928e-01 -5.16199484e+00]
 [ 9.76119506e-01  2.17107807e-01  7.41018714e-03 -3.23018359e+00]
 [-1.45143480e-01  6.26427545e-01  7.65847179e-01  6.22975160e+01]
 [ 0.00000000e+00  0.00000000e+00  0.00000000e+00  1.00000000e+00]]
