Object ID: 11
Inlier ration of P_pred: 0.9512194991111755
Num. of correspondences: 41
Avg. Euclidean Distance (ADD) [cm]: 7.0333083691501646
Add Score thres: 0
Add Score thres (xyz direction): 0.3333333333333333
Add-S Score: 1.0
Avg. Euclidean Distance (ADD) ICP: 7.091521683301497
Add Score ICP thres: 7.091521683301497
Add Score ICP thres (xyz direction): 0.3333333333333333
Add-S Score ICP: 1.0
Error [cm]: 3.721217087586883
Error [deg]: 179.98929718502143
T_gt (Ground Truth Transformation):
[[  0.85626978   0.33953112  -0.38925666 -12.35263901]
 [ -0.24464776  -0.39712229  -0.88455731  -1.23231611]
 [ -0.45491713   0.85265046  -0.25697833 143.30231934]
 [  0.           0.           0.           1.        ]]
T_pred (Predicted Transformation):
[[ -0.85177181  -0.49038376   0.18441407  -8.8591164 ]
 [  0.18887754  -0.6157465   -0.76497158  -1.04858499]
 [  0.48868196  -0.61674955   0.61709799 142.86077766]
 [  0.           0.           0.           1.        ]]
T_pred_ICP (Predicted Transformation from ICP):
[[ -0.86713254  -0.4544465    0.20386155  -8.66228003]
 [  0.14667093  -0.62412837  -0.7674317   -1.05377752]
 [  0.47599243  -0.63556444   0.60785611 142.85866268]
 [  0.           0.           0.           1.        ]]
