Object ID: 12
Inlier ration of P_pred: 0.9767964482307434
Num. of correspondences: 2672
Avg. Euclidean Distance (ADD) [cm]: 0.527602843656893
Add Score thres: 1
Add Score thres (xyz direction): 1.0
Add-S Score: 1.0
Avg. Euclidean Distance (ADD) ICP: 1.2794612046415428e-06
Add Score ICP thres: 1.2794612046415428e-06
Add Score ICP thres (xyz direction): 1.0
Add-S Score ICP: 1.0
Error [cm]: 2.8870838700288126e-07
Error [deg]: 0.0
T_gt (Ground Truth Transformation):
[[-5.00884175e-01 -8.65111768e-01 -2.64047030e-02 -3.22253304e+00]
 [-8.23188722e-01  4.85591054e-01 -2.94213980e-01 -3.07449982e+01]
 [ 2.67349809e-01 -1.25630990e-01 -9.55375135e-01  9.04292725e+01]
 [ 0.00000000e+00  0.00000000e+00  0.00000000e+00  1.00000000e+00]]
T_pred (Predicted Transformation):
[[-4.51858325e-01 -8.91623850e-01  2.88264504e-02 -2.79230544e+00]
 [-8.53583820e-01  4.22737507e-01 -3.04446486e-01 -3.05065463e+01]
 [ 2.59265726e-01 -1.62172471e-01 -9.52093154e-01  9.05939994e+01]
 [ 0.00000000e+00  0.00000000e+00  0.00000000e+00  1.00000000e+00]]
T_pred_ICP (Predicted Transformation from ICP):
[[-5.00883885e-01 -8.65111627e-01 -2.64046759e-02 -3.22253293e+00]
 [-8.23188590e-01  4.85591117e-01 -2.94213889e-01 -3.07449981e+01]
 [ 2.67349732e-01 -1.25630968e-01 -9.55374786e-01  9.04292727e+01]
 [ 0.00000000e+00  0.00000000e+00  0.00000000e+00  1.00000000e+00]]
