Object ID: 6
Inlier ration of P_pred: 0.8143829107284546
Num. of correspondences: 1029
Avg. Euclidean Distance (ADD) [cm]: 2.017990220887935
Add Score thres: 0
Add Score thres (xyz direction): 1.0
Add-S Score: 1.0
Avg. Euclidean Distance (ADD) ICP: 1.583062450336701
Add Score ICP thres: 1.583062450336701
Add Score ICP thres (xyz direction): 1.0
Add-S Score ICP: 1.0
Error [cm]: 0.8669432329648211
Error [deg]: 20.598477049684124
T_gt (Ground Truth Transformation):
[[ -0.59192073  -0.78500491   0.18275051 -17.3828125 ]
 [ -0.77452934   0.49125987  -0.39845729   0.20697825]
 [  0.22301285  -0.37740061  -0.89879626 113.06109619]
 [  0.           0.           0.           1.        ]]
T_pred (Predicted Transformation):
[[-3.61581714e-01 -9.32102950e-01 -2.10417468e-02 -1.65708329e+01]
 [-8.66053140e-01  3.44146294e-01 -3.62650366e-01  1.20503263e+00]
 [ 3.45268915e-01 -1.12904470e-01 -9.31687693e-01  1.12522602e+02]
 [ 0.00000000e+00  0.00000000e+00  0.00000000e+00  1.00000000e+00]]
T_pred_ICP (Predicted Transformation from ICP):
[[-2.97997402e-01 -9.51612367e-01  7.50429975e-02 -1.68949035e+01]
 [-8.80773396e-01  2.43801080e-01 -4.05954750e-01  7.95441720e-01]
 [ 3.68015997e-01 -1.87069337e-01 -9.10806944e-01  1.12652139e+02]
 [ 0.00000000e+00  0.00000000e+00  0.00000000e+00  1.00000000e+00]]
