Object ID: 12
Inlier ration of P_pred: 0.8960720300674438
Num. of correspondences: 1222
Avg. Euclidean Distance (ADD) [cm]: 0.9296749058891748
Add Score thres: 1
Add Score thres (xyz direction): 1.0
Add-S Score: 1.0
Avg. Euclidean Distance (ADD) ICP: 0.6681701237341505
Add Score ICP thres: 0.6681701237341505
Add Score ICP thres (xyz direction): 1.0
Add-S Score ICP: 1.0
Error [cm]: 0.639943137229797
Error [deg]: 2.305013037227383
T_gt (Ground Truth Transformation):
[[-3.84731084e-01  8.97081733e-01  2.17316359e-01 -2.22617798e+01]
 [ 6.91623867e-01  4.36089575e-01 -5.75745046e-01  2.13360794e+01]
 [-6.11259758e-01 -7.12058172e-02 -7.88220346e-01  1.11573914e+02]
 [ 0.00000000e+00  0.00000000e+00  0.00000000e+00  1.00000000e+00]]
T_pred (Predicted Transformation):
[[-3.41466728e-01  9.19025021e-01  1.96960619e-01 -2.31220190e+01]
 [ 6.83783900e-01  3.86680803e-01 -6.18803308e-01  2.10575419e+01]
 [-6.44856613e-01 -7.66222408e-02 -7.60453142e-01  1.11680859e+02]
 [ 0.00000000e+00  0.00000000e+00  0.00000000e+00  1.00000000e+00]]
T_pred_ICP (Predicted Transformation from ICP):
[[-3.48620298e-01  9.12699653e-01  2.13174181e-01 -2.28415554e+01]
 [ 7.08654599e-01  4.05534036e-01 -5.77365400e-01  2.10684334e+01]
 [-6.13410586e-01 -5.02144343e-02 -7.88166203e-01  1.11615783e+02]
 [ 0.00000000e+00  0.00000000e+00  0.00000000e+00  1.00000000e+00]]
