Object ID: 12
Inlier ration of P_pred: 0.0
Num. of correspondences: 163
Avg. Euclidean Distance (ADD) [cm]: 4.216160053689792
Add Score thres: 0
Add Score thres (xyz direction): 0.3333333333333333
Add-S Score: 1.0
Avg. Euclidean Distance (ADD) ICP: 4.121448964168952
Add Score ICP thres: 4.121448964168952
Add Score ICP thres (xyz direction): 0.3333333333333333
Add-S Score ICP: 1.0
Error [cm]: 3.3077585784851573
Error [deg]: 40.413932210432186
T_gt (Ground Truth Transformation):
[[-9.78513360e-01  1.85362160e-01 -9.02935192e-02 -3.13280090e+01]
 [ 1.15625024e-01  1.30732641e-01 -9.84652221e-01  1.71259537e+00]
 [-1.70712918e-01 -9.73935366e-01 -1.49356350e-01  1.52526099e+02]
 [ 0.00000000e+00  0.00000000e+00  0.00000000e+00  1.00000000e+00]]
T_pred (Predicted Transformation):
[[-8.02894935e-01  8.03784094e-02  5.90676760e-01 -3.13338306e+01]
 [-5.72871611e-01  1.69987496e-01 -8.01824400e-01  5.01860751e+00]
 [-1.64857033e-01 -9.82162697e-01 -9.04355906e-02  1.53100195e+02]
 [ 0.00000000e+00  0.00000000e+00  0.00000000e+00  1.00000000e+00]]
T_pred_ICP (Predicted Transformation from ICP):
[[-8.18275343e-01  7.16234969e-02  5.70346857e-01 -3.12293106e+01]
 [-5.52402557e-01  1.76447329e-01 -8.14688748e-01  4.96987871e+00]
 [-1.58987036e-01 -9.81700777e-01 -1.04817496e-01  1.53093224e+02]
 [ 0.00000000e+00  0.00000000e+00  0.00000000e+00  1.00000000e+00]]
