Object ID: 11
Inlier ration of P_pred: 0.25083836913108826
Num. of correspondences: 1491
Avg. Euclidean Distance (ADD) [cm]: 10.229243865696812
Add Score thres: 0
Add Score thres (xyz direction): 0.0
Add-S Score: 1.0
Avg. Euclidean Distance (ADD) ICP: 10.241446467083865
Add Score ICP thres: 10.241446467083865
Add Score ICP thres (xyz direction): 0.0
Add-S Score ICP: 1.0
Error [cm]: 4.610047425951104
Error [deg]: 164.31158497667377
T_gt (Ground Truth Transformation):
[[-4.98299301e-01 -8.66661370e-01  2.44201124e-02 -1.11478903e-06]
 [-8.57624888e-01  4.88580137e-01 -1.60527676e-01  4.06562467e-06]
 [ 1.27191931e-01 -1.00934088e-01 -9.86729503e-01  6.94833984e+01]
 [ 0.00000000e+00  0.00000000e+00  0.00000000e+00  1.00000000e+00]]
T_pred (Predicted Transformation):
[[ 0.75211843  0.14567213  0.64272661 -1.66159072]
 [ 0.25289013  0.83680764 -0.48559197  0.64948263]
 [-0.60857575  0.52776188  0.5925394  65.2564806 ]
 [ 0.          0.          0.          1.        ]]
T_pred_ICP (Predicted Transformation from ICP):
[[ 0.74838734  0.15977457  0.64373013 -1.5922326 ]
 [ 0.23819063  0.84106536 -0.48566891  0.87287278]
 [-0.61901666  0.51679894  0.59138586 65.24601288]
 [ 0.          0.          0.          1.        ]]
