Object ID: 12
Inlier ration of P_pred: 0.7948718070983887
Num. of correspondences: 39
Avg. Euclidean Distance (ADD) [cm]: 9.505199740413568
Add Score thres: 0
Add Score thres (xyz direction): 0.0
Add-S Score: 1.0
Avg. Euclidean Distance (ADD) ICP: 9.456488655528279
Add Score ICP thres: 9.456488655528279
Add Score ICP thres (xyz direction): 0.0
Add-S Score ICP: 1.0
Error [cm]: 2.73358915681409
Error [deg]: 172.39939286982997
T_gt (Ground Truth Transformation):
[[ 6.03950843e-02 -9.93165851e-01  9.98709872e-02 -4.96326408e+00]
 [-5.30352771e-01 -1.16690785e-01 -8.39707911e-01  1.22552422e+01]
 [ 8.45623136e-01 -2.25254847e-03 -5.33775866e-01  1.19809094e+02]
 [ 0.00000000e+00  0.00000000e+00  0.00000000e+00  1.00000000e+00]]
T_pred (Predicted Transformation):
[[-2.58013560e-01  9.65584630e-01 -3.27921361e-02 -5.57040500e+00]
 [ 9.64570914e-01  2.55511346e-01 -6.57031499e-02  9.80347166e+00]
 [-5.50631889e-02 -4.85826443e-02 -9.97300242e-01  1.21191470e+02]
 [ 0.00000000e+00  0.00000000e+00  0.00000000e+00  1.00000000e+00]]
T_pred_ICP (Predicted Transformation from ICP):
[[-2.20287473e-01  9.72913310e-01 -7.00936568e-02 -5.49607220e+00]
 [ 9.70868702e-01  2.11744473e-01 -1.12152762e-01  9.95652419e+00]
 [-9.42729701e-02 -9.27575860e-02 -9.91215737e-01  1.21189138e+02]
 [ 0.00000000e+00  0.00000000e+00  0.00000000e+00  1.00000000e+00]]
