Object ID: 8
Inlier ration of P_pred: 0.0
Num. of correspondences: 290
Avg. Euclidean Distance (ADD) [cm]: 13.478607975223182
Add Score thres: 0
Add Score thres (xyz direction): 0.0
Add-S Score: 1.0
Avg. Euclidean Distance (ADD) ICP: 13.522803463498535
Add Score ICP thres: 13.522803463498535
Add Score ICP thres (xyz direction): 0.0
Add-S Score ICP: 1.0
Error [cm]: 10.696287250708579
Error [deg]: 131.731937064831
T_gt (Ground Truth Transformation):
[[-5.40189505e-01 -7.94406712e-01  2.77693123e-01  2.28787727e+00]
 [-8.34725797e-01  4.63882864e-01 -2.96724707e-01 -1.84322723e+01]
 [ 1.06902994e-01 -3.92085135e-01 -9.13696408e-01  1.13099463e+02]
 [ 0.00000000e+00  0.00000000e+00  0.00000000e+00  1.00000000e+00]]
T_pred (Predicted Transformation):
[[  0.18627797   0.87231702   0.45206586   1.43307362]
 [ -0.55989534   0.47234589  -0.68073972 -10.8012694 ]
 [ -0.80735229  -0.12630275   0.57639386 105.7861897 ]
 [  0.           0.           0.           1.        ]]
T_pred_ICP (Predicted Transformation from ICP):
[[  0.19039646   0.8654213    0.46345999   1.32154947]
 [ -0.56620655   0.48246748  -0.66830777 -10.85551877]
 [ -0.80197215  -0.13517065   0.58186731 105.61150076]
 [  0.           0.           0.           1.        ]]
