Object ID: 12
Inlier ration of P_pred: 0.6666666865348816
Num. of correspondences: 6
Avg. Euclidean Distance (ADD) [cm]: 6.761877661681399
Add Score thres: 0
Add Score thres (xyz direction): 0.0
Add-S Score: 1.0
Avg. Euclidean Distance (ADD) ICP: 6.725592574785503
Add Score ICP thres: 6.725592574785503
Add Score ICP thres (xyz direction): 0.0
Add-S Score ICP: 1.0
Error [cm]: 4.079740865109914
Error [deg]: 75.07654919216344
T_gt (Ground Truth Transformation):
[[ 8.41468751e-01  5.28518379e-01  1.12243734e-01  2.86481460e-05]
 [ 5.34459710e-01 -7.83728302e-01 -3.16422105e-01 -1.01272155e-05]
 [-7.92663097e-02  3.26249093e-01 -9.41954613e-01  1.15474280e+02]
 [ 0.00000000e+00  0.00000000e+00  0.00000000e+00  1.00000000e+00]]
T_pred (Predicted Transformation):
[[ 6.53767192e-01 -6.06363447e-01  4.52671878e-01 -1.51994104e+00]
 [-4.20063886e-01 -7.88402524e-01 -4.49408269e-01  2.97039467e+00]
 [ 6.29392398e-01  1.03657274e-01 -7.70143090e-01  1.13016831e+02]
 [ 0.00000000e+00  0.00000000e+00  0.00000000e+00  1.00000000e+00]]
T_pred_ICP (Predicted Transformation from ICP):
[[ 6.48484888e-01 -6.02287332e-01  4.65529075e-01 -1.47630384e+00]
 [-4.26200640e-01 -7.93981150e-01 -4.33528485e-01  2.99688771e+00]
 [ 6.30730025e-01  8.27278810e-02 -7.71580024e-01  1.13132628e+02]
 [ 0.00000000e+00  0.00000000e+00  0.00000000e+00  1.00000000e+00]]
