Object ID: 5
Inlier ration of P_pred: 0.01904761977493763
Num. of correspondences: 105
Avg. Euclidean Distance (ADD) [cm]: 14.595065837915918
Add Score thres: 0
Add Score thres (xyz direction): 0.0
Add-S Score: 1.0
Avg. Euclidean Distance (ADD) ICP: 14.545695000205644
Add Score ICP thres: 14.545695000205644
Add Score ICP thres (xyz direction): 0.0
Add-S Score ICP: 1.0
Error [cm]: 8.399939021425462
Error [deg]: 173.59422292524
T_gt (Ground Truth Transformation):
[[ 1.36532545e-01  9.89365637e-01 -5.01484014e-02  3.06135620e+01]
 [ 9.58360255e-01 -1.44731775e-01 -2.46168062e-01 -1.00716309e+01]
 [-2.50808239e-01 -1.44502381e-02 -9.67929304e-01  9.78992737e+01]
 [ 0.00000000e+00  0.00000000e+00  0.00000000e+00  1.00000000e+00]]
T_pred (Predicted Transformation):
[[  0.68790823  -0.6016753    0.40591761  37.69023907]
 [  0.33287286   0.75852449   0.5602109  -14.44796747]
 [ -0.64496351  -0.25025473   0.72207662  96.12902963]
 [  0.           0.           0.           1.        ]]
T_pred_ICP (Predicted Transformation from ICP):
[[  0.6945337   -0.60262475   0.39302208  37.69869829]
 [  0.33350425   0.75370485   0.56630727 -14.27441622]
 [ -0.63749342  -0.26224495   0.72445133  96.25719734]
 [  0.           0.           0.           1.        ]]
