Object ID: 5
Inlier ration of P_pred: 0.875
Num. of correspondences: 24
Avg. Euclidean Distance (ADD) [cm]: 14.804975150893439
Add Score thres: 0
Add Score thres (xyz direction): 0.0
Add-S Score: 0.6666666666666666
Avg. Euclidean Distance (ADD) ICP: 14.819656910601715
Add Score ICP thres: 14.819656910601715
Add Score ICP thres (xyz direction): 0.0
Add-S Score ICP: 0.6666666666666666
Error [cm]: 5.73877231314967
Error [deg]: 174.89241953233486
T_gt (Ground Truth Transformation):
[[ 8.73285711e-01  3.39373708e-01 -3.49567771e-01  2.01645706e+01]
 [-3.59336734e-02 -6.70672238e-01 -7.40883112e-01 -1.99902344e+01]
 [-4.85881567e-01  6.59563839e-01 -5.73493540e-01  1.40965991e+02]
 [ 0.00000000e+00  0.00000000e+00  0.00000000e+00  1.00000000e+00]]
T_pred (Predicted Transformation):
[[ 9.72520506e-01 -1.99255013e-01 -1.20421368e-01  1.97461717e+01]
 [ 2.21654544e-01  6.34179952e-01  7.40732780e-01 -2.15570395e+01]
 [-7.12259026e-02 -7.47069761e-01  6.60918787e-01  1.35495266e+02]
 [ 0.00000000e+00  0.00000000e+00  0.00000000e+00  1.00000000e+00]]
T_pred_ICP (Predicted Transformation from ICP):
[[ 9.72164937e-01 -2.04847923e-01 -1.13721871e-01  1.96527967e+01]
 [ 2.18358784e-01  6.16186300e-01  7.56725766e-01 -2.16808348e+01]
 [-8.49398426e-02 -7.60494426e-01  6.43765059e-01  1.35505820e+02]
 [ 0.00000000e+00  0.00000000e+00  0.00000000e+00  1.00000000e+00]]
