Object ID: 6
Inlier ration of P_pred: 0.6657711267471313
Num. of correspondences: 1861
Avg. Euclidean Distance (ADD) [cm]: 2.8969880080322534
Add Score thres: 0
Add Score thres (xyz direction): 0.6666666666666666
Add-S Score: 1.0
Avg. Euclidean Distance (ADD) ICP: 2.770114505862589
Add Score ICP thres: 2.770114505862589
Add Score ICP thres (xyz direction): 0.6666666666666666
Add-S Score ICP: 1.0
Error [cm]: 1.7355093275279092
Error [deg]: 40.41615859080609
T_gt (Ground Truth Transformation):
[[ -0.1151181   -0.85898697   0.49888825 -41.08452454]
 [ -0.60393083  -0.33822572  -0.72171408 -16.90236664]
 [  0.78867966  -0.38437623  -0.47983292  81.8796936 ]
 [  0.           0.           0.           1.        ]]
T_pred (Predicted Transformation):
[[-7.78952735e-01 -5.37756061e-01  3.22569458e-01 -4.19664796e+01]
 [-3.92861712e-01  1.75556868e-02 -9.19429972e-01 -1.59762235e+01]
 [ 4.88766112e-01 -8.42917681e-01 -2.24938817e-01  8.08505406e+01]
 [ 0.00000000e+00  0.00000000e+00  0.00000000e+00  1.00000000e+00]]
T_pred_ICP (Predicted Transformation from ICP):
[[-7.31641331e-01 -5.92492314e-01  3.37125823e-01 -4.20735817e+01]
 [-4.12947505e-01 -8.26485972e-03 -9.10717327e-01 -1.59621404e+01]
 [ 5.42379314e-01 -8.05533705e-01 -2.38621310e-01  8.08074375e+01]
 [ 0.00000000e+00  0.00000000e+00  0.00000000e+00  1.00000000e+00]]
