Object ID: 6
Inlier ration of P_pred: 0.7523809671401978
Num. of correspondences: 105
Avg. Euclidean Distance (ADD) [cm]: 1.7693554233033513
Add Score thres: 0
Add Score thres (xyz direction): 1.0
Add-S Score: 1.0
Avg. Euclidean Distance (ADD) ICP: 1.534368643071011
Add Score ICP thres: 1.534368643071011
Add Score ICP thres (xyz direction): 1.0
Add-S Score ICP: 1.0
Error [cm]: 0.8016668710583031
Error [deg]: 17.374427121651017
T_gt (Ground Truth Transformation):
[[-2.64501005e-01 -9.15198147e-01  3.04058999e-01  2.78969086e+01]
 [-7.83047497e-01  1.97761841e-02 -6.21647596e-01  1.88535370e+01]
 [ 5.62917531e-01 -4.02518928e-01 -7.21874475e-01  1.27158643e+02]
 [ 0.00000000e+00  0.00000000e+00  0.00000000e+00  1.00000000e+00]]
T_pred (Predicted Transformation):
[[ -0.42562946  -0.75258696   0.50244645  27.27275507]
 [ -0.85657424   0.1560624   -0.49185881  18.83744783]
 [  0.29175353  -0.63973229  -0.71107136 127.61315905]
 [  0.           0.           0.           1.        ]]
T_pred_ICP (Predicted Transformation from ICP):
[[-4.21942666e-01 -7.74509761e-01  4.71273823e-01  2.73567113e+01]
 [-8.32647885e-01  1.25388446e-01 -5.39421205e-01  1.84967346e+01]
 [ 3.58694697e-01 -6.20009973e-01 -6.97800650e-01  1.27631452e+02]
 [ 0.00000000e+00  0.00000000e+00  0.00000000e+00  1.00000000e+00]]
