Object ID: 6
Inlier ration of P_pred: 0.7773851752281189
Num. of correspondences: 1132
Avg. Euclidean Distance (ADD) [cm]: 1.2515842895393947
Add Score thres: 1
Add Score thres (xyz direction): 1.0
Add-S Score: 1.0
Avg. Euclidean Distance (ADD) ICP: 3.1045033065402485e-07
Add Score ICP thres: 3.1045033065402485e-07
Add Score ICP thres (xyz direction): 1.0
Add-S Score ICP: 1.0
Error [cm]: 1.0280852928996809e-07
Error [deg]: 0.022624634163734947
T_gt (Ground Truth Transformation):
[[ 6.87184691e-01 -7.17759311e-01  1.12243898e-01 -1.48048981e+01]
 [-6.60005748e-01 -6.81373477e-01 -3.16421360e-01 -2.64181763e+01]
 [ 3.03594410e-01  1.43358305e-01 -9.41954732e-01  1.21169568e+02]
 [ 0.00000000e+00  0.00000000e+00  0.00000000e+00  1.00000000e+00]]
T_pred (Predicted Transformation):
[[ 6.05342818e-01 -7.92285584e-01 -7.64436173e-02 -1.58475634e+01]
 [-7.93265977e-01 -5.92599560e-01 -1.39838664e-01 -2.58969287e+01]
 [ 6.54917033e-02  1.45290451e-01 -9.87219085e-01  1.21397140e+02]
 [ 0.00000000e+00  0.00000000e+00  0.00000000e+00  1.00000000e+00]]
T_pred_ICP (Predicted Transformation from ICP):
[[ 6.87184696e-01 -7.17759361e-01  1.12243898e-01 -1.48048981e+01]
 [-6.60005770e-01 -6.81373536e-01 -3.16421378e-01 -2.64181763e+01]
 [ 3.03594428e-01  1.43358308e-01 -9.41954786e-01  1.21169568e+02]
 [ 0.00000000e+00  0.00000000e+00  0.00000000e+00  1.00000000e+00]]
