Object ID: 8
Inlier ration of P_pred: 0.04545454680919647
Num. of correspondences: 704
Avg. Euclidean Distance (ADD) [cm]: 15.751842932594284
Add Score thres: 0
Add Score thres (xyz direction): 0.0
Add-S Score: 1.0
Avg. Euclidean Distance (ADD) ICP: 15.3155631377298
Add Score ICP thres: 15.3155631377298
Add Score ICP thres (xyz direction): 0.0
Add-S Score ICP: 1.0
Error [cm]: 12.156918994735202
Error [deg]: 135.88495784541666
T_gt (Ground Truth Transformation):
[[-5.72136045e-01 -8.11550260e-01 -1.18519686e-01 -3.57458069e+01]
 [-5.41665673e-01  4.82403189e-01 -6.88393533e-01  2.46980469e+01]
 [ 6.15840137e-01 -3.29656571e-01 -7.15589225e-01  1.23130090e+02]
 [ 0.00000000e+00  0.00000000e+00  0.00000000e+00  1.00000000e+00]]
T_pred (Predicted Transformation):
[[ -0.21384105   0.26827642  -0.93930813 -28.60331619]
 [  0.83741505  -0.4447682   -0.31767481  17.92386738]
 [ -0.50299905  -0.85452268  -0.12954902 115.13067312]
 [  0.           0.           0.           1.        ]]
T_pred_ICP (Predicted Transformation from ICP):
[[ -0.21195622   0.34712061  -0.91355451 -28.59271094]
 [  0.78646002  -0.49432845  -0.37029721  18.28777396]
 [ -0.58013378  -0.79696089  -0.16822049 115.67809067]
 [  0.           0.           0.           1.        ]]
