Object ID: 11
Inlier ration of P_pred: 0.01795332133769989
Num. of correspondences: 557
Avg. Euclidean Distance (ADD) [cm]: 6.704047411066964
Add Score thres: 0
Add Score thres (xyz direction): 0.0
Add-S Score: 1.0
Avg. Euclidean Distance (ADD) ICP: 6.781837613637405
Add Score ICP thres: 6.781837613637405
Add Score ICP thres (xyz direction): 0.0
Add-S Score ICP: 1.0
Error [cm]: 4.455475130898594
Error [deg]: 179.630371805704
T_gt (Ground Truth Transformation):
[[-3.31409991e-01  9.38354969e-01  9.82731506e-02 -8.18665721e-06]
 [ 4.70752776e-01  2.54725307e-01 -8.44693422e-01  1.71810156e-05]
 [-8.17654848e-01 -2.33677387e-01 -5.26151776e-01  1.33069202e+02]
 [ 0.00000000e+00  0.00000000e+00  0.00000000e+00  1.00000000e+00]]
T_pred (Predicted Transformation):
[[ 4.14743256e-01 -6.50320463e-01  6.36452141e-01 -3.96632570e-01]
 [-2.74686589e-01 -7.56293451e-01 -5.93773942e-01  3.80504502e+00]
 [ 8.67487931e-01  7.14388700e-02 -4.92301918e-01  1.31592142e+02]
 [ 0.00000000e+00  0.00000000e+00  0.00000000e+00  1.00000000e+00]]
T_pred_ICP (Predicted Transformation from ICP):
[[ 3.50633428e-01 -7.26750519e-01  5.90669013e-01 -3.45855972e-01]
 [-4.94992725e-01 -6.79229436e-01 -5.41875978e-01  4.19110569e+00]
 [ 7.95008429e-01 -1.02377033e-01 -5.97896765e-01  1.31597324e+02]
 [ 0.00000000e+00  0.00000000e+00  0.00000000e+00  1.00000000e+00]]
