Object ID: 6
Inlier ration of P_pred: 0.7692307829856873
Num. of correspondences: 221
Avg. Euclidean Distance (ADD) [cm]: 3.462959340481254
Add Score thres: 0
Add Score thres (xyz direction): 0.3333333333333333
Add-S Score: 1.0
Avg. Euclidean Distance (ADD) ICP: 3.256671428862943
Add Score ICP thres: 3.256671428862943
Add Score ICP thres (xyz direction): 0.3333333333333333
Add-S Score ICP: 1.0
Error [cm]: 1.6216025721861482
Error [deg]: 37.81754434538696
T_gt (Ground Truth Transformation):
[[-7.49968827e-01 -6.59569740e-01 -5.01481891e-02 -9.72958069e+00]
 [-6.30744457e-01  7.35909224e-01 -2.46168897e-01 -2.15055878e+01]
 [ 1.99270070e-01 -1.52988270e-01 -9.67928886e-01  1.06837659e+02]
 [ 0.00000000e+00  0.00000000e+00  0.00000000e+00  1.00000000e+00]]
T_pred (Predicted Transformation):
[[-9.67293856e-01 -2.52747088e-01  2.14826966e-02 -1.07617588e+01]
 [-2.41071378e-01  9.42339252e-01  2.32123511e-01 -2.26398775e+01]
 [-7.89125297e-02  2.19352783e-01 -9.72449057e-01  1.05867750e+02]
 [ 0.00000000e+00  0.00000000e+00  0.00000000e+00  1.00000000e+00]]
T_pred_ICP (Predicted Transformation from ICP):
[[-9.77485462e-01 -2.08286085e-01 -3.37502512e-02 -1.07714269e+01]
 [-2.10850618e-01  9.58130947e-01  1.93719143e-01 -2.25092814e+01]
 [-8.01184171e-03  1.96473907e-01 -9.80476320e-01  1.06105026e+02]
 [ 0.00000000e+00  0.00000000e+00  0.00000000e+00  1.00000000e+00]]
