Object ID: 8
Inlier ration of P_pred: 0.0
Num. of correspondences: 268
Avg. Euclidean Distance (ADD) [cm]: 12.40387695600957
Add Score thres: 0
Add Score thres (xyz direction): 0.0
Add-S Score: 1.0
Avg. Euclidean Distance (ADD) ICP: 12.226528025210962
Add Score ICP thres: 12.226528025210962
Add Score ICP thres (xyz direction): 0.0
Add-S Score ICP: 1.0
Error [cm]: 8.740023179275521
Error [deg]: 75.56320512291357
T_gt (Ground Truth Transformation):
[[ 6.23815417e-01 -3.52492690e-01 -6.97569609e-01 -1.86213913e+01]
 [-6.70028567e-01  2.18318373e-01 -7.09506214e-01  1.24130730e+01]
 [ 4.02388066e-01  9.09992456e-01 -9.99898314e-02  1.37194995e+02]
 [ 0.00000000e+00  0.00000000e+00  0.00000000e+00  1.00000000e+00]]
T_pred (Predicted Transformation):
[[ -0.57195838  -0.17153523  -0.80214666 -21.05386045]
 [ -0.79700313   0.34752869   0.49397351   5.3421175 ]
 [  0.19403511   0.92184569  -0.33548606 132.227922  ]
 [  0.           0.           0.           1.        ]]
T_pred_ICP (Predicted Transformation from ICP):
[[ -0.56153693  -0.21145475  -0.79997698 -20.98190111]
 [ -0.80950657   0.34064361   0.47818516   5.52001912]
 [  0.17139252   0.91610525  -0.36245797 132.36780056]
 [  0.           0.           0.           1.        ]]
