Object ID: 11
Inlier ration of P_pred: 0.8549999594688416
Num. of correspondences: 200
Avg. Euclidean Distance (ADD) [cm]: 9.26969600431099
Add Score thres: 0
Add Score thres (xyz direction): 0.0
Add-S Score: 1.0
Avg. Euclidean Distance (ADD) ICP: 9.137544433635107
Add Score ICP thres: 9.137544433635107
Add Score ICP thres (xyz direction): 0.0
Add-S Score ICP: 1.0
Error [cm]: 6.915716031487455
Error [deg]: 108.383518152055
T_gt (Ground Truth Transformation):
[[-8.52193773e-01 -9.22424439e-03 -5.23144782e-01 -3.09760712e+01]
 [ 3.29187095e-01  7.67711878e-01 -5.49776614e-01  5.27782059e+00]
 [ 4.06695753e-01 -6.40728772e-01 -6.51202738e-01  1.55126160e+02]
 [ 0.00000000e+00  0.00000000e+00  0.00000000e+00  1.00000000e+00]]
T_pred (Predicted Transformation):
[[ 6.45385701e-01 -7.40655947e-01 -1.86831646e-01 -3.14382122e+01]
 [-4.23393658e-02  2.09527688e-01 -9.76885626e-01  9.32595666e+00]
 [ 7.62682552e-01  6.38378348e-01  1.03867271e-01  1.49494541e+02]
 [ 0.00000000e+00  0.00000000e+00  0.00000000e+00  1.00000000e+00]]
T_pred_ICP (Predicted Transformation from ICP):
[[ 5.38183568e-01 -7.92013854e-01 -2.88223008e-01 -3.07150386e+01]
 [-3.72660833e-02  3.19275602e-01 -9.46928893e-01  8.96243318e+00]
 [ 8.42003377e-01  5.20362513e-01  1.42313628e-01  1.49279569e+02]
 [ 0.00000000e+00  0.00000000e+00  0.00000000e+00  1.00000000e+00]]
