Object ID: 5
Inlier ration of P_pred: 0.25931301712989807
Num. of correspondences: 2067
Avg. Euclidean Distance (ADD) [cm]: 9.990176214447695
Add Score thres: 0
Add Score thres (xyz direction): 0.3333333333333333
Add-S Score: 1.0
Avg. Euclidean Distance (ADD) ICP: 9.983959256092545
Add Score ICP thres: 9.983959256092545
Add Score ICP thres (xyz direction): 0.3333333333333333
Add-S Score ICP: 1.0
Error [cm]: 2.0053513479487406
Error [deg]: 171.15600514373963
T_gt (Ground Truth Transformation):
[[ 9.79367554e-01 -1.95936099e-01 -4.94802371e-02 -1.23404633e+01]
 [-2.00361282e-01 -9.73379552e-01 -1.11300170e-01 -1.23850212e+01]
 [-2.63553299e-02  1.18917696e-01 -9.92554367e-01  1.27947498e+02]
 [ 0.00000000e+00  0.00000000e+00  0.00000000e+00  1.00000000e+00]]
T_pred (Predicted Transformation):
[[ -0.91686295   0.37737031   0.13020745 -14.08581233]
 [  0.33351473   0.90335495  -0.2696623  -13.53335381]
 [ -0.21938609  -0.20381727  -0.95411124 128.06538256]
 [  0.           0.           0.           1.        ]]
T_pred_ICP (Predicted Transformation from ICP):
[[ -0.92821864   0.34835884   0.1305997  -13.91459325]
 [  0.30775824   0.91622117  -0.25656116 -13.62465389]
 [ -0.20903356  -0.19795171  -0.95766387 128.0303205 ]
 [  0.           0.           0.           1.        ]]
