Object ID: 11
Inlier ration of P_pred: 0.7468684911727905
Num. of correspondences: 1916
Avg. Euclidean Distance (ADD) [cm]: 1.527891302069879
Add Score thres: 1
Add Score thres (xyz direction): 1.0
Add-S Score: 1.0
Avg. Euclidean Distance (ADD) ICP: 9.203979057348747e-07
Add Score ICP thres: 9.203979057348747e-07
Add Score ICP thres (xyz direction): 1.0
Add-S Score ICP: 1.0
Error [cm]: 3.409552555796817e-07
Error [deg]: 0.0
T_gt (Ground Truth Transformation):
[[-9.94338632e-01  4.64470945e-02 -9.55710635e-02  1.93205322e+01]
 [ 1.03456937e-01  6.28384829e-01 -7.70992339e-01  3.51753922e+00]
 [ 2.42450628e-02 -7.76514769e-01 -6.29632711e-01  5.43135132e+01]
 [ 0.00000000e+00  0.00000000e+00  0.00000000e+00  1.00000000e+00]]
T_pred (Predicted Transformation):
[[-0.9115058   0.22869555 -0.34184136 18.30121641]
 [ 0.40660688  0.62610548 -0.66532907  4.39897228]
 [ 0.06187096 -0.74544636 -0.66368796 54.48638865]
 [ 0.          0.          0.          1.        ]]
T_pred_ICP (Predicted Transformation from ICP):
[[-9.94338394e-01  4.64471047e-02 -9.55710468e-02  1.93205323e+01]
 [ 1.03456928e-01  6.28384961e-01 -7.70992221e-01  3.51753943e+00]
 [ 2.42450521e-02 -7.76514653e-01 -6.29632568e-01  5.43135134e+01]
 [ 0.00000000e+00  0.00000000e+00  0.00000000e+00  1.00000000e+00]]
