Object ID: 5
Inlier ration of P_pred: 0.8553500771522522
Num. of correspondences: 1514
Avg. Euclidean Distance (ADD) [cm]: 14.047606020214443
Add Score thres: 0
Add Score thres (xyz direction): 0.0
Add-S Score: 1.0
Avg. Euclidean Distance (ADD) ICP: 13.995449871955968
Add Score ICP thres: 13.995449871955968
Add Score ICP thres (xyz direction): 0.0
Add-S Score ICP: 1.0
Error [cm]: 4.84972802405421
Error [deg]: 177.66746714802693
T_gt (Ground Truth Transformation):
[[ 7.24055290e-01 -6.21830404e-01 -2.98447579e-01 -1.70947845e+01]
 [-6.89669073e-01 -6.58988357e-01 -3.00152510e-01 -4.15105362e+00]
 [-1.00294529e-02  4.23157066e-01 -9.06001210e-01  1.27129907e+02]
 [ 0.00000000e+00  0.00000000e+00  0.00000000e+00  1.00000000e+00]]
T_pred (Predicted Transformation):
[[ 9.64966065e-02  9.31538517e-01  3.50605757e-01 -2.00444506e+01]
 [-9.63265411e-01 -1.29105307e-03  2.68548097e-01 -6.43378372e+00]
 [ 2.50615547e-01 -3.63640379e-01  8.97194250e-01  1.23851948e+02]
 [ 0.00000000e+00  0.00000000e+00  0.00000000e+00  1.00000000e+00]]
T_pred_ICP (Predicted Transformation from ICP):
[[ 7.12078953e-02  9.30869808e-01  3.58344577e-01 -2.00456123e+01]
 [-9.65118598e-01 -2.64435143e-02  2.60474245e-01 -6.36517495e+00]
 [ 2.51943500e-01 -3.64392839e-01  8.96516777e-01  1.23981869e+02]
 [ 0.00000000e+00  0.00000000e+00  0.00000000e+00  1.00000000e+00]]
