Object ID: 12
Inlier ration of P_pred: 0.5283687710762024
Num. of correspondences: 564
Avg. Euclidean Distance (ADD) [cm]: 9.03479254285774
Add Score thres: 0
Add Score thres (xyz direction): 0.0
Add-S Score: 1.0
Avg. Euclidean Distance (ADD) ICP: 8.995038662311677
Add Score ICP thres: 8.995038662311677
Add Score ICP thres (xyz direction): 0.0
Add-S Score ICP: 1.0
Error [cm]: 4.59285231733153
Error [deg]: 177.26830643448668
T_gt (Ground Truth Transformation):
[[ 9.54730928e-01 -2.93326616e-01 -4.94808815e-02 -7.71883469e+00]
 [-2.97127992e-01 -9.48328614e-01 -1.11301668e-01  1.51553802e+01]
 [-1.42763909e-02  1.20965295e-01 -9.92554188e-01  1.29814124e+02]
 [ 0.00000000e+00  0.00000000e+00  0.00000000e+00  1.00000000e+00]]
T_pred (Predicted Transformation):
[[ 5.10959520e-01  2.82107927e-01  8.11994758e-01 -1.06027997e+01]
 [-1.52573488e-01  9.59379054e-01 -2.37303945e-01  1.44634056e+01]
 [-8.45956086e-01 -2.63616285e-03  5.33246051e-01  1.26195118e+02]
 [ 0.00000000e+00  0.00000000e+00  0.00000000e+00  1.00000000e+00]]
T_pred_ICP (Predicted Transformation from ICP):
[[ 5.15460012e-01  2.42568919e-01  8.21864524e-01 -1.05394343e+01]
 [-1.60427010e-01  9.69457626e-01 -1.85513032e-01  1.42933473e+01]
 [-8.41762526e-01 -3.62247180e-02  5.38631246e-01  1.26293412e+02]
 [ 0.00000000e+00  0.00000000e+00  0.00000000e+00  1.00000000e+00]]
