Object ID: 6
Inlier ration of P_pred: 0.07195945829153061
Num. of correspondences: 2960
Avg. Euclidean Distance (ADD) [cm]: 5.69894718508693
Add Score thres: 0
Add Score thres (xyz direction): 0.0
Add-S Score: 1.0
Avg. Euclidean Distance (ADD) ICP: 5.489496342304482
Add Score ICP thres: 5.489496342304482
Add Score ICP thres (xyz direction): 0.0
Add-S Score ICP: 1.0
Error [cm]: 2.874234861007603
Error [deg]: 97.31275740764694
T_gt (Ground Truth Transformation):
[[ 4.41079587e-02 -9.93319094e-01 -1.06638826e-01  1.21439621e+01]
 [-6.35670185e-01  5.44415154e-02 -7.70038784e-01 -1.24580544e+01]
 [ 7.70699739e-01  1.01752006e-01 -6.29022002e-01  6.14843933e+01]
 [ 0.00000000e+00  0.00000000e+00  0.00000000e+00  1.00000000e+00]]
T_pred (Predicted Transformation):
[[ 9.73003494e-01  6.40371223e-02 -2.21728321e-01  9.60423468e+00]
 [-3.53041552e-03 -9.56492375e-01 -2.91735965e-01 -1.05726611e+01]
 [-2.30763380e-01  2.84642907e-01 -9.30444344e-01  6.14714790e+01]
 [ 0.00000000e+00  0.00000000e+00  0.00000000e+00  1.00000000e+00]]
T_pred_ICP (Predicted Transformation from ICP):
[[ 9.81120424e-01  9.33941029e-03 -1.93172173e-01  9.89367426e+00]
 [-5.12446765e-02 -9.50577422e-01 -3.06229568e-01 -1.06711577e+01]
 [-1.86485110e-01  3.10347129e-01 -9.32152328e-01  6.14178264e+01]
 [ 0.00000000e+00  0.00000000e+00  0.00000000e+00  1.00000000e+00]]
