Object ID: 12
Inlier ration of P_pred: 0.7938311696052551
Num. of correspondences: 616
Avg. Euclidean Distance (ADD) [cm]: 0.8135860498216673
Add Score thres: 1
Add Score thres (xyz direction): 1.0
Add-S Score: 1.0
Avg. Euclidean Distance (ADD) ICP: 0.8137794560147326
Add Score ICP thres: 0.8137794560147326
Add Score ICP thres (xyz direction): 1.0
Add-S Score ICP: 1.0
Error [cm]: 0.8154889593003097
Error [deg]: 0.4933747515979088
T_gt (Ground Truth Transformation):
[[ 1.07246540e-01  9.54664588e-01  2.77693838e-01 -4.73322487e+00]
 [ 9.54733610e-01 -2.09430344e-02 -2.96724319e-01  1.14594170e+01]
 [-2.77456433e-01  2.96946287e-01 -9.13696468e-01  1.07671863e+02]
 [ 0.00000000e+00  0.00000000e+00  0.00000000e+00  1.00000000e+00]]
T_pred (Predicted Transformation):
[[ 1.15742359e-01  9.54059798e-01  2.76357753e-01 -5.48635778e+00]
 [ 9.33798944e-01 -9.68072758e-03 -3.57667186e-01  1.14955938e+01]
 [-3.38560539e-01  2.99459822e-01 -8.92020502e-01  1.07513609e+02]
 [ 0.00000000e+00  0.00000000e+00  0.00000000e+00  1.00000000e+00]]
T_pred_ICP (Predicted Transformation from ICP):
[[ 1.12877998e-01  9.55642926e-01  2.72038885e-01 -5.51350667e+00]
 [ 9.54828336e-01 -2.85833056e-02 -2.95780059e-01  1.14782437e+01]
 [-2.74884350e-01  2.93137497e-01 -9.15701372e-01  1.07435583e+02]
 [ 0.00000000e+00  0.00000000e+00  0.00000000e+00  1.00000000e+00]]
