Object ID: 12
Inlier ration of P_pred: 0.5783132314682007
Num. of correspondences: 83
Avg. Euclidean Distance (ADD) [cm]: 6.857336396689372
Add Score thres: 0
Add Score thres (xyz direction): 0.3333333333333333
Add-S Score: 0.6666666666666666
Avg. Euclidean Distance (ADD) ICP: 6.908015745085422
Add Score ICP thres: 6.908015745085422
Add Score ICP thres (xyz direction): 0.3333333333333333
Add-S Score ICP: 0.6666666666666666
Error [cm]: 4.331119506451434
Error [deg]: 88.10480229273556
T_gt (Ground Truth Transformation):
[[-0.05641787  0.95704794 -0.28438744 -7.5745285 ]
 [ 0.71031648 -0.16169268 -0.68505907 15.11452789]
 [-0.70161778 -0.24065468 -0.67068458 37.29100342]
 [ 0.          0.          0.          1.        ]]
T_pred (Predicted Transformation):
[[ 1.04115699e-02  9.90854623e-01 -1.34531468e-01 -7.67762830e+00]
 [ 7.56215127e-01  8.02232135e-02  6.49386570e-01  1.08291332e+01]
 [ 6.54240232e-01 -1.08495865e-01 -7.48464005e-01  3.65011753e+01]
 [ 0.00000000e+00  0.00000000e+00  0.00000000e+00  1.00000000e+00]]
T_pred_ICP (Predicted Transformation from ICP):
[[ 1.01261031e-02  9.93668769e-01 -1.11892091e-01 -7.69687635e+00]
 [ 7.34973803e-01  6.84767842e-02  6.74629113e-01  1.08908050e+01]
 [ 6.78019890e-01 -8.90691198e-02 -7.29627111e-01  3.63403234e+01]
 [ 0.00000000e+00  0.00000000e+00  0.00000000e+00  1.00000000e+00]]
