Object ID: 11
Inlier ration of P_pred: 0.2890625
Num. of correspondences: 256
Avg. Euclidean Distance (ADD) [cm]: 8.804890152234133
Add Score thres: 0
Add Score thres (xyz direction): 0.0
Add-S Score: 0.3333333333333333
Avg. Euclidean Distance (ADD) ICP: 8.33986654149618
Add Score ICP thres: 8.33986654149618
Add Score ICP thres (xyz direction): 0.0
Add-S Score ICP: 0.6666666666666666
Error [cm]: 5.6708121407173575
Error [deg]: 104.58597234638826
T_gt (Ground Truth Transformation):
[[-8.96250248e-01  4.04150784e-01  1.82750657e-01  3.45445224e-06]
 [ 3.08282018e-01  8.63825798e-01 -3.98456007e-01 -1.45698432e-05]
 [-3.18901032e-01 -3.00777525e-01 -8.98796499e-01  1.13607617e+02]
 [ 0.00000000e+00  0.00000000e+00  0.00000000e+00  1.00000000e+00]]
T_pred (Predicted Transformation):
[[-8.07566206e-02  7.64691056e-01  6.39316790e-01 -3.68809059e+00]
 [ 8.43075069e-01 -2.89749976e-01  4.53066638e-01 -4.14239547e+00]
 [ 5.31698031e-01  5.75580177e-01 -6.21292736e-01  1.11251502e+02]
 [ 0.00000000e+00  0.00000000e+00  0.00000000e+00  1.00000000e+00]]
T_pred_ICP (Predicted Transformation from ICP):
[[ 3.51848034e-02  7.81796606e-01  6.22540036e-01 -3.72408898e+00]
 [ 8.53772999e-01 -3.47296637e-01  3.87887499e-01 -3.77382420e+00]
 [ 5.19455191e-01  5.17860128e-01 -6.79696397e-01  1.11595751e+02]
 [ 0.00000000e+00  0.00000000e+00  0.00000000e+00  1.00000000e+00]]
