Object ID: 12
Inlier ration of P_pred: 0.15160350501537323
Num. of correspondences: 343
Avg. Euclidean Distance (ADD) [cm]: 3.622607952317528
Add Score thres: 0
Add Score thres (xyz direction): 0.3333333333333333
Add-S Score: 1.0
Avg. Euclidean Distance (ADD) ICP: 3.57309679337201
Add Score ICP thres: 3.57309679337201
Add Score ICP thres (xyz direction): 0.3333333333333333
Add-S Score ICP: 1.0
Error [cm]: 1.4496293922321426
Error [deg]: 42.34983181398755
T_gt (Ground Truth Transformation):
[[  0.77015543  -0.62148279   0.14359578 -13.66086578]
 [ -0.48394787  -0.71597666  -0.50316226   7.34723282]
 [  0.41551787   0.31802028  -0.85217857 134.18856201]
 [  0.           0.           0.           1.        ]]
T_pred (Predicted Transformation):
[[ 1.57094160e-01 -9.87508153e-01 -1.22095500e-02 -1.23835676e+01]
 [-7.96969377e-01 -1.19462410e-01 -5.92088292e-01  8.01328552e+00]
 [ 5.83233433e-01  1.02744250e-01 -8.05780604e-01  1.33873364e+02]
 [ 0.00000000e+00  0.00000000e+00  0.00000000e+00  1.00000000e+00]]
T_pred_ICP (Predicted Transformation from ICP):
[[ 1.69862252e-01 -9.85240592e-01 -2.11610913e-02 -1.23797491e+01]
 [-7.99043477e-01 -1.25129128e-01 -5.88109023e-01  7.94390985e+00]
 [ 5.76781013e-01  1.16806155e-01 -8.08504783e-01  1.33865852e+02]
 [ 0.00000000e+00  0.00000000e+00  0.00000000e+00  1.00000000e+00]]
