Object ID: 12
Inlier ration of P_pred: 0.8350785374641418
Num. of correspondences: 382
Avg. Euclidean Distance (ADD) [cm]: 1.8154463760262767
Add Score thres: 0
Add Score thres (xyz direction): 1.0
Add-S Score: 1.0
Avg. Euclidean Distance (ADD) ICP: 1.7005321020892599
Add Score ICP thres: 1.7005321020892599
Add Score ICP thres (xyz direction): 1.0
Add-S Score ICP: 1.0
Error [cm]: 0.45075815057719226
Error [deg]: 20.705294281075815
T_gt (Ground Truth Transformation):
[[  0.62711298  -0.6662125   -0.40359679  31.379245  ]
 [ -0.71806699  -0.29367101  -0.63098162 -24.28508148]
 [  0.3018432    0.68550628  -0.66255009 127.99716797]
 [  0.           0.           0.           1.        ]]
T_pred (Predicted Transformation):
[[ 8.20922618e-01 -5.07957086e-01 -2.60893952e-01  3.12791555e+01]
 [-5.60672351e-01 -6.30316610e-01 -5.36979968e-01 -2.47497900e+01]
 [ 1.08316989e-01  5.87095027e-01 -8.02238655e-01  1.28075600e+02]
 [ 0.00000000e+00  0.00000000e+00  0.00000000e+00  1.00000000e+00]]
T_pred_ICP (Predicted Transformation from ICP):
[[ 8.16104195e-01 -4.99548792e-01 -2.90559715e-01  3.12592017e+01]
 [-5.68742173e-01 -6.05090879e-01 -5.57133170e-01 -2.46664681e+01]
 [ 1.02500168e-01  6.19932281e-01 -7.77931670e-01  1.28205295e+02]
 [ 0.00000000e+00  0.00000000e+00  0.00000000e+00  1.00000000e+00]]
