Object ID: 6
Inlier ration of P_pred: 0.7302839159965515
Num. of correspondences: 634
Avg. Euclidean Distance (ADD) [cm]: 1.955843605792206
Add Score thres: 0
Add Score thres (xyz direction): 0.6666666666666666
Add-S Score: 1.0
Avg. Euclidean Distance (ADD) ICP: 1.5611789388575543
Add Score ICP thres: 1.5611789388575543
Add Score ICP thres (xyz direction): 1.0
Add-S Score ICP: 1.0
Error [cm]: 1.1913523079776451
Error [deg]: 12.722385095443753
T_gt (Ground Truth Transformation):
[[ 6.87184691e-01 -7.17759311e-01  1.12243898e-01 -1.48048981e+01]
 [-6.60005748e-01 -6.81373477e-01 -3.16421360e-01 -2.64181763e+01]
 [ 3.03594410e-01  1.43358305e-01 -9.41954732e-01  1.21169568e+02]
 [ 0.00000000e+00  0.00000000e+00  0.00000000e+00  1.00000000e+00]]
T_pred (Predicted Transformation):
[[ 5.03167128e-01 -8.05192621e-01  3.13827476e-01 -1.62579672e+01]
 [-7.08266765e-01 -5.92303558e-01 -3.84102441e-01 -2.61862158e+01]
 [ 4.95157581e-01 -2.90058492e-02 -8.68318853e-01  1.21377817e+02]
 [ 0.00000000e+00  0.00000000e+00  0.00000000e+00  1.00000000e+00]]
T_pred_ICP (Predicted Transformation from ICP):
[[ 5.69868899e-01 -7.72036535e-01  2.81440984e-01 -1.59643007e+01]
 [-6.70694043e-01 -6.34879013e-01 -3.83533753e-01 -2.62264713e+01]
 [ 4.74783044e-01  2.98031663e-02 -8.79598109e-01  1.21365412e+02]
 [ 0.00000000e+00  0.00000000e+00  0.00000000e+00  1.00000000e+00]]
