Object ID: 8
Inlier ration of P_pred: 0.0
Num. of correspondences: 401
Avg. Euclidean Distance (ADD) [cm]: 15.37551280048139
Add Score thres: 0
Add Score thres (xyz direction): 0.0
Add-S Score: 1.0
Avg. Euclidean Distance (ADD) ICP: 15.358593199231343
Add Score ICP thres: 15.358593199231343
Add Score ICP thres (xyz direction): 0.0
Add-S Score ICP: 1.0
Error [cm]: 9.203275879382526
Error [deg]: 134.1981500288963
T_gt (Ground Truth Transformation):
[[-8.93821001e-01  2.22629040e-01 -3.89256388e-01  4.72161102e+00]
 [ 4.30146962e-01  1.80366054e-01 -8.84557366e-01 -2.19159363e+01]
 [-1.26719490e-01 -9.58073318e-01 -2.56978244e-01  1.81789136e+02]
 [ 0.00000000e+00  0.00000000e+00  0.00000000e+00  1.00000000e+00]]
T_pred (Predicted Transformation):
[[ 5.52750900e-01  6.43752249e-01  5.29197018e-01 -3.23989578e+00]
 [ 8.33246946e-01 -4.17126732e-01 -3.62911581e-01 -2.18697746e+01]
 [-1.28829238e-02  6.41551503e-01 -7.66971772e-01  1.77087714e+02]
 [ 0.00000000e+00  0.00000000e+00  0.00000000e+00  1.00000000e+00]]
T_pred_ICP (Predicted Transformation from ICP):
[[ 5.74512816e-01  6.27214528e-01  5.25867816e-01 -3.18724671e+00]
 [ 8.18455909e-01 -4.33902749e-01 -3.76640850e-01 -2.19924438e+01]
 [-8.05912152e-03  6.46784616e-01 -7.62630127e-01  1.77083352e+02]
 [ 0.00000000e+00  0.00000000e+00  0.00000000e+00  1.00000000e+00]]
