Object ID: 11
Inlier ration of P_pred: 0.3777378797531128
Num. of correspondences: 2785
Avg. Euclidean Distance (ADD) [cm]: 4.216334190738299
Add Score thres: 0
Add Score thres (xyz direction): 0.3333333333333333
Add-S Score: 1.0
Avg. Euclidean Distance (ADD) ICP: 4.125143311874715
Add Score ICP thres: 4.125143311874715
Add Score ICP thres (xyz direction): 0.3333333333333333
Add-S Score ICP: 1.0
Error [cm]: 1.4233136428279198
Error [deg]: 91.66328329408171
T_gt (Ground Truth Transformation):
[[-9.94338632e-01  4.64470945e-02 -9.55710635e-02  1.93205322e+01]
 [ 1.03456937e-01  6.28384829e-01 -7.70992339e-01  3.51753922e+00]
 [ 2.42450628e-02 -7.76514769e-01 -6.29632711e-01  5.43135132e+01]
 [ 0.00000000e+00  0.00000000e+00  0.00000000e+00  1.00000000e+00]]
T_pred (Predicted Transformation):
[[-3.12470740e-03 -8.47933099e-01 -5.30094044e-01  2.06393938e+01]
 [-4.63164977e-01  4.71036407e-01 -7.50734911e-01  3.38098288e+00]
 [ 8.86266574e-01  2.43175169e-01 -3.94204765e-01  5.36296270e+01]
 [ 0.00000000e+00  0.00000000e+00  0.00000000e+00  1.00000000e+00]]
T_pred_ICP (Predicted Transformation from ICP):
[[-1.20384274e-02 -8.60704715e-01 -5.08962149e-01  2.05722793e+01]
 [-4.69697643e-01  4.54216540e-01 -7.57014834e-01  3.46940357e+00]
 [ 8.82745264e-01  2.29945054e-01 -4.09739029e-01  5.36377662e+01]
 [ 0.00000000e+00  0.00000000e+00  0.00000000e+00  1.00000000e+00]]
