Object ID: 8
Inlier ration of P_pred: 0.9157894849777222
Num. of correspondences: 95
Avg. Euclidean Distance (ADD) [cm]: 11.321665495663803
Add Score thres: 0
Add Score thres (xyz direction): 0.0
Add-S Score: 1.0
Avg. Euclidean Distance (ADD) ICP: 11.285294684525727
Add Score ICP thres: 11.285294684525727
Add Score ICP thres (xyz direction): 0.0
Add-S Score ICP: 1.0
Error [cm]: 3.749623658212977
Error [deg]: 176.13253053816698
T_gt (Ground Truth Transformation):
[[-9.69025970e-01 -5.74681833e-02  2.40178749e-01  5.04075146e-01]
 [-2.46858343e-01  2.53078699e-01 -9.35420752e-01  1.31569946e+01]
 [-7.02718226e-03 -9.65737283e-01 -2.59426266e-01  9.57363159e+01]
 [ 0.00000000e+00  0.00000000e+00  0.00000000e+00  1.00000000e+00]]
T_pred (Predicted Transformation):
[[ 0.82822609  0.22674913  0.51247086  3.1051966 ]
 [ 0.49460108 -0.72570517 -0.47824866 15.36763903]
 [ 0.26346028  0.64956666 -0.71319832 94.2606535 ]
 [ 0.          0.          0.          1.        ]]
T_pred_ICP (Predicted Transformation from ICP):
[[ 0.83298344  0.22465393  0.50563741  3.17993854]
 [ 0.49067811 -0.72223741 -0.48745062 15.39343438]
 [ 0.25568256  0.65414351 -0.71184457 94.35872023]
 [ 0.          0.          0.          1.        ]]
