Object ID: 11
Inlier ration of P_pred: 0.0
Num. of correspondences: 66
Avg. Euclidean Distance (ADD) [cm]: 4.930148219986846
Add Score thres: 0
Add Score thres (xyz direction): 0.3333333333333333
Add-S Score: 1.0
Avg. Euclidean Distance (ADD) ICP: 4.7844662480224756
Add Score ICP thres: 4.7844662480224756
Add Score ICP thres (xyz direction): 0.3333333333333333
Add-S Score ICP: 1.0
Error [cm]: 0.9908554617613219
Error [deg]: 117.21488784469133
T_gt (Ground Truth Transformation):
[[ 9.34531868e-01 -3.46633375e-01  8.05948079e-02  2.05833618e+01]
 [-3.25293303e-01 -9.23872650e-01 -2.01602727e-01  7.38486576e-01]
 [ 1.44341573e-01  1.62187219e-01 -9.76145923e-01  1.33550854e+02]
 [ 0.00000000e+00  0.00000000e+00  0.00000000e+00  1.00000000e+00]]
T_pred (Predicted Transformation):
[[-6.98264623e-01 -6.15714106e-01 -3.65133750e-01  2.11699902e+01]
 [-5.01863460e-01  7.84794493e-01 -3.63635354e-01  2.73326968e-01]
 [ 5.10450373e-01 -7.06664161e-02 -8.56998643e-01  1.33062089e+02]
 [ 0.00000000e+00  0.00000000e+00  0.00000000e+00  1.00000000e+00]]
T_pred_ICP (Predicted Transformation from ICP):
[[-6.60287674e-01 -6.78443752e-01 -3.22078039e-01  2.13342655e+01]
 [-5.68661446e-01  7.31780891e-01 -3.75660601e-01  4.14856535e-01]
 [ 4.90555142e-01 -6.48907013e-02 -8.68990708e-01  1.32991210e+02]
 [ 0.00000000e+00  0.00000000e+00  0.00000000e+00  1.00000000e+00]]
