Object ID: 11
Inlier ration of P_pred: 0.0
Num. of correspondences: 270
Avg. Euclidean Distance (ADD) [cm]: 4.934914133947045
Add Score thres: 0
Add Score thres (xyz direction): 0.3333333333333333
Add-S Score: 1.0
Avg. Euclidean Distance (ADD) ICP: 4.825940623665097
Add Score ICP thres: 4.825940623665097
Add Score ICP thres (xyz direction): 0.3333333333333333
Add-S Score ICP: 1.0
Error [cm]: 0.6594812871743914
Error [deg]: 152.18275965290823
T_gt (Ground Truth Transformation):
[[ 6.95597351e-01  6.45129859e-01  3.16151619e-01  4.30994929e-05]
 [ 3.67593944e-01  5.84953167e-02 -9.28145051e-01  2.28410325e-05]
 [-6.17267430e-01  7.61830688e-01 -1.96456641e-01  1.47047205e+02]
 [ 0.00000000e+00  0.00000000e+00  0.00000000e+00  1.00000000e+00]]
T_pred (Predicted Transformation):
[[-8.31014799e-01 -2.24596961e-01  5.08891550e-01 -5.73179885e-01]
 [-5.56246184e-01  3.39058329e-01 -7.58702598e-01  5.40494956e-01]
 [-2.14162075e-03 -9.13562070e-01 -4.06693691e-01  1.46613611e+02]
 [ 0.00000000e+00  0.00000000e+00  0.00000000e+00  1.00000000e+00]]
T_pred_ICP (Predicted Transformation from ICP):
[[-8.59731990e-01 -2.93596362e-01  4.17925929e-01 -3.70557231e-01]
 [-4.89662732e-01  2.41136430e-01 -8.37904309e-01  5.09082822e-01]
 [ 1.45228490e-01 -9.25015891e-01 -3.51075900e-01  1.46851172e+02]
 [ 0.00000000e+00  0.00000000e+00  0.00000000e+00  1.00000000e+00]]
