Object ID: 12
Inlier ration of P_pred: 0.28195488452911377
Num. of correspondences: 798
Avg. Euclidean Distance (ADD) [cm]: 5.933528556733023
Add Score thres: 0
Add Score thres (xyz direction): 0.0
Add-S Score: 1.0
Avg. Euclidean Distance (ADD) ICP: 5.8920286340279215
Add Score ICP thres: 5.8920286340279215
Add Score ICP thres (xyz direction): 0.0
Add-S Score ICP: 1.0
Error [cm]: 2.9902911070795533
Error [deg]: 68.46443032805107
T_gt (Ground Truth Transformation):
[[ 4.00373250e-01 -8.71559381e-01 -2.82994151e-01  1.40235016e+01]
 [-6.15540206e-01 -2.70181149e-02 -7.87642419e-01 -1.00485840e+01]
 [ 6.78831160e-01  4.89545286e-01 -5.47297180e-01  1.11050476e+02]
 [ 0.00000000e+00  0.00000000e+00  0.00000000e+00  1.00000000e+00]]
T_pred (Predicted Transformation):
[[ 9.94088514e-01 -3.56141168e-02  1.02565394e-01  1.14589686e+01]
 [ 3.70304702e-02 -7.76811787e-01 -6.28643135e-01 -1.09692701e+01]
 [ 1.02062577e-01  6.28724965e-01 -7.70900868e-01  1.12108938e+02]
 [ 0.00000000e+00  0.00000000e+00  0.00000000e+00  1.00000000e+00]]
T_pred_ICP (Predicted Transformation from ICP):
[[ 9.95988426e-01 -5.40822977e-02  7.12892733e-02  1.13937801e+01]
 [ 3.20888242e-03 -7.74587740e-01 -6.32458327e-01 -1.09390792e+01]
 [ 8.94245967e-02  6.30149933e-01 -7.71306880e-01  1.12161072e+02]
 [ 0.00000000e+00  0.00000000e+00  0.00000000e+00  1.00000000e+00]]
