Object ID: 5
Inlier ration of P_pred: 0.8148148059844971
Num. of correspondences: 27
Avg. Euclidean Distance (ADD) [cm]: 13.802021750714147
Add Score thres: 0
Add Score thres (xyz direction): 0.0
Add-S Score: 1.0
Avg. Euclidean Distance (ADD) ICP: 13.770028305310662
Add Score ICP thres: 13.770028305310662
Add Score ICP thres (xyz direction): 0.0
Add-S Score ICP: 1.0
Error [cm]: 4.784464351061024
Error [deg]: 179.21068542547357
T_gt (Ground Truth Transformation):
[[-9.25244629e-01 -3.75261754e-01 -5.56879826e-02  1.27004417e+01]
 [-3.68037850e-01  9.23492134e-01 -1.08214758e-01  4.58061981e+00]
 [ 9.20362696e-02 -7.96298310e-02 -9.92566645e-01  1.02042987e+02]
 [ 0.00000000e+00  0.00000000e+00  0.00000000e+00  1.00000000e+00]]
T_pred (Predicted Transformation):
[[ 5.35822093e-01  8.42783039e-01  5.11021929e-02  1.10813621e+01]
 [-8.37134739e-01  5.22396266e-01  1.62196085e-01  2.64497839e+00]
 [ 1.10000515e-01 -1.29687667e-01  9.85434420e-01  9.78684339e+01]
 [ 0.00000000e+00  0.00000000e+00  0.00000000e+00  1.00000000e+00]]
T_pred_ICP (Predicted Transformation from ICP):
[[ 5.36563732e-01  8.41722272e-01  6.00248090e-02  1.10847129e+01]
 [-8.36807294e-01  5.21554614e-01  1.66536295e-01  2.61583878e+00]
 [ 1.08871092e-01 -1.39586534e-01  9.84206627e-01  9.79908080e+01]
 [ 0.00000000e+00  0.00000000e+00  0.00000000e+00  1.00000000e+00]]
