Object ID: 11
Inlier ration of P_pred: 0.01332525722682476
Num. of correspondences: 1651
Avg. Euclidean Distance (ADD) [cm]: 4.193104515997471
Add Score thres: 0
Add Score thres (xyz direction): 0.3333333333333333
Add-S Score: 1.0
Avg. Euclidean Distance (ADD) ICP: 4.096253767964893
Add Score ICP thres: 4.096253767964893
Add Score ICP thres (xyz direction): 0.3333333333333333
Add-S Score ICP: 1.0
Error [cm]: 2.894381266351844
Error [deg]: 31.91147904933134
T_gt (Ground Truth Transformation):
[[-9.10758376e-01 -8.73431638e-02 -4.03596759e-01  2.72243988e+01]
 [ 2.07937330e-01  7.47412026e-01 -6.30981266e-01 -1.41154877e+01]
 [ 3.56764972e-01 -6.58594310e-01 -6.62549853e-01  1.14653662e+02]
 [ 0.00000000e+00  0.00000000e+00  0.00000000e+00  1.00000000e+00]]
T_pred (Predicted Transformation):
[[-9.85088088e-01  1.26377011e-01  1.16748921e-01  2.59696914e+01]
 [-3.27650071e-03  6.64669817e-01 -7.47130042e-01 -1.16802577e+01]
 [-1.72019546e-01 -7.36371432e-01 -6.54344244e-01  1.15622759e+02]
 [ 0.00000000e+00  0.00000000e+00  0.00000000e+00  1.00000000e+00]]
T_pred_ICP (Predicted Transformation from ICP):
[[-9.90085211e-01  1.06939164e-01  9.10784851e-02  2.60107108e+01]
 [ 3.14892046e-03  6.65127158e-01 -7.46723475e-01 -1.16956688e+01]
 [-1.40432758e-01 -7.39033070e-01 -6.58869305e-01  1.15677811e+02]
 [ 0.00000000e+00  0.00000000e+00  0.00000000e+00  1.00000000e+00]]
