Object ID: 5
Inlier ration of P_pred: 0.7747184038162231
Num. of correspondences: 1598
Avg. Euclidean Distance (ADD) [cm]: 2.0227065309426258
Add Score thres: 0
Add Score thres (xyz direction): 1.0
Add-S Score: 1.0
Avg. Euclidean Distance (ADD) ICP: 1.663368599592757
Add Score ICP thres: 1.663368599592757
Add Score ICP thres (xyz direction): 1.0
Add-S Score ICP: 1.0
Error [cm]: 1.0117952787635884
Error [deg]: 17.778469161557307
T_gt (Ground Truth Transformation):
[[-8.52016866e-01  5.23442268e-01  8.71969946e-03  1.25464302e+01]
 [ 3.45543623e-01  5.74804068e-01 -7.41754651e-01  5.74305191e+00]
 [-3.93277794e-01 -6.28974259e-01 -6.70614958e-01  5.06388062e+01]
 [ 0.00000000e+00  0.00000000e+00  0.00000000e+00  1.00000000e+00]]
T_pred (Predicted Transformation):
[[-6.05614965e-01  7.95267834e-01 -2.79210852e-02  1.14261148e+01]
 [ 5.78366962e-01  4.15798379e-01 -7.01857084e-01  6.07505187e+00]
 [-5.46554820e-01 -4.41203786e-01 -7.11770361e-01  5.02655523e+01]
 [ 0.00000000e+00  0.00000000e+00  0.00000000e+00  1.00000000e+00]]
T_pred_ICP (Predicted Transformation from ICP):
[[-6.53737879e-01  7.56192107e-01 -2.82892885e-02  1.17133572e+01]
 [ 5.36720939e-01  4.37000417e-01 -7.21776468e-01  6.15388035e+00]
 [-5.33439237e-01 -4.87036070e-01 -6.91547863e-01  5.02376340e+01]
 [ 0.00000000e+00  0.00000000e+00  0.00000000e+00  1.00000000e+00]]
