Object ID: 6
Inlier ration of P_pred: 0.9823943376541138
Num. of correspondences: 284
Avg. Euclidean Distance (ADD) [cm]: 9.283967002419645
Add Score thres: 0
Add Score thres (xyz direction): 0.0
Add-S Score: 1.0
Avg. Euclidean Distance (ADD) ICP: 9.209150587029777
Add Score ICP thres: 9.209150587029777
Add Score ICP thres (xyz direction): 0.0
Add-S Score ICP: 1.0
Error [cm]: 3.872832876763723
Error [deg]: 158.08601324070986
T_gt (Ground Truth Transformation):
[[-4.87641990e-01 -8.70726109e-01 -6.35735691e-02 -4.23338257e+01]
 [-8.00005019e-01  4.74815965e-01 -3.66799384e-01  1.48163513e+01]
 [ 3.49567533e-01 -1.28007561e-01 -9.28125501e-01  8.25203796e+01]
 [ 0.00000000e+00  0.00000000e+00  0.00000000e+00  1.00000000e+00]]
T_pred (Predicted Transformation):
[[ 2.87175206e-02  4.06290575e-01 -9.13292545e-01 -3.91673729e+01]
 [-3.02830645e-01 -8.67194941e-01 -3.95305621e-01  1.47578956e+01]
 [-9.52611623e-01  2.87925168e-01  9.81335485e-02  8.00636328e+01]
 [ 0.00000000e+00  0.00000000e+00  0.00000000e+00  1.00000000e+00]]
T_pred_ICP (Predicted Transformation from ICP):
[[ 3.49450751e-02  4.62910000e-01 -8.85716192e-01 -3.93225965e+01]
 [-2.37660437e-01 -8.56984001e-01 -4.57270094e-01  1.50180256e+01]
 [-9.70719506e-01  2.26479035e-01  8.00680227e-02  8.00933113e+01]
 [ 0.00000000e+00  0.00000000e+00  0.00000000e+00  1.00000000e+00]]
