Object ID: 8
Inlier ration of P_pred: 0.4271720349788666
Num. of correspondences: 2348
Avg. Euclidean Distance (ADD) [cm]: 20.695344189271104
Add Score thres: 0
Add Score thres (xyz direction): 0.0
Add-S Score: 0.6666666666666666
Avg. Euclidean Distance (ADD) ICP: 20.704712107917338
Add Score ICP thres: 20.704712107917338
Add Score ICP thres (xyz direction): 0.3333333333333333
Add-S Score ICP: 0.6666666666666666
Error [cm]: 18.607825877997122
Error [deg]: 177.7287745679167
T_gt (Ground Truth Transformation):
[[  0.32164866   0.93119234   0.17153202 -43.30767517]
 [  0.90961301  -0.25357309  -0.32909778 -17.65779724]
 [ -0.26295739   0.26188162  -0.92858607 128.60997314]
 [  0.           0.           0.           1.        ]]
T_pred (Predicted Transformation):
[[ 8.04917361e-02  8.88669728e-01  4.51427951e-01 -4.63051318e+01]
 [-9.91680922e-01  2.57568269e-02  1.26117150e-01 -2.55825604e+01]
 [ 1.00449142e-01 -4.57823875e-01  8.83350026e-01  1.12071762e+02]
 [ 0.00000000e+00  0.00000000e+00  0.00000000e+00  1.00000000e+00]]
T_pred_ICP (Predicted Transformation from ICP):
[[ 1.43644005e-01  8.91448705e-01  4.29750633e-01 -4.58395714e+01]
 [-9.73947631e-01  5.03423274e-02  2.21114591e-01 -2.64080520e+01]
 [ 1.75477669e-01 -4.50316397e-01  8.75455727e-01  1.12384261e+02]
 [ 0.00000000e+00  0.00000000e+00  0.00000000e+00  1.00000000e+00]]
