Object ID: 11
Inlier ration of P_pred: 0.6173183917999268
Num. of correspondences: 358
Avg. Euclidean Distance (ADD) [cm]: 6.905829183056204
Add Score thres: 0
Add Score thres (xyz direction): 0.0
Add-S Score: 1.0
Avg. Euclidean Distance (ADD) ICP: 6.434392362358319
Add Score ICP thres: 6.434392362358319
Add Score ICP thres (xyz direction): 0.0
Add-S Score ICP: 1.0
Error [cm]: 4.345038737327646
Error [deg]: 86.99292354379412
T_gt (Ground Truth Transformation):
[[-3.31409991e-01  9.38354969e-01  9.82731506e-02 -8.18665721e-06]
 [ 4.70752776e-01  2.54725307e-01 -8.44693422e-01  1.71810156e-05]
 [-8.17654848e-01 -2.33677387e-01 -5.26151776e-01  1.33069202e+02]
 [ 0.00000000e+00  0.00000000e+00  0.00000000e+00  1.00000000e+00]]
T_pred (Predicted Transformation):
[[ 6.81096930e-01  4.29160658e-01 -5.93235283e-01 -2.02094842e+00]
 [-5.15486420e-01 -2.94334295e-01 -8.04761501e-01  2.80984943e+00]
 [-5.19981464e-01  8.53925321e-01  2.07563063e-02  1.29755466e+02]
 [ 0.00000000e+00  0.00000000e+00  0.00000000e+00  1.00000000e+00]]
T_pred_ICP (Predicted Transformation from ICP):
[[ 6.23632437e-01  6.14648008e-01 -4.83001459e-01 -2.37336763e+00]
 [-4.21835027e-01 -2.55584579e-01 -8.69903289e-01  2.45542558e+00]
 [-6.58132049e-01  7.46246842e-01  9.98892251e-02  1.30382662e+02]
 [ 0.00000000e+00  0.00000000e+00  0.00000000e+00  1.00000000e+00]]
