Object ID: 5
Inlier ration of P_pred: 0.6817073225975037
Num. of correspondences: 820
Avg. Euclidean Distance (ADD) [cm]: 13.689707838702228
Add Score thres: 0
Add Score thres (xyz direction): 0.0
Add-S Score: 1.0
Avg. Euclidean Distance (ADD) ICP: 13.607998214465022
Add Score ICP thres: 13.607998214465022
Add Score ICP thres (xyz direction): 0.0
Add-S Score ICP: 1.0
Error [cm]: 4.392961178329504
Error [deg]: 174.10860122646181
T_gt (Ground Truth Transformation):
[[ 0.96625608 -0.22757061  0.12066837 -5.74077644]
 [-0.09887774 -0.76026964 -0.64203876  1.56186647]
 [ 0.23784959  0.60844243 -0.75711685 44.43667297]
 [ 0.          0.          0.          1.        ]]
T_pred (Predicted Transformation):
[[ 8.80995948e-02  9.87339583e-01 -1.31905305e-01 -5.90211331e+00]
 [-6.67063343e-01  1.56821217e-01  7.28308727e-01 -1.97553658e+00]
 [ 7.39773586e-01  2.38254897e-02  6.72433928e-01  4.15137185e+01]
 [ 0.00000000e+00  0.00000000e+00  0.00000000e+00  1.00000000e+00]]
T_pred_ICP (Predicted Transformation from ICP):
[[ 8.39328419e-02  9.88767451e-01 -1.23669747e-01 -5.86071851e+00]
 [-6.37960409e-01  1.48658525e-01  7.55583985e-01 -1.89926983e+00]
 [ 7.65481413e-01  1.54780914e-02  6.43271820e-01  4.17340340e+01]
 [ 0.00000000e+00  0.00000000e+00  0.00000000e+00  1.00000000e+00]]
