Object ID: 8
Inlier ration of P_pred: 0.12089671194553375
Num. of correspondences: 1249
Avg. Euclidean Distance (ADD) [cm]: 17.34239163714464
Add Score thres: 0
Add Score thres (xyz direction): 0.0
Add-S Score: 1.0
Avg. Euclidean Distance (ADD) ICP: 17.35339793840621
Add Score ICP thres: 17.35339793840621
Add Score ICP thres (xyz direction): 0.0
Add-S Score ICP: 1.0
Error [cm]: 14.70028291619571
Error [deg]: 135.9608763898831
T_gt (Ground Truth Transformation):
[[-2.77033299e-01 -9.55821633e-01  9.82732624e-02  4.33933380e+01]
 [-5.31032443e-01  6.70657307e-02 -8.44693303e-01  1.14644554e+01]
 [ 8.00785363e-01 -2.86194444e-01 -5.26151717e-01  1.19425134e+02]
 [ 0.00000000e+00  0.00000000e+00  0.00000000e+00  1.00000000e+00]]
T_pred (Predicted Transformation):
[[-8.75339007e-01  4.73257075e-01 -9.90422282e-02  3.95773506e+01]
 [ 2.41218713e-01  6.04966652e-01  7.58833897e-01 -2.62824105e+00]
 [ 4.19040756e-01  6.40346071e-01 -6.43709371e-01  1.17756670e+02]
 [ 0.00000000e+00  0.00000000e+00  0.00000000e+00  1.00000000e+00]]
T_pred_ICP (Predicted Transformation from ICP):
[[-8.97548160e-01  4.34290734e-01 -7.61502378e-02  3.94545729e+01]
 [ 2.33831235e-01  6.15265094e-01  7.52842492e-01 -2.58979324e+00]
 [ 3.73805101e-01  6.57906089e-01 -6.53780792e-01  1.17675122e+02]
 [ 0.00000000e+00  0.00000000e+00  0.00000000e+00  1.00000000e+00]]
