Object ID: 12
Inlier ration of P_pred: 1.0
Num. of correspondences: 718
Avg. Euclidean Distance (ADD) [cm]: 0.695354121098069
Add Score thres: 1
Add Score thres (xyz direction): 1.0
Add-S Score: 1.0
Avg. Euclidean Distance (ADD) ICP: 7.906474628234692e-07
Add Score ICP thres: 7.906474628234692e-07
Add Score ICP thres (xyz direction): 1.0
Add-S Score ICP: 1.0
Error [cm]: 1.4913084817943288e-07
Error [deg]: 0.0
T_gt (Ground Truth Transformation):
[[ 2.29815885e-01 -9.55922067e-01  1.82750657e-01 -6.49952240e+00]
 [-8.71552765e-01 -2.85708308e-01 -3.98455560e-01 -1.31874878e+01]
 [ 4.33105767e-01 -6.77053705e-02 -8.98796856e-01  1.22694922e+02]
 [ 0.00000000e+00  0.00000000e+00  0.00000000e+00  1.00000000e+00]]
T_pred (Predicted Transformation):
[[ 3.33602762e-01 -9.20009291e-01  2.05650435e-01 -6.93600799e+00]
 [-8.51968551e-01 -3.87613842e-01 -3.52001560e-01 -1.29553431e+01]
 [ 4.03557661e-01 -5.77790104e-02 -9.13128031e-01  1.22846223e+02]
 [ 0.00000000e+00  0.00000000e+00  0.00000000e+00  1.00000000e+00]]
T_pred_ICP (Predicted Transformation from ICP):
[[ 2.29815990e-01 -9.55921971e-01  1.82750640e-01 -6.49952239e+00]
 [-8.71552674e-01 -2.85708188e-01 -3.98455478e-01 -1.31874877e+01]
 [ 4.33105700e-01 -6.77053687e-02 -8.98796660e-01  1.22694922e+02]
 [ 0.00000000e+00  0.00000000e+00  0.00000000e+00  1.00000000e+00]]
