Object ID: 12
Inlier ration of P_pred: 0.9691992402076721
Num. of correspondences: 487
Avg. Euclidean Distance (ADD) [cm]: 1.1328675802034835
Add Score thres: 1
Add Score thres (xyz direction): 1.0
Add-S Score: 1.0
Avg. Euclidean Distance (ADD) ICP: 1.1218564916746328e-06
Add Score ICP thres: 1.1218564916746328e-06
Add Score ICP thres (xyz direction): 1.0
Add-S Score ICP: 1.0
Error [cm]: 2.0501087549661884e-07
Error [deg]: 0.0
T_gt (Ground Truth Transformation):
[[ 2.74730027e-01 -9.60608542e-01  4.18910049e-02  8.44839554e+00]
 [-7.08996773e-01 -2.31814861e-01 -6.66022420e-01  1.15621376e+01]
 [ 6.49497628e-01  1.53275847e-01 -7.44754910e-01  5.84011108e+01]
 [ 0.00000000e+00  0.00000000e+00  0.00000000e+00  1.00000000e+00]]
T_pred (Predicted Transformation):
[[ 7.09531017e-02 -9.90494214e-01 -1.17842558e-01  8.20405169e+00]
 [-7.37205362e-01  2.75110117e-02 -6.75108434e-01  1.13598198e+01]
 [ 6.71932966e-01  1.34775203e-01 -7.28245655e-01  5.84686788e+01]
 [ 0.00000000e+00  0.00000000e+00  0.00000000e+00  1.00000000e+00]]
T_pred_ICP (Predicted Transformation from ICP):
[[ 2.74730162e-01 -9.60608390e-01  4.18910398e-02  8.44839558e+00]
 [-7.08996717e-01 -2.31814700e-01 -6.66022222e-01  1.15621377e+01]
 [ 6.49497493e-01  1.53275783e-01 -7.44754685e-01  5.84011110e+01]
 [ 0.00000000e+00  0.00000000e+00  0.00000000e+00  1.00000000e+00]]
