Object ID: 11
Inlier ration of P_pred: 0.0
Num. of correspondences: 1331
Avg. Euclidean Distance (ADD) [cm]: 8.937317114043514
Add Score thres: 0
Add Score thres (xyz direction): 0.0
Add-S Score: 1.0
Avg. Euclidean Distance (ADD) ICP: 8.90415823354066
Add Score ICP thres: 8.90415823354066
Add Score ICP thres (xyz direction): 0.0
Add-S Score ICP: 1.0
Error [cm]: 6.964500319592052
Error [deg]: 166.6193495996155
T_gt (Ground Truth Transformation):
[[-8.29900682e-01  5.57285964e-01 -2.64051333e-02  4.22378387e+01]
 [ 5.39240479e-01  7.89087296e-01 -2.94212461e-01  6.27999153e+00]
 [-1.43124521e-01 -2.58405834e-01 -9.55375254e-01  7.34783997e+01]
 [ 0.00000000e+00  0.00000000e+00  0.00000000e+00  1.00000000e+00]]
T_pred (Predicted Transformation):
[[ 0.66234933 -0.65315527 -0.36698986 44.31461716]
 [-0.70571971 -0.37949456 -0.59828385 10.20960885]
 [ 0.25150159  0.65526489 -0.71230252 78.90925133]
 [ 0.          0.          0.          1.        ]]
T_pred_ICP (Predicted Transformation from ICP):
[[ 0.67753338 -0.63019217 -0.37921806 44.20845796]
 [-0.70090494 -0.39697886 -0.59257071 10.26269313]
 [ 0.22289187  0.66728225 -0.71067124 78.84114267]
 [ 0.          0.          0.          1.        ]]
