Object ID: 5
Inlier ration of P_pred: 0.0
Num. of correspondences: 42
Avg. Euclidean Distance (ADD) [cm]: 12.404590234957377
Add Score thres: 0
Add Score thres (xyz direction): 0.0
Add-S Score: 1.0
Avg. Euclidean Distance (ADD) ICP: 12.404308458403856
Add Score ICP thres: 12.404308458403856
Add Score ICP thres (xyz direction): 0.0
Add-S Score ICP: 1.0
Error [cm]: 7.330032618208174
Error [deg]: 140.1848521811409
T_gt (Ground Truth Transformation):
[[ 3.71110708e-01 -9.27489638e-01 -4.51670811e-02 -3.15357117e+01]
 [-8.65120590e-01 -3.27663034e-01 -3.79741818e-01 -5.72482834e+00]
 [ 3.37406963e-01  1.80001259e-01 -9.23989654e-01  5.68628357e+01]
 [ 0.00000000e+00  0.00000000e+00  0.00000000e+00  1.00000000e+00]]
T_pred (Predicted Transformation):
[[  0.81062646   0.19739481   0.55128943 -30.79768919]
 [  0.34332697   0.60244497  -0.72054608  -5.42952167]
 [ -0.4743536    0.77336625   0.42058687  64.15212367]
 [  0.           0.           0.           1.        ]]
T_pred_ICP (Predicted Transformation from ICP):
[[  0.81222277   0.19754821   0.54887966 -30.79742783]
 [  0.34067339   0.60316005  -0.72120704  -5.43060373]
 [ -0.47353544   0.77276948   0.4226009   64.14965578]
 [  0.           0.           0.           1.        ]]
