Object ID: 6
Inlier ration of P_pred: 0.32937684655189514
Num. of correspondences: 674
Avg. Euclidean Distance (ADD) [cm]: 7.608288899599837
Add Score thres: 0
Add Score thres (xyz direction): 0.0
Add-S Score: 1.0
Avg. Euclidean Distance (ADD) ICP: 7.549167447181993
Add Score ICP thres: 7.549167447181993
Add Score ICP thres (xyz direction): 0.0
Add-S Score ICP: 1.0
Error [cm]: 3.415210074779218
Error [deg]: 172.02770850851138
T_gt (Ground Truth Transformation):
[[-7.77664334e-02  9.39957261e-01 -3.32314044e-01  4.18968018e+01]
 [ 8.62083793e-01 -1.04023829e-01 -4.95974302e-01  6.33850708e+00]
 [-5.00763237e-01 -3.25052738e-01 -8.02232325e-01  1.14702771e+02]
 [ 0.00000000e+00  0.00000000e+00  0.00000000e+00  1.00000000e+00]]
T_pred (Predicted Transformation):
[[-2.29224462e-02 -9.72292677e-01  2.32640304e-01  4.32133918e+01]
 [-5.14495056e-01 -1.88048312e-01 -8.36619788e-01  9.01341845e+00]
 [ 8.57186910e-01 -1.38869658e-01 -4.95929248e-01  1.12785761e+02]
 [ 0.00000000e+00  0.00000000e+00  0.00000000e+00  1.00000000e+00]]
T_pred_ICP (Predicted Transformation from ICP):
[[-3.81315588e-02 -9.72720896e-01  2.28823167e-01  4.31681906e+01]
 [-5.18028081e-01 -1.76574802e-01 -8.36939811e-01  8.91305141e+00]
 [ 8.54513249e-01 -1.50450646e-01 -4.97163666e-01  1.12853730e+02]
 [ 0.00000000e+00  0.00000000e+00  0.00000000e+00  1.00000000e+00]]
