Object ID: 5
Inlier ration of P_pred: 0.798561155796051
Num. of correspondences: 973
Avg. Euclidean Distance (ADD) [cm]: 5.804244292403391
Add Score thres: 0
Add Score thres (xyz direction): 0.3333333333333333
Add-S Score: 1.0
Avg. Euclidean Distance (ADD) ICP: 5.808834474400432
Add Score ICP thres: 5.808834474400432
Add Score ICP thres (xyz direction): 0.0
Add-S Score ICP: 1.0
Error [cm]: 0.8915406045004539
Error [deg]: 71.90598578698344
T_gt (Ground Truth Transformation):
[[-9.09915805e-01  2.71140218e-01 -3.13904703e-01  1.11791298e+01]
 [ 4.05391365e-01  7.41519451e-01 -5.34608960e-01 -8.35896759e+00]
 [ 8.78124610e-02 -6.13703370e-01 -7.84638166e-01  9.34226868e+01]
 [ 0.00000000e+00  0.00000000e+00  0.00000000e+00  1.00000000e+00]]
T_pred (Predicted Transformation):
[[-4.66377644e-03  9.42907936e-01 -3.33020829e-01  1.10424807e+01]
 [ 8.81099563e-01 -1.53616851e-01 -4.47286735e-01 -7.72300530e+00]
 [-4.72907824e-01 -2.95510552e-01 -8.30079336e-01  9.30363108e+01]
 [ 0.00000000e+00  0.00000000e+00  0.00000000e+00  1.00000000e+00]]
T_pred_ICP (Predicted Transformation from ICP):
[[-2.48508460e-02  9.48886947e-01 -3.14636293e-01  1.06405985e+01]
 [ 8.30783467e-01 -1.55456182e-01 -5.34445700e-01 -7.68744763e+00]
 [-5.56040706e-01 -2.74676058e-01 -7.84456370e-01  9.31905454e+01]
 [ 0.00000000e+00  0.00000000e+00  0.00000000e+00  1.00000000e+00]]
