Object ID: 11
Inlier ration of P_pred: 0.3481561839580536
Num. of correspondences: 3688
Avg. Euclidean Distance (ADD) [cm]: 7.162547753136115
Add Score thres: 0
Add Score thres (xyz direction): 0.3333333333333333
Add-S Score: 0.6666666666666666
Avg. Euclidean Distance (ADD) ICP: 7.26842809189489
Add Score ICP thres: 7.26842809189489
Add Score ICP thres (xyz direction): 0.3333333333333333
Add-S Score ICP: 0.6666666666666666
Error [cm]: 5.455697949092471
Error [deg]: 72.8441645093988
T_gt (Ground Truth Transformation):
[[ 0.37300858  0.9194501   0.12440275  0.40657868]
 [ 0.85150331 -0.28597885 -0.43949753 19.73525543]
 [-0.36851948  0.26986569 -0.8895874  66.42481689]
 [ 0.          0.          0.          1.        ]]
T_pred (Predicted Transformation):
[[ 6.93264357e-01 -1.39341731e-02  7.20548659e-01 -4.53492736e+00]
 [ 4.56652831e-01 -7.64991232e-01 -4.54154827e-01  2.03592878e+01]
 [ 5.57541678e-01  6.43889940e-01 -5.23978075e-01  6.42391679e+01]
 [ 0.00000000e+00  0.00000000e+00  0.00000000e+00  1.00000000e+00]]
T_pred_ICP (Predicted Transformation from ICP):
[[ 6.56383872e-01  6.73938197e-03  7.54396973e-01 -4.51735733e+00]
 [ 5.04211964e-01 -7.47747258e-01 -4.32023534e-01  2.01815811e+01]
 [ 5.61186696e-01  6.63949260e-01 -4.94207317e-01  6.41182420e+01]
 [ 0.00000000e+00  0.00000000e+00  0.00000000e+00  1.00000000e+00]]
